"pixel","ssp","gcm","year","summer_drought_stress_risk","summer_insect_risk","summer_disease_risk","pad","actual_chill","winter_mean_temp","spring_pollinator","spring_disease_risk","spring_frost_risk","fruit_frost_risk","fruit_drought_stress_risk","fruit_hail_risk","fruit_sunburn_risk","fruit_insect_risk","fruit_disease_risk","fruit_snail_risk","harvest_frost_risk","harvest_heat_risk","harvest_hail_risk","harvest_rain_risk","harvest_fly_risk","summer_mean_temp","spring_mean_temp","fruit_mean_temp","harvest_mean_temp","id"
"p330","historic","historic","2000",0.16,0,0,29,88.44,4.7625,0.0667,0,1,0,0,0,0,0,0,0,0,0,0,0,0.1,12.9305,4.8513,9.3027,12.7126,1
"p330","historic","historic","2000",0.1,0.1,0,29,95.59,5.014,0.05,0,0.45,0,0.13,0,0,0,0,0,0,0,0,0,0.1,12.7707,5.8909,10.9895,14.0036,2
"p330","historic","historic","2000",0.1,0,0,20,96.62,4.8142,0.1167,0,1,0,0.26,0,0,0,0,0,0,0,0,0,0.2,12.3829,4.8985,13.7867,13.7242,3
"p330","historic","historic","2000",0.31,0,0,8,98.08,4.7617,0.1333,0,0.4,0.1,0.08,0,0,0,0,0.2,0,0,0,0,0.1,11.3214,6.7217,9.0277,13.1088,4
"p330","historic","historic","2000",0.21,0,0,32,94.59,4.9095,0.0667,0,0.85,0.05,0.09,0,0,0,0,0,0,0,0,0,0.05,12.9593,5.553,12.4055,12.6154,5
"p330","historic","historic","2000",0.26,0,0,16,106.79,5.0185,0.0667,0,0.85,0.15,0,0,0,0,0,0,0,0,0,0,0.05,11.8916,5.2443,7.1883,12.5276,6
"p330","historic","historic","2000",0.2,0,0,31,82.58,4.8197,0.0167,0,1,0.05,0.12,0,0,0,0,0,0,0,0,0,0,12.7843,4.6788,9.0055,10.7594,7
"p330","historic","historic","2000",0.34,0,0,26,99.63,4.9592,0.0667,0,0.7,0,0.06,0,0,0,0,0,0,0,0,0,0.35,11.5208,5.5908,10.1675,17.0345,8
"p330","historic","historic","2000",0.41,0,0,27,72.78,4.2579,0.05,0,1,0,0.1,0,0,0,0,0,0,0,0,0,0.05,14.0711,3.1968,12.3957,12.8974,9
"p330","historic","historic","2000",0.29,0,0,42,90.87,5.0637,0.15,0,1,0.1,0.16,0,0,0,0,0,0,0,0,0,0.05,13.4454,4.1812,12.0262,12.9733,10
"p330","historic","historic","2000",0.13,0.1,0,26,79.43,4.8375,0.0833,0,0.5,0,0.14,0,0,0,0,0,0,0,0,0,0,14.1479,6.6168,13.0118,13.4135,11
"p330","historic","historic","2000",0.24,0,0,7,94.49,4.7923,0.0167,0,1,0,0,0,0,0,0,0,0,0,0,0,0.05,10.2682,5.2332,10.4605,14.8538,12
"p330","historic","historic","2000",0.24,0.1,0,40,86.75,4.9581,0.2833,0,0.5,0,0.1,0,0,0,0,0,0,0,0,0,0.05,13.6277,7.5841,13.2202,12.0635,13
"p330","historic","historic","2000",0.27,0,0,15,91.04,5.1932,0.2,0,0.55,0,0.12,0,0,0,0,0.15,0,0,0,0.15,0.05,11.6526,7.5245,12.4463,13.1368,14
"p330","historic","historic","2000",0.1,0,0,27,93.3,4.8619,0.0833,0,0.85,0,0.05,0,0,0,0,0.1,0,0,0,0,0.25,12.2691,5.6293,11.9403,16.2827,15
"p330","historic","historic","2000",0.17,0,0,13,98.64,4.8153,0.0667,0,0.85,0,0.12,0,0,0,0,0.1,0,0,0,0.15,0.55,11.9131,5.2777,13.4728,14.2748,16
"p330","historic","historic","2000",0.13,0,0,27,84.83,4.7666,0.1333,0,0.35,0,0.11,0,0,0,0,0,0,0,0,0,0.35,12.0092,6.7901,13.708,13.2457,17
"p330","historic","historic","2000",0.18,0,0,25,70.44,4.6076,0.0167,0,1,0.05,0,0,0,0,0,0,0,0,0,0,0,11.1354,2.6452,7.6668,12.0156,18
"p330","historic","historic","2000",0.32,0.1,0,23,84.98,4.5058,0.05,0,1,0.05,0.07,0,0,0,0,0,0,0,0,0,0.05,12.2572,3.794,8.8868,12.8,19
"p330","historic","historic","2000",0.17,0,0,30,93.91,5.2525,0.05,0,1,0,0,0,0,0,0,0,0,0,0,0,0.3,13.5062,3.9201,11.301,15.6159,20
"p330","historic","historic","2000",0.2,0,0,32,81.95,4.4214,0.1,0,0.8,0,0.07,0,0,0,0,0.1,0,0,0,0,0.2,13.381,4.9449,11.5917,14.6266,21
"p330","historic","historic","2000",0.16,0,0,13,84.74,4.6729,0.1,0,0.55,0,0.06,0,0,0,0,0,0,0,0,0,0.05,10.615,6.7025,14.3003,15.8609,22
"p330","historic","historic","2000",0.15,0,0,19,98.24,4.6985,0.15,0,0.75,0.05,0.06,0,0,0,0,0,0,0,0,0,0.05,11.7951,6.7456,8.4243,11.2215,23
"p330","historic","historic","2000",0.42,0,0,10,82.13,4.2932,0.0167,0,1,0,0,0,0,0,0,0,0,0,0,0.15,0.1,11.7873,4.3067,10.7873,15.253,24
"p330","historic","historic","2000",0.16,0,0,24,93.88,4.9748,0.0667,0,1,0.05,0,0,0,0,0,0,0,0,0,0,0,12.4424,4.885,8.9212,12.314,25
"p330","historic","historic","2000",0.25,0.15,0,38,95.97,4.7256,0.0833,0,1,0,0.06,0,0,0,0,0,0,0,0,0,0.1,14.0576,4.6117,12.7237,13.4635,26
"p330","historic","historic","2000",0.32,0,0,25,73.73,4.8702,0.0333,0,1,0,0.11,0,0,0,0,0,0,0,0,0,0.2,11.0579,4.0563,13.365,15.3908,27
"p330","historic","historic","2000",0,0,0,17,96.02,4.8076,0.1333,0,0.6,0.05,0.05,0,0,0,0,0.15,0,0,0,0,0.05,11.3607,6.8917,9.1868,13.3352,28
"p330","historic","historic","2000",0.22,0,0,23,92.24,4.9252,0.0167,0,0.85,0.05,0,0,0,0,0,0,0,0,0,0,0.05,12.7435,4.7856,10.5262,11.7184,29
"p330","historic","historic","2000",0.32,0,0,7,97.21,4.8452,0.0333,0,1,0,0.12,0,0,0,0,0,0,0,0,0,0.1,11.231,1.4164,11.7713,14.2492,30
"p330","historic","historic","2000",0.22,0,0,19,99.2,4.8578,0.0667,0,1,0,0.05,0,0,0,0,0,0,0,0,0.15,0,12.212,2.7879,12.2635,10.3836,31
"p330","historic","historic","2000",0.47,0,0,36,85.13,4.9332,0.0167,0,0.9,0.1,0.12,0,0,0,0,0,0,0,0,0,0.05,13.382,5.0336,7.4922,12.4227,32
"p330","historic","historic","2000",0.32,0,0,23,94.15,5.0746,0.0833,0,1,0,0,0,0,0,0,0.15,0,0,0,0,0.1,12.5104,5.8843,14.2683,13.4737,33
"p330","historic","historic","2000",0.22,0,0,22,83.75,4.8443,0.1333,0,0.65,0,0.12,0,0,0,0,0,0,0,0.05,0.15,0.25,11.7614,7.2224,12.0915,14.4868,34
"p330","historic","historic","2000",0.42,0,0,22,84.85,5.0365,0.0833,0,0.95,0.05,0.06,0,0,0,0,0,0,0,0,0,0.5,12.4808,5.0515,8.4912,13.4676,35
"p330","historic","historic","2000",0.39,0.2,0,34,96.32,5.0889,0.0667,0,1,0,0.12,0,0,0,0,0,0,0,0,0,0,12.9857,4.9041,10.8573,9.1432,36
"p330","historic","historic","2000",0.25,0,0,27,77.39,4.6568,0.15,0,1,0,0.07,0,0,0,0,0.25,0,0,0,0,0.05,11.9151,5.9325,12.8847,13.3051,37
"p330","historic","historic","2000",0.15,0,0,21,80.63,4.1269,0.0167,0,1,0.05,0.06,0,0,0,0,0,0,0,0,0,0.15,11.4812,2.6024,11.3478,15.0164,38
"p330","historic","historic","2000",0.27,0.1,0,25,82.82,4.5576,0.0167,0,1,0.05,0.05,0,0,0,0,0,0,0,0,0,0.2,12.368,0.3012,14.0975,15.1483,39
"p330","historic","historic","2000",0.33,0,0,13,95.56,4.965,0.0833,0,0.65,0,0.21,0,0,0,0,0,0,0,0,0,0.2,11.0547,6.0953,14.3257,13.9271,40
"p330","historic","historic","2000",0.34,0,0,32,64.37,4.7245,0.1,0,1,0,0.05,0,0,0,0,0,0,0,0,0,0.3,13.6051,5.1339,9.0475,14.2379,41
"p330","historic","historic","2000",0.16,0,0,17,84.54,4.8577,0.1167,0,1,0.05,0,0,0,0,0,0,0,0.05,0,0,0.1,12.1393,4.9248,11.422,13.0147,42
"p330","historic","historic","2000",0.16,0.1,0,25,87.37,4.5463,0.1,0,1,0.05,0,0,0,0,0,0,0,0,0,0,0,11.5908,4.1707,9.0655,13.1405,43
"p330","historic","historic","2000",0.29,0,0,34,90.1,5.0114,0.05,0,0.95,0.05,0.07,0,0,0,0,0,0,0,0,0,0,13.9949,5.6068,9.9205,11.1703,44
"p330","historic","historic","2000",0.15,0,0,19,95.43,4.7542,0.0333,0,1,0,0.06,0,0,0,0,0,0.05,0,0,0,0.1,10.4558,1.6589,11.0225,11.0938,45
"p330","historic","historic","2000",0.23,0,0,30,87.91,5.0679,0.0667,0,0.55,0.05,0.05,0,0,0,0,0,0,0,0,0,0.05,12.2597,5.8742,8.2525,12.3082,46
"p330","historic","historic","2000",0.38,0,0,28,77.79,4.9772,0.2333,0,0.95,0,0.07,0,0,0,0,0.1,0,0,0,0,0.05,12.5705,7.2794,10.8472,12.6889,47
"p330","historic","historic","2000",0.19,0,0,28,98.21,5.1381,0.0667,0,0.45,0,0.05,0,0,0,0,0,0,0,0,0,0.25,12.1488,5.9003,9.9552,14.2839,48
"p330","historic","historic","2000",0.2,0,0.15,17,98.56,5.0123,0.0667,0,0.55,0,0.17,0,0,0,0,0.1,0,0,0,0,0.05,12.4014,6.2312,11.725,12.8053,49
"p330","historic","historic","2000",0.11,0,0,16,78.73,4.7803,0.1,0,1,0.05,0.17,0,0,0,0,0,0,0,0,0,0.4,12.0793,0.0106,10.257,16.0655,50
"p330","historic","historic","2000",0.44,0,0,17,88.12,4.616,0,0,1,0,0.1,0,0,0,0,0,0,0,0,0,0.1,11.5469,2.0948,12.705,14.3858,51
"p330","historic","historic","2000",0.12,0,0,13,78.8,4.605,0.0167,0,1,0,0.05,0,0,0,0,0,0,0,0,0,0,10.9765,2.9129,11.0088,11.1679,52
"p330","historic","historic","2000",0.11,0,0,21,86.69,4.2044,0.1167,0,1,0,0.17,0,0,0,0,0.25,0,0,0,0.15,0,12.6461,2.6738,13.7128,13.9421,53
"p330","historic","historic","2000",0.29,0.1,0,18,86.93,4.4709,0,0,1,0.05,0.06,0,0,0,0,0,0,0,0,0,0.1,11.2065,0.9536,9.3548,14.4776,54
"p330","historic","historic","2000",0.46,0,0,18,83.21,4.7631,0.0833,0,1,0,0.1,0,0,0,0,0,0,0,0,0.15,0.15,12.9024,6.5583,12.2763,12.7939,55
"p330","historic","historic","2000",0.23,0,0,21,84.3,4.9031,0.1,0,1,0,0.07,0,0,0,0,0,0,0,0.05,0,0.1,12.9937,5.1222,10.5187,15.2882,56
"p330","historic","historic","2000",0.12,0,0,26,91.9,4.813,0.15,0,0.35,0.05,0.06,0,0,0,0,0,0,0,0,0,0.15,12.1204,8.399,8.1622,13.2346,57
"p330","historic","historic","2000",0.38,0,0,9,101.38,5.0827,0.0833,0,1,0,0.07,0,0,0,0,0,0,0,0,0.15,0.3,10.3015,5.3954,15.7007,13.4279,58
"p330","historic","historic","2000",0.17,0,0,24,87.55,4.7043,0.05,0,1,0,0.08,0,0,0,0,0,0,0,0,0,0.1,12.5558,4.0106,10.6797,14.4402,59
"p330","historic","historic","2000",0.38,0.25,0,40,93.06,4.7203,0.0667,0,1,0,0.1,0,0,0,0,0,0,0,0,0.15,0.2,12.5558,2.8944,10.8138,14.7244,60
"p330","historic","historic","2000",0.37,0.1,0,30,76.57,5.2283,0.0833,0,1,0.1,0.15,0,0,0,0,0,0,0,0,0,0.05,13.322,4.7618,10.3302,12.4357,61
"p330","historic","historic","2000",0.28,0,0,18,95.81,5.0971,0.1667,0,0.45,0.3,0.09,0,0,0,0,0,0,0,0,0,0,11.2918,7.2802,10.907,10.1052,62
"p330","historic","historic","2000",0.33,0,0,6,84.61,4.9477,0.05,0,1,0,0.05,0,0,0,0,0.1,0,0,0,0,0.15,8.6291,4.0048,12.4373,14.2097,63
"p330","historic","historic","2000",0.41,0,0,11,91.81,5.0075,0.0833,0,0.3,0,0.06,0,0,0,0,0,0,0,0,0,0.15,9.7886,6.4976,10.65,14.5089,64
"p330","historic","historic","2000",0.15,0,0,25,100.06,4.5529,0.1167,0,0.85,0,0,0,0,0,0,0,0,0.05,0,0,0.2,11.7745,5.2599,9.6282,18.0619,65
"p330","historic","historic","2000",0.16,0,0,13,97.19,5.0346,0.05,0,1,0,0,0,0,0,0,0.2,0,0,0,0,0.15,11.5841,4.357,13.6845,15.863,66
"p330","historic","historic","2000",0.38,0,0,25,88.52,4.5117,0.05,0,0.7,0,0.13,0,0,0,0,0,0,0,0,0,0.1,11.9753,5.0809,10.8123,14.5258,67
"p330","historic","historic","2000",0.14,0,0.1,23,93.61,4.9433,0.0833,0,1,0.05,0.12,0,0,0,0,0,0,0,0,0,0,12.9228,4.1719,8.6222,15.0421,68
"p330","historic","historic","2000",0.29,0,0,27,93.9,4.625,0.0833,0,0.65,0.15,0.07,0,0,0,0,0,0,0,0,0,0.25,12.0288,6.4746,10.9328,15.8924,69
"p330","historic","historic","2000",0.51,0,0,33,92.22,4.8087,0.1667,0,1,0,0.14,0,0,0,0,0,0,0,0,0,0,13.8633,5.4313,11.462,13.5508,70
"p330","historic","historic","2000",0.22,0,0.1,14,75.67,4.665,0.1167,0,1,0.15,0.12,0,0,0,0,0,0,0,0,0,0.15,11.628,3.7945,10.132,12.6424,71
"p330","historic","historic","2000",0.23,0,0,26,97.56,4.4156,0.05,0,0.7,0,0,0,0,0,0,0,0,0,0,0,0.25,12.1993,5.9086,9.0083,14.8315,72
"p330","historic","historic","2000",0.19,0,0,24,92.48,4.9354,0.0167,0,1,0,0.13,0,0,0,0,0,0,0,0,0,0.4,13.0568,3.005,12.9468,16.0254,73
"p330","historic","historic","2000",0.33,0.1,0,32,93.36,4.7561,0.1333,0,0.55,0,0.12,0,0,0,0,0,0,0,0,0.15,0.05,13.6178,6.8855,11.9402,15.4739,74
"p330","historic","historic","2000",0.3,0,0,25,92.41,4.6672,0.1,0,0.6,0,0.12,0,0,0,0,0.1,0,0,0,0,0,12.2716,6.3518,12.0132,12.0114,75
"p330","historic","historic","2000",0.17,0,0,9,97.64,5.2746,0.1167,0,0.65,0,0.05,0,0,0,0,0,0,0,0,0,0,11.6537,5.3476,12.3478,12.8062,76
"p330","historic","historic","2000",0.2,0,0,31,85.98,4.7875,0.15,0,1,0,0.06,0,0,0,0,0,0,0,0,0,0.1,12.9494,5.2984,11.183,12.7216,77
"p330","historic","historic","2000",0.43,0,0,31,77.3,4.7142,0.0167,0,0.8,0,0.1,0,0,0,0,0,0,0,0,0,0.3,12.778,4.9558,11.2627,14.3815,78
"p330","historic","historic","2000",0.43,0,0,10,74.52,4.4552,0.0833,0,1,0.05,0,0,0,0,0,0.15,0,0,0,0,0.3,10.6084,5.1226,10.5708,15.1159,79
"p330","historic","historic","2000",0.24,0,0,24,77.81,4.8026,0.2333,0,0.3,0.05,0.17,0,0,0,0,0,0,0,0,0,0.3,12.7259,7.9563,10.5857,13.0035,80
"p330","historic","historic","2000",0.24,0,0,32,92.53,4.5416,0.1333,0,0.35,0.05,0.05,0,0,0,0,0,0,0,0,0,0.4,13.4901,7.8899,11.239,12.5303,81
"p330","historic","historic","2000",0.22,0.1,0,34,81.2,4.8715,0.0667,0,1,0.05,0.05,0,0,0,0,0,0,0,0,0,0.1,13.8607,2.7264,9.6538,15.5352,82
"p330","historic","historic","2000",0.31,0,0,15,100.18,4.9573,0.0833,0,1,0.05,0.1,0,0,0,0,0,0,0.05,0.05,0,0.1,11.8533,4.1478,10.053,14.0974,83
"p330","historic","historic","2000",0.29,0,0,18,86.99,5.1083,0.1333,0,0.9,0.05,0.05,0,0,0,0,0,0,0,0,0.15,0.3,10.4097,5.4793,8.4545,15.8359,84
"p330","historic","historic","2000",0.22,0.5,0,37,93.2,4.8113,0.0667,0,1,0.1,0.06,0,0,0,0,0,0,0,0,0,0.05,13.0624,3.8809,12.6728,13.4187,85
"p330","historic","historic","2000",0.27,0.1,0,26,83.66,4.6897,0.0833,0,1,0,0.14,0,0,0,0,0,0,0,0,0,0.05,12.8956,4.1649,11.553,13.9502,86
"p330","historic","historic","2000",0.36,0,0,21,89.23,5.0887,0.1167,0,1,0,0.09,0,0,0,0,0,0,0,0,0.15,0.4,12.0863,4.2337,11.9423,14.6011,87
"p330","historic","historic","2000",0.34,0,0,37,96.74,4.7997,0.1,0,0.55,0,0.1,0,0,0,0,0,0,0,0,0,0.1,13.5334,6.1476,11.4577,13.9461,88
"p330","historic","historic","2000",0.28,0,0,11,97.7,5.2509,0.0833,0,0.95,0,0.11,0,0,0,0,0,0,0,0,0,0,11.7737,5.5567,10.366,12.7222,89
"p330","historic","historic","2000",0.13,0,0,7,84.44,4.7844,0.0333,0,1,0.05,0.06,0,0,0,0,0,0,0,0,0,0,10.524,2.1494,10.65,12.4598,90
"p330","historic","historic","2000",0.21,0,0,28,89.28,4.8774,0.0167,0,1,0.05,0.06,0,0,0,0,0,0,0,0,0,0.15,12.6516,4.3618,11.5618,11.0147,91
"p330","historic","historic","2000",0.18,0,0,8,82.09,4.7013,0.0667,0,1,0,0.16,0,0,0,0,0,0.05,0,0,0,0.3,10.4098,4.453,10.681,14.2503,92
"p330","historic","historic","2000",0.06,0,0,15,87.19,5.2304,0.3,0,0.85,0,0.1,0,0,0,0,0,0,0,0,0,0,10.7703,7.6018,9.7047,12.3481,93
"p330","historic","historic","2000",0.27,0,0,36,90.88,4.6998,0.0333,0,0.7,0,0.09,0,0,0,0,0,0,0,0,0,0,13.0585,5.0776,9.7352,11.9521,94
"p330","historic","historic","2000",0,0,0,16,93.86,4.8873,0.1167,0,1,0,0.13,0,0,0,0,0,0,0,0,0.45,0.05,12.3022,6.5204,12.6137,14.2192,95
"p330","historic","historic","2000",0.32,0,0,41,97.39,4.8478,0.05,0,1,0,0.11,0,0,0,0,0,0,0,0,0,0.1,13.851,2.8278,13.518,14.9661,96
"p330","historic","historic","2000",0.13,0,0,18,91.67,4.8437,0.1167,0,1,0,0.08,0,0,0,0,0.1,0,0,0,0,0.1,12.918,3.6694,14.121,12.5319,97
"p330","historic","historic","2000",0.26,0,0,25,94.99,4.8664,0.1833,0,0.65,0,0.15,0,0,0,0,0,0,0,0,0,0,11.5593,6.4832,11.8053,10.6058,98
"p330","historic","historic","2000",0.27,0,0,21,75.81,4.543,0.0833,0,0.95,0.05,0,0,0,0,0,0,0,0,0,0,0.05,13.3546,5.7667,8.3043,14.1473,99
"p330","historic","historic","2000",0.3,0,0,35,89.23,4.8147,0.0167,0,0.8,0,0.1,0,0,0,0,0,0,0,0,0,0.05,14.1181,4.6849,10.5517,10.9118,100
"p330","historic","historic","2010",0.16,0,0,29,89.45,4.8297,0.0833,0,1,0,0,0,0,0,0,0,0,0,0,0,0.1,13.0738,5.1019,9.3618,13.1634,101
"p330","historic","historic","2010",0.1,0.1,0,30,97.29,5.0816,0.0667,0,0.45,0,0.13,0,0,0,0,0,0,0,0,0,0.15,12.9131,6.1373,11.0508,14.4461,102
"p330","historic","historic","2010",0.1,0,0,21,97.45,4.8938,0.1333,0,1,0,0.26,0,0,0,0,0,0,0,0,0,0.2,12.5251,5.1422,13.8483,14.1633,103
"p330","historic","historic","2010",0.31,0,0,9,98.59,4.8523,0.1667,0,0.45,0.1,0.08,0,0,0,0,0.2,0,0,0,0,0.1,11.4632,6.9602,9.095,13.5418,104
"p330","historic","historic","2010",0.21,0,0,32,94.59,4.9974,0.0667,0,0.75,0.05,0.09,0,0,0,0,0,0,0,0,0,0.1,13.103,5.8036,12.4648,13.0657,105
"p330","historic","historic","2010",0.26,0,0,19,106.29,5.086,0.0833,0,0.8,0.15,0,0,0,0,0,0,0,0,0,0,0.1,12.0343,5.4918,7.2492,12.9702,106
"p330","historic","historic","2010",0.2,0,0,31,81.09,4.9044,0.0167,0,1,0.05,0.12,0,0,0,0,0,0,0,0,0,0,12.9266,4.9229,9.0672,11.1985,107
"p330","historic","historic","2010",0.34,0,0,26,97.74,5.0419,0.0833,0,0.7,0,0.06,0,0,0,0,0,0,0,0,0,0.35,11.6624,5.8295,10.2353,17.468,108
"p330","historic","historic","2010",0.41,0,0,28,72.36,4.3269,0.0667,0,1,0,0.1,0,0,0,0,0,0,0,0,0,0.05,14.2147,3.447,12.4537,13.3479,109
"p330","historic","historic","2010",0.29,0,0,41,91.12,5.1558,0.2,0,1,0.1,0.16,0,0,0,0,0,0,0,0,0,0.05,13.5887,4.4297,12.0867,13.4165,110
"p330","historic","historic","2010",0.13,0.15,0,26,80.61,4.9066,0.1,0,0.55,0,0.14,0,0,0,0,0,0,0,0,0,0,14.2903,6.8627,13.0732,13.8541,111
"p330","historic","historic","2010",0.24,0,0,6,95.75,4.8703,0.0167,0,1,0,0,0,0,0,0,0,0,0,0,0,0.05,10.4102,5.4727,10.527,15.2879,112
"p330","historic","historic","2010",0.24,0.1,0,40,88.08,5.0237,0.2833,0,0.45,0,0.1,0,0,0,0,0,0,0,0,0,0.1,13.7713,7.8359,13.2785,12.5149,113
"p330","historic","historic","2010",0.26,0,0,16,91.1,5.2749,0.2167,0,0.5,0,0.12,0,0,0,0,0.15,0,0,0,0,0.1,11.7962,7.7731,12.5065,13.5809,114
"p330","historic","historic","2010",0.1,0,0,27,93.88,4.937,0.0833,0,0.7,0,0.05,0,0,0,0,0.1,0,0,0,0,0.3,12.4115,5.8757,12.0003,16.723,115
"p330","historic","historic","2010",0.11,0,0,16,98.09,4.8849,0.1,0,0.95,0,0.12,0,0,0,0,0.2,0,0,0,0,0.65,12.0553,5.5177,13.5393,14.71,116
"p330","historic","historic","2010",0.13,0,0,28,84.69,4.8283,0.15,0,0.45,0,0.11,0,0,0,0,0,0,0,0,0,0.35,12.153,7.0421,13.7663,13.6975,117
"p330","historic","historic","2010",0.14,0,0,27,70.68,4.6786,0.0167,0,1,0.05,0,0,0,0,0,0,0,0,0,0,0.05,11.2786,2.8952,7.7267,12.4605,118
"p330","historic","historic","2010",0.33,0.1,0,25,85.58,4.5993,0.0833,0,1,0.05,0.07,0,0,0,0,0,0,0,0,0,0.05,12.3995,4.0405,8.9475,13.2408,119
"p330","historic","historic","2010",0.17,0,0,32,93.8,5.3297,0.0667,0,1,0,0,0,0,0,0,0,0,0,0,0,0.5,13.6486,4.1613,11.3692,16.0518,120
"p330","historic","historic","2010",0.2,0,0,31,83.21,4.4912,0.1167,0,0.8,0,0.07,0,0,0,0,0.1,0,0,0,0,0.4,13.5252,5.1976,11.6505,15.0797,121
"p330","historic","historic","2010",0.16,0,0,13,85.11,4.7514,0.1,0,0.5,0,0.06,0,0,0,0,0,0,0,0,0,0.15,10.7582,6.9524,14.3598,16.3059,122
"p330","historic","historic","2010",0.15,0,0,18,99.44,4.7752,0.2,0,0.85,0.05,0.06,0,0,0,0,0,0,0,0,0,0.05,11.9381,6.9933,8.4848,11.6641,123
"p330","historic","historic","2010",0.42,0,0,11,82.76,4.3623,0.0167,0,1,0,0,0,0,0,0,0,0,0,0,0.15,0.1,11.9299,4.5484,10.8538,15.6902,124
"p330","historic","historic","2010",0.16,0,0,24,94.6,5.0426,0.0833,0,1,0.05,0,0,0,0,0,0,0,0,0,0,0,12.5868,5.1388,8.979,12.7675,125
"p330","historic","historic","2010",0.15,0.15,0,38,96.25,4.8071,0.1,0,1,0,0.06,0,0,0,0,0,0,0,0,0,0.1,14.2013,4.8623,12.7825,13.9085,126
"p330","historic","historic","2010",0.32,0,0,28,75.7,4.9436,0.0667,0,1,0,0.11,0,0,0,0,0,0,0,0,0,0.25,11.2013,4.3042,13.425,15.8335,127
"p330","historic","historic","2010",0.05,0,0,19,96.4,4.883,0.15,0,0.6,0.1,0.05,0,0,0,0,0.15,0,0,0,0,0.1,11.503,7.1335,9.2533,13.7724,128
"p330","historic","historic","2010",0.23,0,0,24,92.89,5.0118,0.05,0,0.8,0.05,0,0,0,0,0,0,0,0,0,0,0.05,12.8877,5.0394,10.584,12.1722,129
"p330","historic","historic","2010",0.32,0,0,9,96.99,4.8995,0.0833,0,1,0,0.12,0,0,0,0,0,0,0,0,0,0.1,11.3749,1.6671,11.8298,14.6962,130
"p330","historic","historic","2010",0.22,0,0,21,97.17,4.9375,0.0667,0,1,0,0.05,0,0,0,0,0,0,0,0,0,0,12.3551,3.0366,12.3233,10.8267,131
"p330","historic","historic","2010",0.47,0,0,39,84.42,5.0177,0.05,0,0.9,0.1,0.12,0,0,0,0,0,0,0,0,0,0.1,13.5245,5.2771,7.5587,12.8608,132
"p330","historic","historic","2010",0.32,0,0,23,94.44,5.1568,0.1667,0,1,0,0,0,0,0,0,0.15,0,0,0,0,0.1,12.655,6.1398,14.3253,13.9284,133
"p330","historic","historic","2010",0.22,0,0,22,85.91,4.9233,0.1667,0,0.6,0,0.12,0,0,0,0,0,0,0,0.05,0.15,0.25,11.9055,7.4742,12.15,14.9329,134
"p330","historic","historic","2010",0.35,0,0,23,86.55,5.1117,0.1,0,1,0.05,0.06,0,0,0,0,0,0,0,0,0,0.5,12.6236,5.3,8.5502,13.9106,135
"p330","historic","historic","2010",0.39,0.2,0,35,97.42,5.1601,0.0833,0,1,0,0.12,0,0,0,0,0,0,0,0,0,0,13.1286,5.1472,10.9232,9.5812,136
"p330","historic","historic","2010",0.25,0,0,27,78.48,4.7336,0.2167,0,1,0,0.07,0,0,0,0,0.25,0,0,0,0,0.05,12.0595,6.1883,12.9428,13.7609,137
"p330","historic","historic","2010",0.2,0,0,21,80.09,4.1894,0.0333,0,1,0.05,0.06,0,0,0,0,0,0,0,0,0,0.2,11.6248,2.8547,11.4058,15.4636,138
"p330","historic","historic","2010",0.35,0.1,0,25,82.55,4.6284,0.0167,0,1,0.05,0.05,0,0,0,0,0,0,0,0,0,0.2,12.5115,0.5505,14.1572,15.593,139
"p330","historic","historic","2010",0.33,0,0,14,95.72,5.0482,0.1167,0,0.65,0,0.21,0,0,0,0,0,0,0,0,0,0.2,11.1979,6.3392,14.3908,14.3656,140
"p330","historic","historic","2010",0.33,0,0,33,64.85,4.7953,0.1167,0,1,0,0.05,0,0,0,0,0,0,0,0,0,0.3,13.7499,5.3902,9.105,14.694,141
"p330","historic","historic","2010",0.16,0,0,16,83.5,4.9357,0.1333,0,1,0.05,0,0,0,0,0,0,0,0.05,0,0,0.15,12.2831,5.1775,11.479,13.4636,142
"p330","historic","historic","2010",0.16,0.1,0,25,87.43,4.6214,0.1333,0,1,0.05,0,0,0,0,0,0,0,0,0,0,0,11.7343,4.4205,9.1247,13.5852,143
"p330","historic","historic","2010",0.29,0,0,36,88.96,5.0836,0.0833,0,0.9,0.05,0.07,0,0,0,0,0,0,0,0,0,0,14.138,5.8513,9.9862,11.6094,144
"p330","historic","historic","2010",0.2,0,0,20,95.4,4.8193,0.0667,0,1,0,0.06,0,0,0,0,0.15,0.05,0,0,0,0.1,10.6012,1.9152,11.08,11.5496,145
"p330","historic","historic","2010",0.23,0,0,30,88.14,5.1481,0.0833,0,0.45,0.05,0.05,0,0,0,0,0,0,0,0,0,0.05,12.4035,6.1276,8.3105,12.7567,146
"p330","historic","historic","2010",0.38,0,0,29,77.92,5.0732,0.2667,0,0.95,0,0.07,0,0,0,0,0.1,0,0,0,0,0.05,12.7143,7.5306,10.9055,13.1344,147
"p330","historic","historic","2010",0.19,0,0,29,98.21,5.2109,0.0833,0,0.4,0,0.05,0,0,0,0,0,0,0,0,0,0.3,12.2915,6.1458,10.0205,14.7242,148
"p330","historic","historic","2010",0.13,0,0.15,19,96.62,5.0807,0.1,0,0.5,0,0.17,0,0,0,0,0.1,0,0,0,0,0.05,12.5466,6.4886,11.7815,13.2622,149
"p330","historic","historic","2010",0.06,0,0,17,79.83,4.8501,0.1167,0,1,0.05,0.17,0,0,0,0,0,0,0,0,0,0.5,12.2243,0.2642,10.3145,16.5158,150
"p330","historic","historic","2010",0.44,0,0,17,87.59,4.671,0,0,1,0,0.1,0,0,0,0,0,0,0,0,0,0.1,11.6908,2.3456,12.7647,14.8323,151
"p330","historic","historic","2010",0.12,0,0,14,80.24,4.6719,0.0167,0,1,0,0.05,0,0,0,0,0,0,0,0,0,0,11.1195,3.1588,11.0732,11.6089,152
"p330","historic","historic","2010",0.11,0,0,22,87.46,4.271,0.1167,0,1,0,0.17,0,0,0,0,0.25,0,0,0,0,0.05,12.7917,2.9315,13.7693,14.3994,153
"p330","historic","historic","2010",0.29,0.1,0,18,88.42,4.5264,0,0,1,0.05,0.11,0,0,0,0,0,0,0,0,0,0.1,11.3507,1.2089,9.4123,14.9273,154
"p330","historic","historic","2010",0.44,0,0,18,83.75,4.8453,0.0833,0,0.95,0,0.1,0,0,0,0,0,0,0,0,0,0.15,13.0463,6.81,12.3352,13.2414,155
"p330","historic","historic","2010",0.24,0,0,23,86.24,4.9775,0.15,0,1,0,0.07,0,0,0,0,0,0,0,0,0,0.1,13.1373,5.3686,10.583,15.7294,156
"p330","historic","historic","2010",0.12,0,0,25,91.9,4.8984,0.1667,0,0.3,0.05,0.06,0,0,0,0,0,0,0,0,0,0.2,12.2656,8.6574,8.2188,13.6919,157
"p330","historic","historic","2010",0.38,0,0,9,100.94,5.1519,0.0833,0,1,0,0.07,0,0,0,0,0,0,0,0,0,0.3,10.4458,5.6503,15.7588,13.8785,158
"p330","historic","historic","2010",0.17,0,0,24,88.57,4.7736,0.05,0,1,0,0.08,0,0,0,0,0,0,0,0,0,0.15,12.7001,4.2633,10.7398,14.8874,159
"p330","historic","historic","2010",0.38,0.25,0,41,95.42,4.7844,0.0667,0,1,0,0.1,0,0,0,0,0,0,0,0,0,0.25,12.6994,3.1418,10.879,15.1659,160
"p330","historic","historic","2010",0.37,0.1,0,30,76.71,5.3183,0.1,0,1,0.1,0.15,0,0,0,0,0,0,0,0,0,0.05,13.4675,5.0202,10.3877,12.8946,161
"p330","historic","historic","2010",0.28,0,0,19,95.42,5.1787,0.2333,0,0.35,0.3,0.09,0,0,0,0,0,0,0,0,0,0,11.4372,7.5363,10.964,10.5559,162
"p330","historic","historic","2010",0.28,0,0,6,85.16,5.0359,0.0667,0,1,0,0.05,0,0,0,0,0.1,0,0,0,0,0.25,8.7729,4.2582,12.4962,14.6571,163
"p330","historic","historic","2010",0.41,0,0,11,93.26,5.0967,0.1167,0,0.3,0,0.06,0,0,0,0,0,0,0,0,0,0.1,9.9323,6.7462,10.7148,14.9512,164
"p330","historic","historic","2010",0.15,0,0,27,100.66,4.6144,0.1167,0,0.9,0,0,0,0,0,0,0,0,0.05,0,0,0.2,11.9197,5.5196,9.6842,18.5216,165
"p330","historic","historic","2010",0.24,0,0,12,98.06,5.1108,0.0667,0,1,0,0,0,0,0,0,0.2,0,0,0,0,0.15,11.729,4.6132,13.742,16.3153,166
"p330","historic","historic","2010",0.38,0,0,26,91.13,4.5922,0.0667,0,0.8,0,0.13,0,0,0,0,0,0,0,0,0,0.1,12.1194,5.3349,10.8707,14.975,167
"p330","historic","historic","2010",0.15,0,0.1,23,93.57,5.0053,0.0833,0,1,0.05,0.12,0,0,0,0,0,0,0,0,0,0,13.0669,4.4201,8.6852,15.4858,168
"p330","historic","historic","2010",0.29,0,0,27,94.31,4.696,0.1167,0,0.75,0.1,0.07,0,0,0,0,0,0,0,0,0,0.25,12.1749,6.7347,10.9902,16.3518,169
"p330","historic","historic","2010",0.51,0,0,34,92.47,4.8852,0.2167,0,1,0,0.14,0,0,0,0,0,0,0,0,0,0.05,14.0081,5.6884,11.5203,14.0032,170
"p330","historic","historic","2010",0.22,0,0.1,14,74.78,4.7403,0.15,0,1,0.15,0.12,0,0,0,0,0,0,0,0,0,0.15,11.7721,4.0483,10.1903,13.0918,171
"p330","historic","historic","2010",0.25,0,0,28,97.47,4.499,0.05,0,0.8,0,0,0,0,0,0,0,0,0,0,0,0.25,12.3435,6.157,9.0715,15.275,172
"p330","historic","historic","2010",0.19,0,0,25,91.11,5.0054,0.0167,0,1,0,0.13,0,0,0,0,0,0,0,0,0,0.4,13.2023,3.2653,13.0033,16.4868,173
"p330","historic","historic","2010",0.39,0.15,0,32,93.34,4.8267,0.15,0,0.5,0,0.12,0,0,0,0,0,0,0,0,0,0.05,13.7628,7.1437,11.996,15.927,174
"p330","historic","historic","2010",0.3,0,0,28,92.06,4.7527,0.15,0,0.65,0,0.12,0,0,0,0,0.1,0,0,0,0,0,12.4164,6.6068,12.0717,12.4624,175
"p330","historic","historic","2010",0.18,0,0,9,96.47,5.3585,0.1333,0,0.7,0,0.05,0,0,0,0,0,0,0,0,0,0,11.7971,5.5969,12.4118,13.2505,176
"p330","historic","historic","2010",0.2,0,0,31,87.84,4.8511,0.1833,0,1,0,0.06,0,0,0,0,0,0,0,0,0,0.1,13.0952,5.5594,11.2392,13.1841,177
"p330","historic","historic","2010",0.41,0,0,33,80.88,4.7881,0.0333,0,0.8,0,0.1,0,0,0,0,0,0,0,0,0,0.3,12.9232,5.2142,11.3197,14.8353,178
"p330","historic","historic","2010",0.44,0,0,11,76.1,4.5326,0.0833,0,1,0.05,0,0,0,0,0,0.15,0,0,0,0,0.3,10.7534,5.378,10.629,15.5667,179
"p330","historic","historic","2010",0.24,0,0,26,81.69,4.8961,0.3167,0,0.2,0.05,0.17,0,0,0,0,0,0,0,0,0,0.3,12.87,8.2082,10.6438,13.4512,180
"p330","historic","historic","2010",0.24,0,0,36,92.6,4.608,0.15,0,0.4,0.05,0.05,0,0,0,0,0,0,0,0,0,0.4,13.6366,8.1535,11.289,12.9953,181
"p330","historic","historic","2010",0.22,0.1,0,36,82.01,4.9399,0.0667,0,1,0.05,0.05,0,0,0,0,0,0,0,0,0,0.2,14.0064,2.9869,9.7057,15.992,182
"p330","historic","historic","2010",0.3,0,0,15,100.64,5.0331,0.0833,0,1,0.05,0.1,0,0,0,0,0,0,0.05,0.05,0,0.1,11.9988,4.4066,10.1055,14.5514,183
"p330","historic","historic","2010",0.29,0,0,18,87.69,5.2011,0.15,0,0.9,0.05,0.05,0,0,0,0,0,0,0,0,0.15,0.25,10.5536,5.7322,8.513,16.2845,184
"p330","historic","historic","2010",0.22,0.5,0,38,94.39,4.896,0.0833,0,1,0.05,0.06,0,0,0,0,0,0,0,0,0,0.05,13.2085,4.1452,12.7237,13.8844,185
"p330","historic","historic","2010",0.33,0.1,0,28,83.01,4.7555,0.1,0,1,0,0.14,0,0,0,0,0,0,0,0.05,0,0.05,13.041,4.427,11.6047,14.4062,186
"p330","historic","historic","2010",0.32,0,0,21,89.66,5.1627,0.1167,0,1,0,0.09,0,0,0,0,0,0,0,0,0,0.45,12.231,4.4931,11.9952,15.0555,187
"p330","historic","historic","2010",0.34,0,0,38,97.81,4.8824,0.1333,0,0.6,0,0.1,0,0,0,0,0,0,0,0,0,0.1,13.6774,6.4007,11.5158,14.395,188
"p330","historic","historic","2010",0.28,0,0,11,95.68,5.3416,0.1833,0,0.95,0,0.11,0,0,0,0,0,0,0,0,0,0,11.9199,5.8226,10.4162,13.1887,189
"p330","historic","historic","2010",0.13,0,0,7,84.56,4.8529,0.0333,0,1,0.05,0.06,0,0,0,0,0,0,0,0,0,0,10.6698,2.4115,10.702,12.9179,190
"p330","historic","historic","2010",0.21,0,0,28,89.4,4.9469,0.0333,0,1,0.05,0.06,0,0,0,0,0,0,0,0,0,0.15,12.7965,4.6217,11.6137,11.4697,191
"p330","historic","historic","2010",0.18,0,0,8,82.8,4.781,0.0667,0,1,0,0.16,0,0,0,0,0,0.05,0,0,0,0.3,10.5538,4.7074,10.7392,14.7,192
"p330","historic","historic","2010",0.06,0,0,15,87.55,5.3326,0.3667,0,0.8,0,0.15,0,0,0,0,0,0,0,0,0,0,10.9164,7.8674,9.7555,12.8156,193
"p330","historic","historic","2010",0.28,0,0,36,90.07,4.7654,0.0333,0,0.5,0,0.09,0,0,0,0,0,0,0,0,0,0,13.2042,5.3411,9.786,12.4115,194
"p330","historic","historic","2010",0,0,0,16,93.14,4.9713,0.1333,0,1,0,0.13,0,0,0,0,0,0,0,0,0.3,0.05,12.4471,6.7803,12.6655,14.6753,195
"p330","historic","historic","2010",0.32,0,0,42,97.77,4.9044,0.0667,0,1,0,0.11,0,0,0,0,0,0,0,0,0,0.1,13.9951,3.0826,13.5752,15.4161,196
"p330","historic","historic","2010",0.13,0,0,20,93.16,4.9062,0.1333,0,1,0,0.08,0,0,0,0,0.1,0,0,0,0,0.1,13.0641,3.9361,14.1713,13,197
"p330","historic","historic","2010",0.26,0,0,25,96.13,4.934,0.2,0,0.75,0,0.15,0,0,0,0,0,0,0,0,0,0,11.7049,6.7467,11.8562,11.0641,198
"p330","historic","historic","2010",0.32,0,0,24,76.19,4.6203,0.0833,0,0.95,0.1,0,0,0,0,0,0,0,0,0,0,0.05,13.4999,6.0273,8.3557,14.6032,199
"p330","historic","historic","2010",0.31,0,0,35,89.34,4.8981,0.0333,0,0.75,0,0.1,0,0,0,0,0,0,0,0,0,0.15,14.2623,4.9397,10.6097,11.3612,200
"p330","historic","historic","2020",0.16,0,0,35,96.17,4.801,0.1167,0,1,0,0,0,0,0,0,0,0,0,0,0,0.2,13.9828,5.273,9.2727,14.0379,201
"p330","historic","historic","2020",0.1,0.1,0.1,37,103.16,5.059,0.0667,0,0.35,0,0.13,0,0,0,0,0,0,0,0,0,0.2,13.8231,6.3151,10.9545,15.3245,202
"p330","historic","historic","2020",0.1,0,0,33,103.11,4.878,0.1333,0,1,0,0.26,0,0,0,0,0,0,0,0,0,0.2,13.4351,5.3271,13.7463,15.0414,203
"p330","historic","historic","2020",0.31,0,0,17,103.77,4.8464,0.15,0,0.35,0.1,0.08,0,0,0,0,0.2,0,0,0,0,0.15,12.373,7.1532,8.9877,14.4115,204
"p330","historic","historic","2020",0.19,0,0,44,101.36,4.9879,0.0667,0,0.8,0.05,0.09,0,0,0,0,0,0,0,0,0,0.1,14.0118,5.9741,12.3768,13.9412,205
"p330","historic","historic","2020",0.26,0,0,26,109.35,5.0585,0.0833,0,0.8,0.15,0,0,0,0,0,0,0,0,0,0,0.3,12.9437,5.6688,7.1547,13.8495,206
"p330","historic","historic","2020",0.15,0.1,0,37,89.57,4.8926,0.0333,0,1,0.05,0.12,0,0,0,0,0,0,0,0,0,0.05,13.8369,5.106,8.9665,12.0777,207
"p330","historic","historic","2020",0.34,0,0,31,103.76,5.0307,0.1,0,0.65,0,0.06,0,0,0,0,0,0,0.05,0.05,0,0.5,12.5731,6.0217,10.1288,18.3388,208
"p330","historic","historic","2020",0.41,0,0,38,83.81,4.3223,0.05,0,1,0,0.1,0,0,0,0,0,0,0,0,0,0.1,15.1238,3.6166,12.3682,14.2243,209
"p330","historic","historic","2020",0.29,0.1,0,51,95.03,5.145,0.1833,0,1,0.1,0.16,0,0,0,0,0,0,0,0,0,0.1,14.4977,4.6048,11.993,14.2967,210
"p330","historic","historic","2020",0.13,0.15,0,39,89.63,4.8807,0.1,0,0.5,0,0.14,0,0,0,0,0,0,0,0,0,0.05,15.2003,7.044,12.9732,14.7329,211
"p330","historic","historic","2020",0.24,0,0,7,98.45,4.8589,0.0333,0,0.95,0,0,0,0,0,0,0,0,0,0,0,0.05,11.3207,5.6631,10.4235,16.1589,212
"p330","historic","historic","2020",0.24,0.25,0,47,94.3,4.9983,0.2833,0,0.5,0,0.1,0,0,0,0,0,0,0,0,0,0.15,14.6797,8.0032,13.1932,13.3909,213
"p330","historic","historic","2020",0.27,0,0,34,97.13,5.247,0.2167,0,0.45,0,0.12,0,0,0,0,0.15,0,0,0,0,0.15,12.7055,7.9466,12.4145,14.4606,214
"p330","historic","historic","2020",0.1,0,0,35,101.06,4.9172,0.0833,0,0.7,0,0.05,0,0,0,0,0,0,0,0,0,0.3,13.3214,6.0555,11.902,17.6018,215
"p330","historic","historic","2020",0.17,0,0,24,103.5,4.8547,0.0833,0,0.85,0,0.12,0,0,0,0,0.1,0,0,0,0,0.55,12.965,5.7066,13.4368,15.5812,216
"p330","historic","historic","2020",0.13,0,0,37,96.62,4.8023,0.15,0,0.35,0,0.11,0,0,0,0,0,0,0,0,0,0.3,13.0617,7.2087,13.6837,14.574,217
"p330","historic","historic","2020",0.18,0,0,34,79.87,4.6659,0.0167,0,1,0.1,0,0,0,0,0,0,0,0,0,0,0.1,12.188,3.0668,7.6362,13.3409,218
"p330","historic","historic","2020",0.32,0.15,0,29,90.28,4.603,0.0667,0,1,0.05,0.07,0,0,0,0,0,0,0,0,0,0.05,13.3091,4.2198,8.8507,14.1202,219
"p330","historic","historic","2020",0.17,0,0,43,99.13,5.3132,0.05,0,1,0,0,0,0,0,0,0,0,0,0,0,0.55,14.5592,4.3493,11.2665,16.9227,220
"p330","historic","historic","2020",0.2,0.1,0,40,89.55,4.476,0.1,0,0.7,0,0.07,0,0,0,0,0.1,0,0,0,0,0.45,14.4341,5.3631,11.5682,15.9547,221
"p330","historic","historic","2020",0.16,0,0,20,91.38,4.7401,0.1167,0,0.55,0,0.06,0,0,0,0,0,0,0,0,0,0.15,11.6672,7.1238,14.2707,17.1861,222
"p330","historic","historic","2020",0.16,0,0,25,104.44,4.7611,0.1667,0,0.7,0.1,0.06,0,0,0,0,0,0,0,0,0,0.05,12.8477,7.1706,8.3893,12.542,223
"p330","historic","historic","2020",0.42,0,0,20,92.05,4.3554,0.0167,0,1,0,0,0,0,0,0,0,0,0,0,0.15,0.1,12.8396,4.7346,10.7548,16.5618,224
"p330","historic","historic","2020",0.16,0,0,30,100.75,5.0141,0.0833,0,1,0.1,0,0,0,0,0,0,0,0,0,0,0,13.4952,5.3032,8.8983,13.6437,225
"p330","historic","historic","2020",0.25,0.25,0,41,101.06,4.7936,0.1,0,0.9,0,0.06,0,0,0,0,0,0,0,0,0,0.15,15.1104,5.0324,12.6953,14.7894,226
"p330","historic","historic","2020",0.32,0,0,36,81.77,4.9272,0.0833,0,1,0,0.11,0,0,0,0,0,0,0,0,0,0.35,12.1104,4.4801,13.3307,16.7126,227
"p330","historic","historic","2020",0.05,0,0,28,103.11,4.8737,0.15,0,0.55,0.15,0.05,0,0,0,0,0.15,0,0,0,0,0.15,12.413,7.319,9.1545,14.6442,228
"p330","historic","historic","2020",0.23,0,0,27,97.98,4.9895,0.05,0,0.8,0.05,0,0,0,0,0,0,0,0,0,0,0.05,13.7963,5.2019,10.5037,13.0487,229
"p330","historic","historic","2020",0.32,0,0,21,101.47,4.8698,0.0333,0,1,0,0.12,0,0,0,0,0,0,0,0,0,0.15,12.2838,1.836,11.7438,15.5765,230
"p330","historic","historic","2020",0.22,0,0,32,103.89,4.9174,0.0667,0,1,0,0.05,0,0,0,0,0,0,0,0,0,0,13.2648,3.2114,12.2303,11.7064,231
"p330","historic","historic","2020",0.47,0,0,49,91.9,5.0094,0.05,0,0.75,0.15,0.12,0,0,0,0,0,0,0,0,0,0.1,14.4339,5.4603,7.4607,13.7318,232
"p330","historic","historic","2020",0.32,0,0,34,99.47,5.1391,0.1333,0,1,0,0,0,0,0,0,0.15,0,0,0,0,0.15,13.5632,6.301,14.2477,14.8051,233
"p330","historic","historic","2020",0.22,0,0,29,92.07,4.9077,0.15,0,0.6,0,0.12,0,0,0,0,0,0,0,0.05,0.15,0.3,12.8145,7.642,12.0652,15.8142,234
"p330","historic","historic","2020",0.42,0,0,36,94.01,5.0827,0.1,0,0.85,0.05,0.06,0,0,0,0,0,0,0,0,0,0.5,13.5332,5.4742,8.4593,14.7909,235
"p330","historic","historic","2020",0.39,0.2,0,40,103.25,5.1452,0.0833,0,1,0,0.12,0,0,0,0,0,0,0,0,0,0,14.0381,5.3301,10.8273,10.4538,236
"p330","historic","historic","2020",0.25,0,0,31,85.54,4.7154,0.1667,0,1,0,0.07,0,0,0,0,0.25,0,0,0.05,0,0.2,12.9676,6.3482,12.8655,14.6376,237
"p330","historic","historic","2020",0.15,0,0,28,87.06,4.1701,0.0333,0,1,0.05,0.06,0,0,0,0,0,0,0,0,0,0.25,12.5342,3.0209,11.3225,16.3455,238
"p330","historic","historic","2020",0.35,0.1,0,32,87.76,4.6048,0.0167,0,1,0.1,0.05,0,0,0,0,0,0,0,0,0,0.25,13.4207,0.7232,14.067,16.4738,239
"p330","historic","historic","2020",0.33,0,0,23,100.8,5.0339,0.0833,0,0.65,0,0.21,0,0,0,0,0,0,0,0,0,0.2,12.1073,6.5206,14.2962,15.2385,240
"p330","historic","historic","2020",0.29,0.1,0,44,73.65,4.7695,0.1167,0,1,0,0.05,0,0,0,0,0,0,0,0,0,0.2,14.6578,5.5495,9.0293,15.5701,241
"p330","historic","historic","2020",0.16,0,0,22,89.82,4.9205,0.15,0,1,0.1,0,0,0,0,0,0,0,0.05,0,0,0.25,13.1918,5.3426,11.3982,14.3436,242
"p330","historic","historic","2020",0.16,0.15,0,25,96.35,4.6047,0.1167,0,1,0.05,0,0,0,0,0,0,0,0,0,0,0,12.6432,4.5914,9.036,14.4656,243
"p330","historic","historic","2020",0.29,0,0,47,95,5.0653,0.0667,0,0.75,0.05,0.07,0,0,0,0,0,0,0,0,0,0,15.0476,6.0308,9.8925,12.4827,244
"p330","historic","historic","2020",0.2,0,0,24,100.64,4.792,0.05,0,1,0,0.06,0,0,0,0,0,0.05,0,0,0,0.1,11.5088,2.0732,11.0068,12.4263,245
"p330","historic","historic","2020",0.23,0,0,37,94.51,5.1338,0.0833,0,0.4,0.05,0.05,0,0,0,0,0,0,0,0,0,0.05,13.3116,6.2913,8.2293,13.6383,246
"p330","historic","historic","2020",0.38,0,0,36,84.94,5.0759,0.2833,0,0.95,0,0.07,0,0,0,0,0.1,0,0,0,0,0.05,13.6235,7.7007,10.8182,14.0152,247
"p330","historic","historic","2020",0.19,0.1,0,36,104.12,5.191,0.0833,0,0.4,0,0.05,0,0,0,0,0,0,0,0.05,0,0.3,13.2016,6.3244,9.9277,15.5971,248
"p330","historic","historic","2020",0.15,0,0.1,24,103.73,5.0588,0.0833,0,0.4,0,0.17,0,0,0,0,0.1,0,0,0,0,0.05,13.4546,6.6444,11.7095,14.1397,249
"p330","historic","historic","2020",0.11,0,0,23,86.92,4.8301,0.1,0,1,0.05,0.17,0,0,0,0,0,0,0,0,0,0.55,13.1319,0.4268,10.2358,17.3968,250
"p330","historic","historic","2020",0.44,0,0,24,93.44,4.633,0,0,1,0,0.1,0,0,0,0,0,0,0,0,0,0.15,12.5998,2.5147,12.6778,15.7124,251
"p330","historic","historic","2020",0.12,0,0,19,88.94,4.6496,0.0167,0,1,0,0.05,0,0,0,0,0,0,0,0,0,0.05,12.0291,3.3359,10.984,12.4817,252
"p330","historic","historic","2020",0.11,0,0,31,95.06,4.2578,0.1167,0,1,0,0.17,0,0,0,0,0.25,0,0,0,0,0.05,13.6995,3.0861,13.699,15.2763,253
"p330","historic","historic","2020",0.29,0.1,0,21,95.82,4.5009,0,0,1,0.05,0.06,0,0,0,0,0,0,0,0,0,0.15,12.2589,1.3698,9.3352,15.8085,254
"p330","historic","historic","2020",0.39,0.1,0,23,92.62,4.8333,0.0833,0,0.9,0,0.1,0,0,0,0,0,0,0,0,0,0.25,13.9553,6.9776,12.25,14.1221,255
"p330","historic","historic","2020",0.24,0,0,36,92.47,4.9607,0.1167,0,0.85,0,0.07,0,0,0,0,0,0,0.05,0,0,0.15,14.0464,5.545,10.4937,16.602,256
"p330","historic","historic","2020",0.12,0,0,32,97.1,4.8804,0.2167,0,0.25,0.1,0.06,0,0,0,0,0,0,0,0,0,0.3,13.1732,8.8111,8.1495,14.569,257
"p330","historic","historic","2020",0.33,0,0,15,106.07,5.1178,0.0833,0,1,0,0.07,0,0,0,0,0,0,0,0,0,0.35,11.3546,5.8111,15.6825,14.7598,258
"p330","historic","historic","2020",0.17,0,0,26,94.47,4.7575,0.05,0,0.8,0,0.08,0,0,0,0,0,0,0,0,0,0.35,13.6084,4.4298,10.6553,15.7683,259
"p330","historic","historic","2020",0.37,0.35,0,46,101.32,4.763,0.0667,0,1,0,0.1,0,0,0,0,0,0,0,0,0,0.3,13.6084,3.3165,10.7908,16.0395,260
"p330","historic","historic","2020",0.37,0.25,0,31,82.16,5.2999,0.1167,0,0.95,0.15,0.15,0,0,0,0,0,0,0,0,0,0.05,14.3753,5.1732,10.3185,13.7713,261
"p330","historic","historic","2020",0.28,0,0,24,99.77,5.1614,0.2167,0,0.15,0.35,0.09,0,0,0,0,0,0,0,0,0,0,12.3452,7.6947,10.8893,11.4374,262
"p330","historic","historic","2020",0.33,0,0,8,90.75,5.0383,0.0667,0,1,0,0.05,0,0,0,0,0.1,0,0,0,0,0.3,9.6814,4.4231,12.414,15.5388,263
"p330","historic","historic","2020",0.41,0,0,18,98.42,5.0874,0.1167,0,0.3,0,0.06,0,0,0,0,0,0,0,0,0,0.1,10.8409,6.9193,10.6272,15.8247,264
"p330","historic","historic","2020",0.1,0,0,33,105.88,4.5921,0.1167,0,0.75,0,0,0,0,0,0,0,0,0.1,0,0,0.25,12.8277,5.6712,9.6175,19.3985,265
"p330","historic","historic","2020",0.2,0,0,22,103.18,5.0972,0.0667,0,0.9,0,0,0,0,0,0,0.2,0,0,0,0,0.15,12.6369,4.771,13.6673,17.1968,266
"p330","historic","historic","2020",0.38,0.15,0,31,95.31,4.5896,0.05,0,0.7,0,0.13,0,0,0,0,0,0,0,0.05,0,0.1,13.0275,5.4983,10.7903,15.8556,267
"p330","historic","historic","2020",0.15,0,0.1,28,97.25,4.9795,0.0833,0,1,0.05,0.12,0,0,0,0,0,0,0,0.05,0,0.1,13.9758,4.5927,8.6003,16.36,268
"p330","historic","historic","2020",0.29,0,0,34,97.31,4.6875,0.1,0,0.6,0.15,0.07,0,0,0,0,0,0,0,0,0,0.35,13.0824,6.8847,10.924,17.229,269
"p330","historic","historic","2020",0.45,0,0,49,96.89,4.8692,0.2167,0,1,0,0.14,0,0,0,0,0,0,0,0,0,0.05,14.9156,5.8445,11.4472,14.8861,270
"p330","historic","historic","2020",0.21,0,0.1,20,83,4.7251,0.15,0,1,0.15,0.12,0,0,0,0,0,0,0,0,0,0.25,12.6805,4.2111,10.1105,13.9723,271
"p330","historic","historic","2020",0.24,0,0,38,103.28,4.4932,0.0667,0,0.55,0.05,0,0,0,0,0,0,0,0,0,0,0.3,13.2525,6.3289,8.9875,16.1486,272
"p330","historic","historic","2020",0.12,0,0.1,34,99.44,4.9852,0.0167,0,1,0,0.13,0,0,0,0,0,0,0,0,0,0.4,14.1097,3.4142,12.9387,17.3628,273
"p330","historic","historic","2020",0.33,0.25,0,38,100.5,4.8031,0.1333,0,0.4,0,0.12,0,0,0,0,0,0,0,0,0,0.05,14.6707,7.2985,11.9258,16.8098,274
"p330","historic","historic","2020",0.3,0,0,34,97.73,4.7501,0.15,0,0.45,0,0.12,0,0,0,0,0.1,0,0,0,0,0.1,13.3247,6.7679,11.9932,13.3441,275
"p330","historic","historic","2020",0.18,0,0,15,101.96,5.3328,0.15,0,0.6,0,0.05,0,0,0,0,0,0,0,0,0,0.05,12.7064,5.7673,12.3297,14.1247,276
"p330","historic","historic","2020",0.2,0,0,38,92.45,4.8356,0.1833,0,1,0,0.06,0,0,0,0,0,0,0,0,0,0.1,14.0023,5.7072,11.1767,14.06,277
"p330","historic","historic","2020",0.43,0,0,39,87.13,4.783,0.0333,0,0.65,0,0.1,0,0,0,0,0,0,0,0,0,0.35,13.8308,5.3682,11.2495,15.7185,278
"p330","historic","historic","2020",0.44,0,0,19,85.37,4.5208,0.0833,0,0.9,0.05,0,0,0,0,0,0.15,0,0,0,0,0.4,11.6615,5.5384,10.552,16.4492,279
"p330","historic","historic","2020",0.24,0,0,35,86.24,4.8912,0.2833,0,0.25,0.05,0.17,0,0,0,0,0,0,0,0,0,0.35,13.7788,8.3748,10.5608,14.3318,280
"p330","historic","historic","2020",0.24,0,0,47,99.12,4.5834,0.1333,0,0.35,0.05,0.05,0,0,0,0,0,0,0,0,0,0.4,14.5441,8.2978,11.2257,13.8716,281
"p330","historic","historic","2020",0.22,0.15,0,40,87.06,4.9278,0.0667,0,1,0.05,0.05,0,0,0,0,0,0,0,0,0,0.2,14.9137,3.1373,9.6353,16.8805,282
"p330","historic","historic","2020",0.31,0,0,22,103.62,5.0142,0.0833,0,1,0.05,0.1,0,0,0,0,0,0,0.1,0.05,0,0.1,12.9069,4.563,10.0273,15.4405,283
"p330","historic","historic","2020",0.29,0,0,19,93.68,5.1937,0.15,0,0.9,0.1,0.05,0,0,0,0,0,0,0,0,0.15,0.25,11.4635,5.8972,8.4315,17.1648,284
"p330","historic","historic","2020",0.22,0.55,0,39,98.27,4.8916,0.0833,0,1,0.15,0.06,0,0,0,0,0,0,0,0,0,0.1,14.1159,4.2883,12.6615,14.7612,285
"p330","historic","historic","2020",0.33,0.15,0,34,86.45,4.734,0.1,0,1,0,0.14,0,0,0,0,0,0,0,0.05,0,0.05,13.9492,4.5763,11.5348,15.2953,286
"p330","historic","historic","2020",0.36,0,0,32,96.26,5.1373,0.1167,0,1,0,0.09,0,0,0,0,0,0,0,0,0,0.5,13.1399,4.648,11.919,15.9447,287
"p330","historic","historic","2020",0.34,0.25,0,44,102.23,4.8705,0.15,0,0.55,0,0.1,0,0,0,0,0,0,0,0,0,0.15,14.5867,6.5644,11.4348,15.2764,288
"p330","historic","historic","2020",0.27,0,0,23,101.73,5.3315,0.1667,0,0.8,0,0.11,0,0,0,0,0,0,0,0,0,0.1,12.8276,5.9636,10.3557,14.0653,289
"p330","historic","historic","2020",0.19,0,0,15,93.53,4.8329,0.0333,0,1,0.05,0.06,0,0,0,0,0,0,0,0,0,0.05,11.5778,2.5592,10.6337,13.8079,290
"p330","historic","historic","2020",0.21,0,0,34,98.59,4.926,0.0333,0,1,0.05,0.06,0,0,0,0,0,0,0,0,0,0.15,13.7048,4.7749,11.539,12.3588,291
"p330","historic","historic","2020",0.18,0,0,12,89.58,4.7652,0.0667,0,1,0.05,0.16,0,0,0,0,0,0,0,0,0,0.25,11.4629,4.8692,10.6602,15.5817,292
"p330","historic","historic","2020",0.06,0,0,22,92.32,5.3187,0.3667,0,0.8,0,0.15,0,0,0,0,0,0,0,0,0,0.1,11.8241,8.008,9.6957,13.6925,293
"p330","historic","historic","2020",0.27,0,0,40,96.98,4.746,0.05,0,0.5,0,0.09,0,0,0,0,0,0,0,0,0,0.1,14.1122,5.4873,9.7198,13.3009,294
"p330","historic","historic","2020",0,0,0,21,98.13,4.9574,0.15,0,1,0,0.13,0,0,0,0,0,0,0,0,0.3,0.1,13.3554,6.9331,12.5927,15.5638,295
"p330","historic","historic","2020",0.32,0,0,50,102.63,4.8613,0.05,0,1,0,0.11,0,0,0,0,0,0,0,0,0,0.1,14.9046,3.2446,13.4982,16.2982,296
"p330","historic","historic","2020",0.13,0,0,29,98.96,4.8779,0.1167,0,1,0,0.08,0,0,0,0,0.1,0,0,0,0,0.05,13.9715,4.0755,14.1137,13.8765,297
"p330","historic","historic","2020",0.26,0,0,31,100.07,4.9083,0.2,0,0.5,0,0.15,0,0,0,0,0,0,0,0,0,0,12.6129,6.8918,11.7913,11.9548,298
"p330","historic","historic","2020",0.32,0,0,28,82.48,4.6055,0.0833,0,0.9,0.1,0,0,0,0,0,0,0,0,0,0,0.1,14.4086,6.1791,8.2838,15.4917,299
"p330","historic","historic","2020",0.3,0,0,49,95.46,4.8943,0.0167,0,0.65,0,0.1,0,0,0,0,0,0,0,0,0,0.3,15.1716,5.0995,10.5328,12.2432,300
"p330","ssp126","ACCESS-CM2","2075",0.25,0,0,57,103.43,5.2444,0.2,0,0.7,0,0,0,0,0,0,0,0,0,0,0,0.55,16.0303,7.0661,11.1708,15.0851,301
"p330","ssp126","ACCESS-CM2","2075",0.16,0,0,51,104.2,5.1111,0.1167,0,0.05,0,0.08,0,0,0,0,0,0,0,0,0.15,0.25,15.7661,8.3947,13.557,17.0774,302
"p330","ssp126","ACCESS-CM2","2075",0.3,0,0,55,109.55,5.0063,0.1,0,0.75,0,0.09,0,0,0,0,0.1,0,0,0,0,0.3,15.829,6.5227,15.1908,16.0715,303
"p330","ssp126","ACCESS-CM2","2075",0.23,0,0,50,109.98,4.977,0.2,0,0.1,0,0,0,0,0,0,0.1,0,0,0,0,0.3,14.3373,8.6093,11.9512,14.9083,304
"p330","ssp126","ACCESS-CM2","2075",0.31,0.1,0,64,108.39,5.2423,0.1,0,0.5,0,0,0.05,0,0,0,0.3,0,0,0,0,0.35,16.551,7.4358,14.0218,15.3175,305
"p330","ssp126","ACCESS-CM2","2075",0.19,0,0,47,114.6,4.8711,0.0833,0,0.7,0.1,0.18,0,0,0,0,0,0,0,0,0,0.55,14.8101,6.9793,9.4687,14.8667,306
"p330","ssp126","ACCESS-CM2","2075",0.06,0,0,53,104.1,5.2737,0.1,0,0.8,0,0,0,0,0,0,0,0,0,0,0,0.05,15.6187,6.6186,10.648,13.2505,307
"p330","ssp126","ACCESS-CM2","2075",0.06,0.5,0,36,108.15,4.9513,0.1,0,0.3,0,0.05,0,0,0,0,0.1,0,0,0.05,0.45,0.8,14.4369,7.6057,12.6113,18.1268,308
"p330","ssp126","ACCESS-CM2","2075",0.2,0,0,62,98.14,4.3916,0.1,0,1,0,0.06,0,0,0,0,0,0,0,0,0,0.15,16.7432,5.5809,14.8902,15.6754,309
"p330","ssp126","ACCESS-CM2","2075",0.47,0.25,0,60,104.71,5.2717,0.2167,0,1,0.1,0.18,0,0,0,0,0,0,0,0,0.15,0.3,16.9277,5.7807,14.1085,14.7417,310
"p330","ssp126","ACCESS-CM2","2075",0.17,0.1,0,63,101.78,5.1709,0.0833,0,0.2,0,0,0,0,0,0,0,0,0,0,0,0.15,17.0971,8.7427,14.0607,16.1765,311
"p330","ssp126","ACCESS-CM2","2075",0.28,0,0,30,100.71,5.4526,0.1833,0,0.6,0,0.08,0,0,0,0,0,0,0,0,0,0.45,13.7298,8.0442,12.7842,16.8817,312
"p330","ssp126","ACCESS-CM2","2075",0.14,0.45,0,58,105.77,5.2558,0.1667,0,0.35,0,0.07,0,0,0,0,0.15,0,0,0,0,0.15,16.7027,8.7783,15.9105,14.2828,313
"p330","ssp126","ACCESS-CM2","2075",0.11,0,0,51,106.09,5.1859,0.1667,0,0.2,0,0.06,0,0,0,0,0.2,0,0,0,0,0.3,14.5591,8.6814,14.1328,16.4295,314
"p330","ssp126","ACCESS-CM2","2075",0.26,0.15,0.1,49,104.56,5.0159,0.2167,0,0.2,0,0.05,0,0,0.1,0,0,0,0.1,0,0,0.3,15.0301,8.0932,14.4922,19.19,315
"p330","ssp126","ACCESS-CM2","2075",0.31,0,0,55,108.65,5.0549,0.0667,0,0.5,0,0,0,0,0,0,0,0,0.2,0,0,0.4,15.3145,6.7828,15.692,17.3683,316
"p330","ssp126","ACCESS-CM2","2075",0.23,0,0,56,102.32,4.8739,0.25,0,0.25,0,0.14,0,0,0,0,0,0,0.05,0,0.15,0.25,15.2981,9.4763,15.8708,16.0253,317
"p330","ssp126","ACCESS-CM2","2075",0,0,0,47,92.16,4.6957,0.0667,0,1,0,0.05,0,0,0,0,0,0,0,0,0,0,14.0085,4.7053,11.1702,13.6702,318
"p330","ssp126","ACCESS-CM2","2075",0.29,0.4,0,51,106.56,4.8319,0.1,0,0.95,0,0,0,0,0,0,0,0,0,0,0,0.15,15.2961,5.796,10.8195,15.5232,319
"p330","ssp126","ACCESS-CM2","2075",0.21,0.6,0,69,104,5.4519,0.1167,0,1,0,0,0,0,0,0,0.2,0,0,0,0,0.55,17.2604,5.4558,13.4947,19.0411,320
"p330","ssp126","ACCESS-CM2","2075",0.34,0.2,0.1,58,100.42,4.7595,0.0833,0,0.3,0,0.08,0,0,0,0,0,0,0,0.05,0.15,0.5,16.57,6.7022,13.6845,17.4959,321
"p330","ssp126","ACCESS-CM2","2075",0.13,0,0,36,99.02,5.1,0.2333,0,0.05,0,0.13,0,0,0,0,0.35,0,0,0,0,0.4,14.061,8.9752,16.523,18.6576,322
"p330","ssp126","ACCESS-CM2","2075",0,0,0,41,112.01,5.0754,0.0833,0,0.5,0.05,0.14,0,0,0,0,0,0,0,0,0,0.15,14.7056,8.0945,11.0485,12.9503,323
"p330","ssp126","ACCESS-CM2","2075",0.29,0,0,34,103.68,4.8507,0.1167,0,0.7,0,0.14,0,0,0,0,0,0,0,0,0,0.25,14.6043,7.0498,14.2133,17.5642,324
"p330","ssp126","ACCESS-CM2","2075",0.1,0.4,0,39,107.25,5.1689,0.15,0,0.65,0.05,0.05,0,0,0,0,0,0,0,0,0,0.25,15.4779,6.7037,10.716,14.5597,325
"p330","ssp126","ACCESS-CM2","2075",0.18,0.75,0,56,108.18,4.573,0.0667,0,0.35,0,0.07,0,0,0,0,0,0,0,0.05,0.3,0.3,17.2911,6.1373,14.7158,16.2898,326
"p330","ssp126","ACCESS-CM2","2075",0.32,0,0,42,91.59,4.6862,0.05,0,0.9,0,0.05,0,0,0,0,0,0,0.05,0,0,0.3,13.8931,5.5173,15.414,18.2579,327
"p330","ssp126","ACCESS-CM2","2075",0.12,0,0,51,113.5,5.0005,0.1,0,0.15,0,0.06,0,0,0,0,0.15,0,0,0,0.15,0.2,14.9906,8.2702,11.3837,15.9917,328
"p330","ssp126","ACCESS-CM2","2075",0.06,0.6,0,48,108.34,5.0289,0.0667,0,0.55,0,0.13,0,0,0,0,0,0,0,0,0.3,0.35,15.8188,6.5438,13.224,13.9621,329
"p330","ssp126","ACCESS-CM2","2075",0.22,0,0,40,107.15,4.9575,0.1,0,1,0,0.13,0,0,0,0,0,0,0,0,0,0.3,14.2188,3.4344,14.4863,16.0835,330
"p330","ssp126","ACCESS-CM2","2075",0.21,0,0,44,109.7,5.1477,0.1333,0,0.85,0,0.17,0,0,0,0,0,0,0,0,0,0.15,14.9414,5.3573,15.159,13.5777,331
"p330","ssp126","ACCESS-CM2","2075",0.28,0,0,58,103.16,5.2058,0.05,0,0.2,0,0,0,0,0,0,0,0,0,0,0.3,0.35,16.1106,7.263,9.2833,14.6536,332
"p330","ssp126","ACCESS-CM2","2075",0.23,0,0,48,104.25,5.0038,0.15,0,0.8,0,0.18,0,0,0.15,0,0,0,0,0,0,0.35,15.0912,7.0619,17.7455,16.5606,333
"p330","ssp126","ACCESS-CM2","2075",0.07,0,0,44,96.53,4.7879,0.15,0,0.45,0,0.17,0,0,0,0,0,0,0,0,0,0.4,14.4429,8.9607,14.5675,17.4526,334
"p330","ssp126","ACCESS-CM2","2075",0.11,0,0,48,103.03,5.3297,0.1833,0,0.6,0.05,0,0,0,0,0,0,0,0,0,0,0.15,14.9252,7.3081,10.1828,16.3917,335
"p330","ssp126","ACCESS-CM2","2075",0.29,0.15,0,52,113.32,5.227,0.1333,0,0.55,0,0.09,0,0,0,0,0,0,0,0,0.15,0,15.7782,6.8399,12.8647,11.9548,336
"p330","ssp126","ACCESS-CM2","2075",0.35,0.2,0,40,97.94,4.9032,0.1833,0,0.5,0,0,0,0,0,0,0.2,0,0.05,0,0,0.3,15.0644,7.9803,16.0795,16.2399,337
"p330","ssp126","ACCESS-CM2","2075",0.37,0.15,0.1,40,104.52,4.3811,0.1167,0,1,0,0.05,0,0,0,0,0,0,0,0,0.15,0.6,14.6534,5.1938,13.516,17.1685,338
"p330","ssp126","ACCESS-CM2","2075",0.21,0,0,51,99.83,4.8125,0.0333,0,1,0,0.13,0,0,0.15,0,0.15,0,0,0,0,0.55,15.4548,2.0341,16.4705,17.7476,339
"p330","ssp126","ACCESS-CM2","2075",0.06,0,0,49,107.95,5.1987,0.15,0,0.35,0,0.05,0,0,0,0,0.1,0,0,0,0,0.1,14.0436,8.0109,15.8905,16.4517,340
"p330","ssp126","ACCESS-CM2","2075",0.13,0.1,0,57,86.45,4.5952,0.1167,0,0.9,0,0.14,0,0,0,0,0,0,0,0,0,0.8,15.986,6.8824,11.782,17.1854,341
"p330","ssp126","ACCESS-CM2","2075",0.34,0,0,43,96.95,5.0491,0.15,0,0.65,0,0.06,0,0,0,0,0.3,0,0.05,0,0,0.2,15.3014,6.9655,12.9862,15.7438,342
"p330","ssp126","ACCESS-CM2","2075",0.06,0,0,40,109.22,4.7997,0.1,0,0.8,0.05,0,0,0,0,0,0,0,0,0,0,0.4,14.8747,5.9244,10.4287,16.0135,343
"p330","ssp126","ACCESS-CM2","2075",0.25,0.15,0,58,101.68,5.2062,0.15,0,0.35,0,0,0,0,0,0,0.1,0,0,0,0,0.15,16.7897,7.6368,11.9542,14.0227,344
"p330","ssp126","ACCESS-CM2","2075",0.16,0.4,0,37,103.02,4.9913,0.05,0,1,0,0.21,0,0,0,0,0,0,0,0,0,0.05,13.3808,2.9176,14.4447,13.7053,345
"p330","ssp126","ACCESS-CM2","2075",0.3,0.4,0,49,103.72,5.1423,0.0833,0,0.2,0,0.12,0,0,0,0,0,0,0,0,0,0.25,15.4433,7.3453,11.0218,14.7702,346
"p330","ssp126","ACCESS-CM2","2075",0.18,0,0,55,102.19,5.0836,0.15,0,0.45,0,0,0,0,0,0,0.3,0,0,0,0,0.15,15.3227,8.6582,12.5015,14.8764,347
"p330","ssp126","ACCESS-CM2","2075",0.2,0,0,45,107.13,5.0668,0.1,0,0,0,0,0,0,0,0,0.1,0,0.1,0.05,0,0.35,15.2013,7.8798,12.0193,17.0821,348
"p330","ssp126","ACCESS-CM2","2075",0.14,0.1,0,42,110.85,5.157,0.2167,0,0.25,0,0.1,0,0,0,0,0.25,0,0,0.05,0,0.2,15.4614,8.7288,13.8242,15.0635,349
"p330","ssp126","ACCESS-CM2","2075",0.27,0,0,54,99.86,5.0967,0.0333,0,1,0,0,0,0,0,0,0,0,0.05,0,0,0.65,15.722,1.8625,12.378,17.7832,350
"p330","ssp126","ACCESS-CM2","2075",0.37,0,0,41,100.95,4.5138,0,0,0.95,0,0.11,0,0,0,0,0,0,0,0.05,0,0.3,14.7835,4.5959,15.4742,16.0841,351
"p330","ssp126","ACCESS-CM2","2075",0.27,0,0,41,95.02,4.514,0.05,0,1,0,0,0,0,0,0,0,0,0,0,0,0.05,14.1048,4.4896,13.0095,13.3508,352
"p330","ssp126","ACCESS-CM2","2075",0.22,0,0,53,106.22,4.6254,0.05,0,1,0,0,0,0,0,0,0.1,0,0,0,0,0.35,15.6096,4.1852,15.974,17.0384,353
"p330","ssp126","ACCESS-CM2","2075",0.25,0,0,41,106.7,4.745,0,0,1,0,0,0,0,0,0,0,0,0,0,0,0.3,14.5599,3.4408,12.2902,16.7808,354
"p330","ssp126","ACCESS-CM2","2075",0.17,0.2,0,49,103.13,4.644,0.1,0,0.8,0,0.12,0,0,0,0,0,0,0,0,0,0.3,15.4515,7.6719,13.9647,16.1323,355
"p330","ssp126","ACCESS-CM2","2075",0.27,0.3,0.1,60,97.41,5.1536,0.1,0,0.45,0,0.16,0,0,0,0,0,0,0.25,0,0,0.3,16.3588,6.8695,13.2338,17.2742,356
"p330","ssp126","ACCESS-CM2","2075",0.26,0.15,0,49,104.34,5.2166,0.1667,0,0.05,0,0.15,0,0,0,0,0,0,0,0,0,0.55,15.7366,10.1183,10.579,16.5022,357
"p330","ssp126","ACCESS-CM2","2075",0.17,0,0,30,112.84,5.2709,0.1167,0,0.55,0,0.21,0,0,0.5,0,0,0,0,0.05,0,0.4,13.3813,7.1367,17.9807,16.5944,358
"p330","ssp126","ACCESS-CM2","2075",0.31,0.25,0,46,103.4,5.0115,0.05,0,0.5,0,0.05,0,0,0,0,0,0,0,0,0,0.4,15.921,6.198,13.4312,16.1788,359
"p330","ssp126","ACCESS-CM2","2075",0.15,0,0,55,108.11,4.7707,0.0667,0,0.95,0,0,0,0,0,0,0,0,0,0,0,0.2,15.4462,4.8717,12.4802,18.0015,360
"p330","ssp126","ACCESS-CM2","2075",0.24,0.55,0,60,95.36,5.3309,0.15,0,0.5,0.05,0.05,0,0,0,0,0,0,0,0,0,0.2,16.5626,7.0068,11.7792,15.4224,361
"p330","ssp126","ACCESS-CM2","2075",0.22,0.15,0,44,105.92,5.2215,0.2167,0,0.05,0.1,0.11,0,0,0,0,0.2,0,0,0,0,0,14.5447,8.9345,13.2945,13.0038,362
"p330","ssp126","ACCESS-CM2","2075",0.24,0,0.1,18,98.63,4.992,0.0667,0,0.9,0,0.07,0,0,0,0,0.1,0,0.05,0,0,0.2,11.523,5.4159,14.6232,16.7374,363
"p330","ssp126","ACCESS-CM2","2075",0.14,0,0,31,104.84,5.0396,0.1667,0,0.1,0,0.11,0,0,0,0,0,0,0,0,0,0.25,12.7747,8.7058,12.652,16.9667,364
"p330","ssp126","ACCESS-CM2","2075",0.08,0,0.1,44,113.63,4.6695,0.0333,0,0.35,0,0.05,0,0,0,0,0,0,0.05,0,0,0.5,15.053,6.7197,12.2715,20.3278,365
"p330","ssp126","ACCESS-CM2","2075",0.15,0,0,45,110.13,5.3825,0.05,0,0.65,0,0.16,0,0,0,0,0,0,0,0,0,0.4,14.778,6.0229,16.6827,17.223,366
"p330","ssp126","ACCESS-CM2","2075",0.16,0.25,0.15,37,100.42,4.798,0.1167,0,0.35,0,0.08,0,0,0,0,0.1,0,0,0.05,0.15,0.45,14.5701,7.2199,12.3178,16.7233,367
"p330","ssp126","ACCESS-CM2","2075",0.43,0,0,68,102.09,5.0481,0.1333,0,1,0.05,0.05,0,0,0,0,0,0,0.05,0.05,0,0.4,16.8243,5.8314,10.5237,17.7579,368
"p330","ssp126","ACCESS-CM2","2075",0.1,0,0,40,103.25,5.1615,0.1167,0,0.2,0,0.09,0.05,0,0,0,0,0,0,0,0.15,0.7,14.839,8.9282,13.3705,18.6021,369
"p330","ssp126","ACCESS-CM2","2075",0.14,0.1,0,58,103.34,4.9807,0.0667,0,0.75,0,0.06,0,0,0,0,0.1,0,0,0,0,0.3,16.4363,7.2046,12.8107,15.5614,370
"p330","ssp126","ACCESS-CM2","2075",0.11,0,0,41,89.62,4.5069,0.1167,0,1,0,0,0,0,0,0.15,0.3,0,0,0,0.15,0.15,14.6423,5.0954,11.4465,15.0265,371
"p330","ssp126","ACCESS-CM2","2075",0.09,0,0,56,112.02,4.9312,0.1833,0,0.3,0,0,0,0,0,0,0,0,0.05,0,0,0.15,15.2023,8.3323,11.8565,17.9148,372
"p330","ssp126","ACCESS-CM2","2075",0.17,0.1,0,56,107.91,5.0069,0.0167,0,1,0,0,0,0,0,0,0,0,0.1,0.05,0,0.55,16.3945,4.884,15.3583,19.769,373
"p330","ssp126","ACCESS-CM2","2075",0.32,0,0,54,107.82,5.4356,0.2,0,0.3,0,0.14,0,0,0,0,0,0,0,0,0,0.2,16.7882,9.1874,13.7608,17.8089,374
"p330","ssp126","ACCESS-CM2","2075",0.27,0.15,0,43,104.75,4.9852,0.1167,0,0.25,0,0.06,0,0,0,0,0.15,0,0,0,0,0.15,15.4704,8.172,13.4745,14.0056,375
"p330","ssp126","ACCESS-CM2","2075",0,0,0,33,106.86,5.235,0.1833,0,0.3,0,0.06,0,0,0,0,0.25,0,0,0,0,0.15,14.3096,7.8885,14.6603,15.9867,376
"p330","ssp126","ACCESS-CM2","2075",0.05,0,0,57,99.63,5.1284,0.15,0,0.3,0,0,0,0,0,0,0,0,0,0,0.15,0.15,16.0796,7.3678,14.293,14.6504,377
"p330","ssp126","ACCESS-CM2","2075",0.08,0.3,0,46,100.72,4.9053,0.0333,0,0.45,0,0.15,0,0,0,0,0,0,0,0.05,0,0.25,15.3379,6.3255,13.9503,17.5044,378
"p330","ssp126","ACCESS-CM2","2075",0.45,0,0,38,97.34,4.705,0.1167,0,0.5,0,0,0,0,0,0,0.2,0,0,0,0,0.45,13.9482,6.8097,13.0298,18.4717,379
"p330","ssp126","ACCESS-CM2","2075",0.44,0.15,0,54,93.49,4.9813,0.1167,0,0.15,0,0.12,0,0,0,0,0,0,0.15,0,0,0.2,16.3548,9.0263,12.9918,16.7035,380
"p330","ssp126","ACCESS-CM2","2075",0.31,0.1,0,60,105.82,4.7621,0.2667,0,0.25,0,0,0,0,0,0,0.1,0,0,0,0,0.35,16.578,10.0201,13.3062,15.4831,381
"p330","ssp126","ACCESS-CM2","2075",0.18,0.2,0,52,96.49,4.8559,0.0333,0,1,0,0.18,0,0,0,0,0,0,0,0,0,0.3,16.8573,4.4012,12.9992,17.4871,382
"p330","ssp126","ACCESS-CM2","2075",0.42,0,0,44,111.85,5.2732,0.05,0,0.75,0.05,0.07,0,0,0,0,0,0,0.1,0.05,0,0.25,15.1363,6.0169,12.3262,16.7038,383
"p330","ssp126","ACCESS-CM2","2075",0.18,0.2,0,26,100.63,5.3125,0.0833,0,0.5,0.05,0.05,0,0,0,0,0,0,0,0.05,0,0.95,13.2677,6.8268,10.034,18.3491,384
"p330","ssp126","ACCESS-CM2","2075",0.15,0.2,0,48,111.9,5.3266,0.1,0,0.6,0,0.17,0,0,0.15,0,0.15,0,0,0,0,0.25,15.627,5.7591,15.3118,15.4206,385
"p330","ssp126","ACCESS-CM2","2075",0.15,0.1,0,52,98.48,4.7901,0.0833,0,0.8,0,0.07,0,0,0,0,0.15,0,0,0,0.15,0.3,15.8957,5.6058,13.5212,15.6135,386
"p330","ssp126","ACCESS-CM2","2075",0.15,0,0,41,105.49,5.3083,0.0667,0,0.75,0,0,0,0,0,0,0.15,0,0,0,0,0.95,14.8843,5.3832,13.6125,16.8106,387
"p330","ssp126","ACCESS-CM2","2075",0.3,0.2,0,51,108.38,5.1509,0.1333,0,0.25,0,0,0,0,0,0,0,0,0,0,0.15,0.25,16.5881,8.6529,13.8927,15.0123,388
"p330","ssp126","ACCESS-CM2","2075",0.14,0,0,45,104.71,5.0801,0.1167,0,0.45,0,0.07,0,0,0,0,0,0,0,0,0.15,0.25,14.9218,6.8678,12.1003,14.9075,389
"p330","ssp126","ACCESS-CM2","2075",0.16,0,0,34,103.29,4.9783,0.05,0,1,0,0.05,0,0,0,0,0,0,0,0,0,0.25,13.8688,3.9849,13.2167,15.1633,390
"p330","ssp126","ACCESS-CM2","2075",0.23,0,0,58,105.81,4.9226,0.0833,0,0.95,0,0.14,0,0,0,0,0,0,0,0,0,0.2,16.0007,6.0109,13.9587,14.2692,391
"p330","ssp126","ACCESS-CM2","2075",0.11,0,0,22,96.72,4.9534,0.15,0,0.7,0,0.09,0,0,0,0,0,0,0.15,0,0,0.15,13.0185,6.6569,11.7582,17.45,392
"p330","ssp126","ACCESS-CM2","2075",0.13,0.15,0,38,99.5,5.1627,0.1167,0,0.6,0,0.12,0,0,0,0,0,0,0,0,0.15,0.1,13.8948,8.1299,11.6117,15.0762,393
"p330","ssp126","ACCESS-CM2","2075",0.24,0,0.1,48,103.32,4.6492,0.0833,0,0.35,0,0,0,0,0,0,0,0,0,0,0.3,0,15.6364,6.3473,11.547,14.6511,394
"p330","ssp126","ACCESS-CM2","2075",0.5,0.35,0,57,107.61,4.9321,0.2167,0,0.9,0,0.06,0,0,0,0,0,0,0,0,0,0.45,16.2798,8.3079,14.783,17.385,395
"p330","ssp126","ACCESS-CM2","2075",0.07,0,0,60,109.76,4.7874,0.0833,0,1,0,0.05,0,0,0,0,0.1,0,0,0.05,0.15,0.4,16.787,4.8331,15.3805,16.4908,396
"p330","ssp126","ACCESS-CM2","2075",0.16,0,0,53,108.28,4.9105,0.1,0,1,0,0.19,0,0,0,0,0.1,0,0,0,0,0.3,16.0346,5.1448,16.5607,14.4332,397
"p330","ssp126","ACCESS-CM2","2075",0.31,0,0,41,108.77,5.0213,0.1667,0,0.15,0,0.05,0,0,0,0,0,0,0,0,0,0.05,14.6846,8.1783,13.3855,13.3633,398
"p330","ssp126","ACCESS-CM2","2075",0.12,0,0,62,92.85,4.7251,0.1167,0,0.75,0,0.05,0,0,0,0,0,0,0,0,0.15,0.4,16.1414,7.7168,10.2068,17.0898,399
"p330","ssp126","ACCESS-CM2","2075",0.22,0.15,0,66,102.58,4.9612,0.1,0,0.4,0,0.12,0,0,0,0,0,0,0,0,0,0.4,17.1157,6.9357,12.4153,14.1064,400
"p330","ssp126","AWI-CM-1-1-MR","2075",0.16,0,0,46,98.63,3.7056,0.0167,0,0.6,0,0,0,0,0,0,0,0,0,0,0,0.2,15.1596,6.4985,10.6965,13.5299,401
"p330","ssp126","AWI-CM-1-1-MR","2075",0.05,0.3,0,48,104.58,3.8956,0.0167,0,0,0,0.13,0,0,0,0,0,0,0,0,0,0.15,14.9999,7.5424,12.386,14.8152,402
"p330","ssp126","AWI-CM-1-1-MR","2075",0.15,0,0,41,106.35,3.7034,0.0333,0,0.6,0,0.26,0,0,0,0,0.1,0,0,0,0.15,0.2,14.6134,6.5549,15.1852,14.5367,403
"p330","ssp126","AWI-CM-1-1-MR","2075",0.31,0,0,41,106.95,3.6905,0.0333,0,0.1,0,0.08,0,0,0,0,0.2,0,0,0,0,0.1,13.5526,8.3862,10.4223,13.9271,404
"p330","ssp126","AWI-CM-1-1-MR","2075",0.19,0,0,56,105.48,3.7793,0.0167,0,0.25,0,0.09,0,0,0,0,0,0,0,0,0,0.1,15.188,7.1985,13.7997,13.431,405
"p330","ssp126","AWI-CM-1-1-MR","2075",0.28,0,0,44,113.46,3.8723,0.0167,0,0.6,0.05,0,0,0,0,0,0,0,0,0,0,0.3,14.121,6.8953,8.5842,13.3392,406
"p330","ssp126","AWI-CM-1-1-MR","2075",0.22,0.1,0,44,96.55,3.6915,0,0,0.55,0,0.12,0,0,0,0,0,0,0,0,0,0.05,15.0147,6.3348,10.4032,11.5715,407
"p330","ssp126","AWI-CM-1-1-MR","2075",0.34,0.45,0,34,104.87,3.8551,0,0,0.3,0,0.06,0,0,0,0,0,0,0.05,0.05,0,0.35,13.7517,7.2532,11.5625,17.8526,408
"p330","ssp126","AWI-CM-1-1-MR","2075",0.41,0,0,58,88.43,3.2719,0,0,0.8,0,0.1,0,0,0,0,0,0,0,0.05,0,0.1,16.2994,4.8413,13.7887,13.7143,409
"p330","ssp126","AWI-CM-1-1-MR","2075",0.3,0.35,0,55,99.72,3.8959,0.0333,0,0.85,0,0.16,0,0,0,0,0,0,0,0,0,0.1,15.6749,5.8309,13.4215,13.785,410
"p330","ssp126","AWI-CM-1-1-MR","2075",0.13,0.15,0.15,58,94.03,3.7691,0.0167,0,0.2,0,0.14,0,0,0,0,0,0,0,0,0,0,16.378,8.2718,14.4083,14.2264,411
"p330","ssp126","AWI-CM-1-1-MR","2075",0.24,0,0,19,101.79,3.6901,0.0167,0,0.6,0,0,0,0,0,0,0,0,0,0,0,0.05,12.4993,6.8946,11.8537,15.6712,412
"p330","ssp126","AWI-CM-1-1-MR","2075",0.24,0.3,0,53,100.79,3.8632,0.1,0,0.2,0,0.1,0,0,0,0,0.1,0,0,0,0,0.15,15.856,9.2282,14.6117,12.8794,413
"p330","ssp126","AWI-CM-1-1-MR","2075",0.26,0,0,46,101.07,4.029,0.0833,0,0.05,0,0.12,0,0,0,0,0.15,0,0,0,0.15,0.2,13.8818,9.1737,13.8412,13.9483,414
"p330","ssp126","AWI-CM-1-1-MR","2075",0.1,0,0,46,103.69,3.7532,0.0333,0,0.2,0,0.05,0,0,0,0,0.15,0,0,0,0,0.3,14.4988,7.2832,13.3363,17.0944,415
"p330","ssp126","AWI-CM-1-1-MR","2075",0.17,0,0,38,105.92,3.7214,0.0167,0,0.25,0,0.12,0,0,0,0,0.35,0,0,0,0.15,0.7,14.1443,6.9384,14.8655,15.093,416
"p330","ssp126","AWI-CM-1-1-MR","2075",0.13,0,0,45,98.2,3.7122,0.0167,0,0.2,0,0.11,0,0,0,0,0,0,0,0,0,0.3,14.2373,8.4328,15.1005,14.0618,417
"p330","ssp126","AWI-CM-1-1-MR","2075",0.18,0,0,42,85.25,3.5391,0,0,1,0,0,0,0,0,0,0,0,0,0,0,0.1,13.3642,4.2931,9.0612,12.8279,418
"p330","ssp126","AWI-CM-1-1-MR","2075",0.32,0.4,0,44,96.76,3.4351,0.0167,0,0.9,0,0.07,0,0,0,0,0,0,0,0,0,0.05,14.4864,5.447,10.2833,13.6109,419
"p330","ssp126","AWI-CM-1-1-MR","2075",0.17,0.1,0,51,101.2,4.1086,0.0167,0,1,0,0,0,0,0,0,0,0,0,0,0,0.55,15.7373,5.5803,12.6953,16.4344,420
"p330","ssp126","AWI-CM-1-1-MR","2075",0.2,0.15,0,50,94.59,3.4034,0.0333,0,0.2,0,0.07,0,0,0,0,0.1,0,0,0.05,0,0.5,15.6097,6.5867,12.9843,15.4431,421
"p330","ssp126","AWI-CM-1-1-MR","2075",0.16,0,0,28,93.1,3.6008,0.05,0,0.1,0,0.06,0,0,0,0,0,0,0,0,0,0.15,12.8441,8.3492,15.6945,16.672,422
"p330","ssp126","AWI-CM-1-1-MR","2075",0.16,0.35,0,36,107.75,3.6316,0.0833,0,0.2,0.05,0.06,0,0,0,0,0,0,0,0,0,0.05,14.0249,8.3975,9.8203,12.033,423
"p330","ssp126","AWI-CM-1-1-MR","2075",0.49,0,0,42,96.21,3.3148,0,0,0.6,0,0,0,0,0,0,0,0,0,0,0.15,0.1,14.0178,5.9653,12.1805,16.0709,424
"p330","ssp126","AWI-CM-1-1-MR","2075",0.16,0,0,35,104.44,3.7889,0.0333,0,0.5,0.05,0,0,0,0,0,0,0,0,0,0,0,14.6703,6.5259,10.3125,13.1299,425
"p330","ssp126","AWI-CM-1-1-MR","2075",0.25,0.25,0,48,105.02,3.5985,0.0667,0,0.15,0,0.06,0,0,0,0,0,0,0,0,0.15,0.15,16.2862,6.2572,14.1178,14.2756,426
"p330","ssp126","AWI-CM-1-1-MR","2075",0.32,0,0,38,87.42,3.7939,0,0,0.7,0,0.11,0,0,0,0,0,0,0,0,0.15,0.4,13.2878,5.7068,14.7603,16.203,427
"p330","ssp126","AWI-CM-1-1-MR","2075",0,0,0,39,103.78,3.7088,0.0167,0,0.05,0,0.05,0,0,0,0,0.15,0,0,0,0,0.1,13.591,8.5498,10.5792,14.1535,428
"p330","ssp126","AWI-CM-1-1-MR","2075",0.22,0,0,38,102.19,3.7503,0,0,0.5,0,0,0,0,0,0,0,0,0,0,0,0.05,14.9715,6.4251,11.9165,12.535,429
"p330","ssp126","AWI-CM-1-1-MR","2075",0.32,0,0,30,104.56,3.7737,0,0,1,0,0.12,0,0,0,0,0,0,0,0,0,0.15,13.4592,3.0608,13.165,15.0602,430
"p330","ssp126","AWI-CM-1-1-MR","2075",0.15,0,0.1,44,107.6,3.7432,0.0167,0,0.7,0,0,0,0,0,0,0,0,0,0,0.15,0,14.4411,4.4377,13.6588,11.1959,431
"p330","ssp126","AWI-CM-1-1-MR","2075",0.41,0,0,55,92.6,3.8082,0.0167,0,0,0,0.12,0,0,0,0,0,0,0,0,0,0.15,15.6123,6.6917,8.8845,13.2402,432
"p330","ssp126","AWI-CM-1-1-MR","2075",0.32,0,0,49,102.45,3.9054,0,0,0.45,0,0,0,0,0,0,0.15,0,0,0,0,0.15,14.7378,7.5242,15.6587,14.2906,433
"p330","ssp126","AWI-CM-1-1-MR","2075",0.22,0,0,42,92.28,3.7415,0,0,0.35,0,0.12,0,0,0,0,0,0,0,0.05,0.15,0.3,13.9902,8.867,13.4837,15.2977,434
"p330","ssp126","AWI-CM-1-1-MR","2075",0.43,0,0,47,96.84,3.9041,0.0333,0,0.35,0,0.06,0,0,0,0,0,0,0,0,0.15,0.5,14.7098,6.7,9.8857,14.2785,435
"p330","ssp126","AWI-CM-1-1-MR","2075",0.37,0.4,0,49,109.27,3.9468,0.05,0,0.5,0,0.12,0,0,0,0,0,0,0,0,0,0,15.216,6.5604,12.2495,9.9609,436
"p330","ssp126","AWI-CM-1-1-MR","2075",0.25,0.25,0,39,90.46,3.6338,0.0667,0,0.45,0,0.07,0,0,0,0,0.35,0,0,0.05,0,0.2,14.1416,7.5712,14.275,14.1224,437
"p330","ssp126","AWI-CM-1-1-MR","2075",0.15,0,0,35,95.46,3.1782,0,0,0.8,0,0.06,0,0,0,0,0.1,0,0,0,0,0.2,13.7091,4.2455,12.7402,15.827,438
"p330","ssp126","AWI-CM-1-1-MR","2075",0.27,0.1,0,41,92.51,3.4901,0.0167,0,1,0,0.05,0,0,0,0,0,0,0,0,0,0.3,14.5973,1.9493,15.4922,15.9602,439
"p330","ssp126","AWI-CM-1-1-MR","2075",0.33,0,0,42,105.85,3.837,0,0,0.35,0,0.21,0,0,0,0,0,0,0,0,0,0.2,13.2847,7.75,15.717,14.7445,440
"p330","ssp126","AWI-CM-1-1-MR","2075",0.29,0.2,0,56,78.89,3.6961,0.0333,0,0.4,0,0.05,0,0,0,0,0,0,0,0,0.15,0.35,15.832,6.772,10.4373,15.0535,441
"p330","ssp126","AWI-CM-1-1-MR","2075",0.16,0,0,32,90.75,3.7352,0.0333,0,0.55,0,0,0,0,0,0,0,0,0.05,0,0,0.3,14.3673,6.5664,12.8138,13.8258,442
"p330","ssp126","AWI-CM-1-1-MR","2075",0.16,0.15,0,35,103.43,3.514,0.0167,0,0.75,0,0,0,0,0,0,0,0,0,0,0,0.05,13.8197,5.8181,10.4605,13.9511,443
"p330","ssp126","AWI-CM-1-1-MR","2075",0.29,0.35,0,57,99.96,3.9,0,0,0.3,0,0.07,0,0,0,0,0.35,0,0,0,0,0,16.2247,7.2606,11.3112,11.9873,444
"p330","ssp126","AWI-CM-1-1-MR","2075",0.15,0.25,0,34,104.26,3.6676,0,0,1,0,0.06,0,0,0,0,0.2,0,0,0,0.15,0.1,12.6831,3.2951,12.412,11.9099,445
"p330","ssp126","AWI-CM-1-1-MR","2075",0.23,0.1,0,46,100.49,3.8996,0.0167,0,0.05,0,0.05,0,0,0,0,0,0,0,0,0,0.05,14.4876,7.5152,9.644,13.12,446
"p330","ssp126","AWI-CM-1-1-MR","2075",0.4,0,0,52,91.45,3.8216,0.0667,0,0.35,0,0.07,0,0,0,0,0.1,0,0,0,0,0.05,14.7995,8.9257,12.2395,13.4994,447
"p330","ssp126","AWI-CM-1-1-MR","2075",0.19,0.15,0,45,106.54,3.9758,0,0,0,0,0.05,0,0,0,0,0,0,0,0.05,0,0.3,14.3779,7.5542,11.3452,15.102,448
"p330","ssp126","AWI-CM-1-1-MR","2075",0.15,0,0,36,108.99,3.8503,0.0333,0,0.15,0,0.17,0,0,0,0,0.1,0,0,0,0,0.05,14.6285,7.8671,13.114,13.6216,449
"p330","ssp126","AWI-CM-1-1-MR","2075",0.11,0,0,33,91.51,3.6887,0.05,0,1,0,0.17,0,0,0,0,0,0.05,0,0.05,0,0.5,14.3072,1.6498,11.6477,16.8768,450
"p330","ssp126","AWI-CM-1-1-MR","2075",0.44,0,0,33,97.53,3.5911,0,0,0.95,0,0.1,0,0,0,0,0.1,0,0,0,0,0.15,13.7754,3.7396,14.0985,15.1965,451
"p330","ssp126","AWI-CM-1-1-MR","2075",0.12,0,0,32,94.03,3.5328,0,0,0.9,0,0.05,0,0,0,0,0.15,0,0,0,0,0.05,13.2061,4.5648,12.3995,11.9855,452
"p330","ssp126","AWI-CM-1-1-MR","2075",0.11,0,0,49,100.51,3.2311,0.0667,0,1,0,0.17,0,0,0,0,0.25,0,0,0,0.15,0.1,14.8731,4.3083,15.102,14.7582,453
"p330","ssp126","AWI-CM-1-1-MR","2075",0.29,0.15,0,32,99.45,3.4819,0,0,1,0,0.06,0,0,0,0,0,0,0,0,0,0.15,13.4339,2.5933,10.7458,15.2889,454
"p330","ssp126","AWI-CM-1-1-MR","2075",0.46,0.2,0,43,97.32,3.6628,0.0333,0,0.6,0,0.1,0,0,0,0,0,0,0,0,0.15,0.2,15.1308,8.2019,13.6687,13.6059,455
"p330","ssp126","AWI-CM-1-1-MR","2075",0.23,0,0,51,96.83,3.7883,0.0167,0,0.3,0,0.07,0,0,0,0,0,0,0,0.05,0,0.15,15.2233,6.7729,11.9075,16.1053,456
"p330","ssp126","AWI-CM-1-1-MR","2075",0.12,0,0,40,100.95,3.7062,0.0167,0,0,0,0.06,0,0,0,0,0,0,0,0,0,0.25,14.3465,10.0327,9.5505,14.0516,457
"p330","ssp126","AWI-CM-1-1-MR","2075",0.35,0,0,23,109.97,3.9377,0,0,0.5,0,0.07,0,0,0,0,0,0,0,0,0.15,0.35,12.5285,7.0338,17.0918,14.2391,458
"p330","ssp126","AWI-CM-1-1-MR","2075",0.12,0.15,0,42,98.54,3.6533,0.0167,0,0.4,0,0.08,0,0,0,0,0,0,0,0,0,0.3,14.7841,5.6548,12.0733,15.2514,459
"p330","ssp126","AWI-CM-1-1-MR","2075",0.38,0.35,0,51,104.9,3.6725,0.0333,0,0.9,0,0.1,0,0,0,0,0,0,0,0,0.15,0.25,14.7849,4.5449,12.203,15.5409,460
"p330","ssp126","AWI-CM-1-1-MR","2075",0.37,0.25,0,45,86.51,4.0169,0.0333,0,0.4,0.05,0.14,0,0,0,0,0,0,0,0,0,0.05,15.5481,6.3938,11.7182,13.2524,461
"p330","ssp126","AWI-CM-1-1-MR","2075",0.29,0.1,0,35,104.05,3.9332,0.05,0,0,0.1,0.09,0,0,0,0,0,0,0,0,0,0,13.5199,8.9174,12.2968,10.9161,462
"p330","ssp126","AWI-CM-1-1-MR","2075",0.33,0,0,17,96.66,3.8047,0.0167,0,0.65,0,0.05,0,0,0,0,0.1,0,0,0,0.15,0.3,10.857,5.6469,13.8297,15.0209,463
"p330","ssp126","AWI-CM-1-1-MR","2075",0.36,0,0,22,103.89,3.8521,0.0167,0,0.05,0,0.06,0,0,0,0,0,0,0,0,0,0.15,12.0174,8.1471,12.0387,15.3262,464
"p330","ssp126","AWI-CM-1-1-MR","2075",0.15,0,0,37,110.68,3.5325,0.0167,0,0.2,0,0,0,0,0,0,0,0,0.1,0,0,0.2,14.0005,6.8918,11.0155,18.8787,465
"p330","ssp126","AWI-CM-1-1-MR","2075",0.15,0,0.15,35,107.85,3.8989,0.0167,0,0.45,0,0,0,0,0,0,0.2,0,0,0,0,0.15,13.8107,5.9934,15.0732,16.6741,466
"p330","ssp126","AWI-CM-1-1-MR","2075",0.35,0.15,0,38,96.27,3.4446,0.0167,0,0.1,0,0.13,0,0,0,0,0,0,0,0,0.15,0.25,14.2028,6.7218,12.204,15.3376,467
"p330","ssp126","AWI-CM-1-1-MR","2075",0.14,0.15,0.1,36,101.18,3.8103,0.0333,0,0.85,0,0.11,0,0,0,0,0,0,0,0,0,0.15,15.1518,5.82,10.0098,15.8588,468
"p330","ssp126","AWI-CM-1-1-MR","2075",0.29,0.1,0,40,101.78,3.5701,0.0167,0,0.2,0,0.07,0,0,0,0,0,0,0,0.05,0,0.35,14.2553,8.1055,12.3207,16.7085,469
"p330","ssp126","AWI-CM-1-1-MR","2075",0.5,0.15,0,57,100.94,3.7125,0.0667,0,0.55,0,0.14,0,0,0,0,0,0,0,0,0,0.1,16.09,7.0668,12.8522,14.3621,470
"p330","ssp126","AWI-CM-1-1-MR","2075",0.22,0,0.1,34,90.21,3.5921,0.0333,0,0.95,0,0.12,0,0,0,0,0,0,0,0,0.15,0.25,13.8553,5.4345,11.524,13.4527,471
"p330","ssp126","AWI-CM-1-1-MR","2075",0.23,0,0,46,108.87,3.3641,0,0,0.15,0,0,0,0,0,0,0,0,0,0,0,0.35,14.4279,7.5561,10.3957,15.648,472
"p330","ssp126","AWI-CM-1-1-MR","2075",0.18,0,0.15,47,104.71,3.8168,0,0,0.95,0,0.13,0,0,0,0,0,0,0,0,0,0.4,15.282,4.6347,14.3328,16.8421,473
"p330","ssp126","AWI-CM-1-1-MR","2075",0.33,0.3,0,48,104.03,3.6783,0.05,0,0.2,0,0.12,0,0,0,0,0,0,0,0,0.15,0.1,15.8441,8.5199,13.3283,16.285,474
"p330","ssp126","AWI-CM-1-1-MR","2075",0.3,0.15,0,37,99.48,3.5846,0.0167,0,0.15,0,0.12,0,0,0,0,0.15,0,0,0,0,0.15,14.4995,7.9911,13.4042,12.8242,475
"p330","ssp126","AWI-CM-1-1-MR","2075",0.12,0,0,23,107.82,4.0652,0.0167,0,0.15,0,0.05,0,0,0,0,0,0,0,0,0,0.05,13.8812,6.994,13.7362,13.6223,476
"p330","ssp126","AWI-CM-1-1-MR","2075",0.2,0,0,48,95.44,3.7018,0.0333,0,0.2,0,0.06,0,0,0,0,0.2,0,0,0.05,0,0.1,15.175,6.9272,12.5685,13.5396,477
"p330","ssp126","AWI-CM-1-1-MR","2075",0.43,0,0,47,93.76,3.6626,0,0,0.4,0,0.1,0,0,0,0,0.15,0,0,0,0,0.3,15.0042,6.59,12.651,15.1935,478
"p330","ssp126","AWI-CM-1-1-MR","2075",0.38,0,0,30,89.24,3.4201,0.0167,0,0.4,0,0,0,0,0,0,0.15,0,0,0,0,0.35,12.8359,6.761,11.9622,15.928,479
"p330","ssp126","AWI-CM-1-1-MR","2075",0.24,0,0.1,40,85.88,3.7222,0.0333,0,0,0,0.17,0,0,0,0,0,0,0,0,0.15,0.35,14.9543,9.5996,11.9775,13.8147,480
"p330","ssp126","AWI-CM-1-1-MR","2075",0.24,0.1,0,53,103.47,3.5262,0.0833,0,0.05,0,0.05,0,0,0,0,0,0,0,0,0,0.4,15.7152,9.5155,12.6287,13.3431,481
"p330","ssp126","AWI-CM-1-1-MR","2075",0.22,0.15,0,44,90.31,3.7813,0.0333,0,1,0,0.05,0,0,0,0,0.15,0,0,0,0,0.2,16.0864,4.3566,11.0468,16.3405,482
"p330","ssp126","AWI-CM-1-1-MR","2075",0.31,0,0,35,109.03,3.7921,0.0167,0,0.5,0,0.1,0,0,0,0,0,0,0.05,0.05,0.15,0.1,14.0801,5.7829,11.4468,14.9027,483
"p330","ssp126","AWI-CM-1-1-MR","2075",0.29,0.2,0,22,94.35,3.9327,0,0,0.2,0,0.05,0,0,0,0,0,0,0,0,0.15,0.3,12.637,7.1212,9.8472,16.6467,484
"p330","ssp126","AWI-CM-1-1-MR","2075",0.24,0.55,0,47,102.81,3.7005,0.0333,0,0.45,0,0.06,0,0,0,0,0,0,0,0,0,0.1,15.2872,5.506,14.0632,14.2321,485
"p330","ssp126","AWI-CM-1-1-MR","2075",0.23,0.15,0,44,91.34,3.6168,0.05,0,0.75,0,0.14,0,0,0,0,0.1,0,0,0.05,0,0.1,15.1212,5.7947,12.945,14.7545,486
"p330","ssp126","AWI-CM-1-1-MR","2075",0.36,0,0,39,102.13,3.9683,0.0333,0,0.65,0,0.09,0,0,0,0,0,0,0,0,0.15,0.55,14.3127,5.8683,13.3378,15.4065,487
"p330","ssp126","AWI-CM-1-1-MR","2075",0.33,0.4,0,48,107.2,3.6942,0.05,0,0.15,0,0.1,0,0,0,0,0,0,0,0,0,0.1,15.7605,7.7889,12.8485,14.7571,488
"p330","ssp126","AWI-CM-1-1-MR","2075",0.32,0,0,31,105.03,4.0627,0.0167,0,0.25,0,0.11,0,0,0,0,0,0,0,0,0,0,13.9982,7.1813,11.755,13.5354,489
"p330","ssp126","AWI-CM-1-1-MR","2075",0.21,0,0,27,96.69,3.723,0,0,1,0,0.06,0,0,0,0,0,0,0,0,0,0,12.7492,3.7777,12.0427,13.2658,490
"p330","ssp126","AWI-CM-1-1-MR","2075",0.22,0,0,44,102.93,3.7828,0,0,0.6,0,0.06,0,0,0,0,0,0,0,0,0,0.15,14.8781,5.9952,12.956,11.8198,491
"p330","ssp126","AWI-CM-1-1-MR","2075",0.18,0,0,24,92.36,3.6135,0.0333,0,0.6,0,0.16,0,0,0,0,0,0,0,0,0,0.25,12.6368,6.0937,12.0728,15.062,492
"p330","ssp126","AWI-CM-1-1-MR","2075",0.06,0.15,0,32,97.43,4.0291,0.0833,0,0.35,0,0.1,0,0,0,0,0,0,0,0,0.15,0,12.9947,9.2248,11.0937,13.1615,493
"p330","ssp126","AWI-CM-1-1-MR","2075",0.27,0,0,46,99.91,3.6455,0.0167,0,0.05,0,0.09,0,0,0,0,0,0,0,0,0,0.05,15.2836,6.7052,11.1263,12.758,494
"p330","ssp126","AWI-CM-1-1-MR","2075",0,0.1,0,40,103.85,3.7874,0.0333,0,0.65,0,0.13,0,0,0,0,0,0,0,0,0.6,0.05,14.5281,8.1529,14.007,15.0239,495
"p330","ssp126","AWI-CM-1-1-MR","2075",0.32,0.15,0,57,107.41,3.766,0.0333,0,1,0,0.11,0,0,0,0,0,0,0,0,0,0.2,16.0784,4.4674,14.9088,15.7773,496
"p330","ssp126","AWI-CM-1-1-MR","2075",0.13,0,0,51,105.53,3.7888,0.05,0,0.7,0,0.08,0,0,0,0,0.1,0,0,0,0,0.1,15.1415,5.2921,15.5088,13.3456,497
"p330","ssp126","AWI-CM-1-1-MR","2075",0.2,0,0,40,106.2,3.7536,0.05,0,0.05,0,0.15,0,0,0,0,0,0,0,0,0,0,13.7842,8.11,13.1963,11.4108,498
"p330","ssp126","AWI-CM-1-1-MR","2075",0.27,0,0,49,86.46,3.5026,0.0333,0,0.65,0,0,0,0,0,0,0,0,0,0,0,0.05,15.581,7.3982,9.6968,14.9524,499
"p330","ssp126","AWI-CM-1-1-MR","2075",0.3,0.15,0,61,98.74,3.7077,0,0,0.35,0,0.1,0,0,0,0,0,0,0,0,0,0.15,16.3449,6.3228,11.9418,11.7229,500
"p330","ssp126","CanESM5","2075",0.16,0.2,0.15,57,104.28,3.9479,0.0333,0,0.5,0,0,0,0,0,0,0,0,0,0,0,0.2,16.5499,7.1468,10.8667,14.1957,501
"p330","ssp126","CanESM5","2075",0.05,0.35,0,61,107.47,4.1691,0.05,0,0,0,0.08,0,0,0,0,0,0,0,0,0,0.15,16.3938,8.1925,12.558,15.4665,502
"p330","ssp126","CanESM5","2075",0.15,0,0,52,110.19,3.9938,0.1333,0,0.6,0,0.24,0,0,0,0,0.1,0,0,0,0.15,0.2,16.0092,7.2069,15.356,15.1824,503
"p330","ssp126","CanESM5","2075",0.31,0,0,55,107.59,4.0157,0.15,0,0.1,0,0.08,0,0,0,0,0.2,0,0,0,0,0.15,14.9504,9.038,10.6,14.5659,504
"p330","ssp126","CanESM5","2075",0.18,0,0,63,107.22,4.0978,0.05,0,0.15,0,0.05,0,0,0,0,0,0,0,0,0,0.15,16.5787,7.8476,13.9693,14.0981,505
"p330","ssp126","CanESM5","2075",0.22,0.15,0.1,55,114.05,4.1237,0.05,0,0.5,0.05,0,0,0,0,0,0,0,0,0,0,0.3,15.5138,7.5455,8.7553,13.9909,506
"p330","ssp126","CanESM5","2075",0.17,0.2,0,53,101.63,4.0068,0.05,0,0.5,0,0.12,0,0,0,0,0,0,0,0,0,0,16.4098,6.9853,10.5757,12.2188,507
"p330","ssp126","CanESM5","2075",0.29,0.5,0,38,107.97,4.1603,0.0667,0,0.3,0,0.06,0,0,0,0,0,0,0.05,0,0,0.7,15.1497,7.9063,11.7403,18.4932,508
"p330","ssp126","CanESM5","2075",0.41,0,0,78,97.1,3.5548,0.05,0,0.65,0,0.1,0,0,0,0,0,0,0,0,0,0.1,17.6895,5.4898,13.9588,14.3821,509
"p330","ssp126","CanESM5","2075",0.29,0.55,0,57,101.78,4.2118,0.15,0,0.85,0,0.16,0,0,0,0,0,0,0,0,0,0.1,17.0674,6.4801,13.5915,14.4373,510
"p330","ssp126","CanESM5","2075",0.13,0.2,0.15,70,99.89,4.0255,0.05,0,0.15,0,0.14,0,0,0,0,0,0,0,0,0,0.05,17.7731,8.9228,14.5807,14.8744,511
"p330","ssp126","CanESM5","2075",0.24,0,0.1,33,103.02,3.991,0.0333,0,0.55,0,0,0,0,0,0,0,0,0,0,0,0.05,13.8958,7.5469,12.0312,16.3129,512
"p330","ssp126","CanESM5","2075",0.24,0.4,0,58,105.54,4.1156,0.2167,0,0.2,0,0.1,0,0,0,0,0.1,0,0,0,0,0.1,17.2457,9.8759,14.7825,13.5485,513
"p330","ssp126","CanESM5","2075",0.26,0,0,50,106.21,4.3209,0.1833,0,0.05,0,0.12,0,0,0,0,0.15,0,0,0,0.15,0.2,15.2743,9.8222,14.0122,14.602,514
"p330","ssp126","CanESM5","2075",0.1,0.25,0,57,107.54,4.035,0.0833,0,0.15,0,0.05,0,0,0,0,0.15,0,0,0,0.15,0.3,15.8927,7.9341,13.508,17.7436,515
"p330","ssp126","CanESM5","2075",0.17,0,0,52,109.54,3.97,0.0833,0,0.25,0,0.12,0,0,0,0,0.35,0,0,0,0.15,0.75,15.5404,7.5897,15.0432,15.7347,516
"p330","ssp126","CanESM5","2075",0.13,0.1,0,52,105.99,3.9374,0.0833,0,0.2,0,0.11,0,0,0,0,0,0,0,0,0,0.3,15.626,9.0811,15.2703,14.7313,517
"p330","ssp126","CanESM5","2075",0.18,0.1,0,47,92.43,3.8307,0.0167,0,0.9,0,0,0,0,0,0,0,0,0,0,0,0.1,14.7558,4.9423,9.2328,13.4827,518
"p330","ssp126","CanESM5","2075",0.37,0.4,0,50,102.18,3.7864,0.0333,0,0.9,0,0.07,0,0,0,0,0,0,0,0,0,0.1,15.8803,6.0975,10.4547,14.2614,519
"p330","ssp126","CanESM5","2075",0.17,0.45,0,61,102.7,4.4003,0.0333,0,0.95,0,0,0,0,0,0,0,0,0,0,0,0.55,17.1333,6.2312,12.873,17.077,520
"p330","ssp126","CanESM5","2075",0.2,0.15,0,65,98.05,3.6697,0.1,0,0.15,0,0.07,0,0,0,0,0.1,0,0,0,0,0.6,16.9975,7.2342,13.1542,16.1147,521
"p330","ssp126","CanESM5","2075",0.16,0,0,37,98.11,3.8954,0.0667,0,0.1,0,0.06,0,0,0,0,0,0,0,0,0,0.15,14.2347,8.9984,15.8647,17.328,522
"p330","ssp126","CanESM5","2075",0.16,0.35,0,47,110.4,3.9066,0.1333,0,0.25,0.05,0.06,0,0,0,0,0,0,0,0,0,0.05,15.4181,9.0475,9.9913,12.6838,523
"p330","ssp126","CanESM5","2075",0.43,0,0,55,102.82,3.5809,0,0,0.5,0,0,0,0,0,0,0,0,0,0,0.15,0.1,15.4136,6.6167,12.3573,16.7156,524
"p330","ssp126","CanESM5","2075",0.16,0.15,0,41,108.46,4.0642,0.0667,0,0.5,0.05,0,0,0,0,0,0,0,0,0,0,0,16.0586,7.173,10.4815,13.8021,525
"p330","ssp126","CanESM5","2075",0.28,0.6,0,58,106.81,3.906,0.0667,0,0.1,0,0.06,0,0,0,0,0,0,0,0,0.3,0.1,17.677,6.9059,14.2875,14.9312,526
"p330","ssp126","CanESM5","2075",0.32,0,0,47,94.36,4.0785,0.0167,0,0.7,0,0.11,0,0,0,0,0,0,0,0,0.15,0.4,14.681,6.3568,14.9315,16.8542,527
"p330","ssp126","CanESM5","2075",0,0,0,45,108.6,3.9953,0.0333,0,0,0,0.05,0,0,0,0,0.15,0,0,0,0,0.1,14.9863,9.2002,10.7563,14.7988,528
"p330","ssp126","CanESM5","2075",0.22,0.4,0,49,107.44,4.0746,0.0167,0,0.45,0,0,0,0,0,0,0,0,0,0,0,0.05,16.3588,7.0722,12.0858,13.2075,529
"p330","ssp126","CanESM5","2075",0.32,0,0,40,105.26,4.0103,0.05,0,1,0,0.12,0,0,0,0,0,0,0,0,0,0.25,14.8497,3.7092,13.335,15.7186,530
"p330","ssp126","CanESM5","2075",0.15,0,0.1,51,109.61,4.0398,0.0667,0,0.65,0,0,0,0,0,0,0,0,0,0,0.15,0,15.8339,5.0875,13.8298,11.8482,531
"p330","ssp126","CanESM5","2075",0.42,0,0,62,96.99,4.1257,0.0333,0,0,0,0.12,0,0,0,0,0,0,0,0,0,0.2,17.0063,7.3413,9.0615,13.8865,532
"p330","ssp126","CanESM5","2075",0.32,0.25,0,60,106.53,4.2107,0.0333,0,0.45,0,0,0,0,0,0,0.15,0,0,0,0.15,0.3,16.1253,8.1703,15.8277,14.9646,533
"p330","ssp126","CanESM5","2075",0.22,0,0,52,95.47,4.036,0.0833,0,0.35,0,0.12,0,0,0,0,0.2,0,0,0,0.15,0.4,15.3799,9.5145,13.6543,15.9564,534
"p330","ssp126","CanESM5","2075",0.44,0.15,0,54,100,4.1746,0.0833,0,0.35,0,0.06,0,0,0,0,0,0,0,0,0.15,0.5,16.1015,7.349,10.056,14.9327,535
"p330","ssp126","CanESM5","2075",0.32,0.65,0,53,112.22,4.2341,0.0833,0,0.5,0,0.12,0,0,0,0,0,0,0,0,0,0,16.6103,7.2101,12.426,10.6074,536
"p330","ssp126","CanESM5","2075",0.25,0.45,0,52,96.05,3.8853,0.1333,0,0.3,0,0.07,0,0,0,0,0.35,0,0,0,0,0.2,15.5284,8.2175,14.4443,14.7966,537
"p330","ssp126","CanESM5","2075",0.15,0.25,0,43,100.68,3.4061,0.0167,0,0.75,0,0.06,0,0,0,0,0.1,0,0,0,0,0.25,15.0985,4.8932,12.91,16.4874,538
"p330","ssp126","CanESM5","2075",0.28,0.5,0,53,94.51,3.7503,0.0167,0,1,0,0.05,0,0,0,0,0,0,0,0,0.15,0.3,15.9887,2.5974,15.662,16.6147,539
"p330","ssp126","CanESM5","2075",0.33,0,0,51,108.95,4.1343,0.0333,0,0.3,0,0.21,0,0,0,0,0.1,0,0,0,0,0.2,14.6787,8.4003,15.8932,15.3924,540
"p330","ssp126","CanESM5","2075",0.29,0.3,0,69,88.55,3.9333,0.0667,0,0.3,0,0.05,0,0,0,0,0,0,0,0,0.15,0.35,17.2187,7.418,10.606,15.7303,541
"p330","ssp126","CanESM5","2075",0.16,0,0,52,94.34,4.0182,0.1167,0,0.5,0,0,0,0,0,0,0,0,0.05,0,0,0.35,15.7561,7.2142,12.983,14.4867,542
"p330","ssp126","CanESM5","2075",0.16,0.15,0,38,106.47,3.7851,0.0833,0,0.7,0,0,0,0,0,0,0,0,0,0,0,0.05,15.2102,6.4656,10.63,14.6073,543
"p330","ssp126","CanESM5","2075",0.29,0.45,0,70,103.17,4.1687,0.05,0,0.2,0,0.07,0,0,0,0,0.35,0,0,0,0,0,17.6177,7.9102,11.4873,12.6364,544
"p330","ssp126","CanESM5","2075",0.15,0.5,0,39,108.23,3.9126,0.0333,0,1,0,0.06,0,0,0,0,0.2,0,0,0,0.15,0.1,14.0686,3.9417,12.5812,12.5875,545
"p330","ssp126","CanESM5","2075",0.23,0.35,0,48,103.88,4.2191,0.0667,0,0,0,0.05,0,0,0,0,0,0,0,0,0,0.05,15.8749,8.1619,9.8137,13.782,546
"p330","ssp126","CanESM5","2075",0.37,0.15,0,64,95.87,4.1638,0.1833,0,0.25,0,0.06,0,0,0,0,0.15,0,0,0,0,0.05,16.1896,9.5743,12.4103,14.157,547
"p330","ssp126","CanESM5","2075",0.19,0.2,0,49,109.2,4.2761,0.0667,0,0,0,0.05,0,0,0,0,0,0,0,0.05,0,0.3,15.7714,8.2028,11.5215,15.7517,548
"p330","ssp126","CanESM5","2075",0.15,0,0,48,112.39,4.1301,0.0667,0,0.1,0,0.17,0,0,0,0,0.1,0,0,0,0,0.05,16.0137,8.5122,13.282,14.3001,549
"p330","ssp126","CanESM5","2075",0.11,0,0,51,96.93,3.9609,0.1,0,1,0,0.17,0,0,0,0,0,0,0,0,0,0.6,15.6951,2.2972,11.8177,17.54,550
"p330","ssp126","CanESM5","2075",0.43,0,0,51,102.58,3.7944,0,0,0.9,0,0.1,0,0,0,0,0.1,0,0,0,0.15,0.15,15.1655,4.3878,14.2675,15.855,551
"p330","ssp126","CanESM5","2075",0.12,0.15,0,43,99.66,3.8109,0,0,0.85,0,0.05,0,0,0,0,0.2,0,0,0,0,0.05,14.5977,5.2141,12.5753,12.6356,552
"p330","ssp126","CanESM5","2075",0.11,0,0,58,104.87,3.4878,0.1333,0,1,0,0.17,0,0,0,0,0.35,0,0,0,0.15,0.2,16.258,4.9532,15.27,15.4374,553
"p330","ssp126","CanESM5","2075",0.29,0.2,0,41,105.78,3.7026,0,0,1,0,0.06,0,0,0,0,0,0,0,0,0,0.15,14.8208,3.2396,10.9157,15.9523,554
"p330","ssp126","CanESM5","2075",0.39,0.2,0,59,103.02,3.9663,0.0333,0,0.6,0,0.1,0,0,0,0,0,0,0,0,0.15,0.25,16.5204,8.8498,13.8385,14.2638,555
"p330","ssp126","CanESM5","2075",0.18,0,0,59,100.22,4.0696,0.0833,0,0.25,0,0.07,0,0,0,0,0,0,0,0.05,0,0.2,16.615,7.422,12.0835,16.7576,556
"p330","ssp126","CanESM5","2075",0.12,0,0,48,104.14,4.0128,0.1167,0,0,0,0.06,0,0,0,0,0,0,0,0,0,0.25,15.7309,10.6778,9.7192,14.7309,557
"p330","ssp126","CanESM5","2075",0.33,0,0,36,113.16,4.1936,0.0833,0,0.45,0,0.07,0,0,0,0,0,0,0,0,0.15,0.55,13.9149,7.6799,17.2607,14.9041,558
"p330","ssp126","CanESM5","2075",0.12,0.3,0.25,50,102.29,3.9147,0.05,0,0.3,0,0.08,0,0,0,0,0,0,0,0,0,0.25,16.1732,6.3018,12.2432,15.9114,559
"p330","ssp126","CanESM5","2075",0.37,0.4,0,56,108.33,3.9072,0.0667,0,0.85,0,0.1,0,0,0,0,0,0,0,0,0.3,0.25,16.1762,5.1928,12.3793,16.1939,560
"p330","ssp126","CanESM5","2075",0.37,0.35,0,60,92.99,4.3461,0.05,0,0.4,0.05,0.14,0,0,0,0,0,0,0,0,0,0.05,16.932,7.0391,11.8867,13.9325,561
"p330","ssp126","CanESM5","2075",0.29,0.3,0,47,107.03,4.2613,0.15,0,0,0.05,0.09,0,0,0,0,0,0,0,0,0,0,14.9055,9.5634,12.466,11.5821,562
"p330","ssp126","CanESM5","2075",0.33,0,0,23,100.14,4.165,0.05,0,0.6,0,0.05,0,0,0,0,0.1,0,0,0,0.15,0.3,12.2458,6.2948,13.9993,15.6817,563
"p330","ssp126","CanESM5","2075",0.29,0,0,35,104.87,4.1793,0.0667,0,0.05,0,0.06,0,0,0,0,0,0,0,0,0,0.15,13.4084,8.7958,12.2145,15.9803,564
"p330","ssp126","CanESM5","2075",0.1,0,0,46,114.64,3.7692,0.0833,0,0.2,0,0,0,0,0,0,0,0,0.1,0,0.15,0.25,15.384,7.5362,11.1828,19.5607,565
"p330","ssp126","CanESM5","2075",0.15,0,0.15,45,111.35,4.1974,0.05,0,0.4,0,0,0,0,0,0,0.35,0,0,0,0,0.15,15.1963,6.6391,15.2423,17.3418,566
"p330","ssp126","CanESM5","2075",0.35,0.4,0,52,99.78,3.7583,0.05,0,0.05,0,0.13,0,0,0,0,0,0,0,0,0.15,0.25,15.5907,7.3696,12.3733,15.9988,567
"p330","ssp126","CanESM5","2075",0.14,0.2,0.15,56,103.66,4.0721,0.0833,0,0.8,0,0,0,0,0,0,0,0,0,0,0,0.15,16.5421,6.4682,10.185,16.5145,568
"p330","ssp126","CanESM5","2075",0.29,0.35,0,48,102.99,3.8505,0.05,0,0.2,0,0.07,0.05,0,0,0,0,0,0,0,0,0.35,15.6376,8.7497,12.489,17.3922,569
"p330","ssp126","CanESM5","2075",0.45,0.15,0,63,103.39,4.0004,0.15,0,0.55,0,0.14,0,0,0,0,0,0,0,0,0,0.15,17.4748,7.7119,13.0198,15.0305,570
"p330","ssp126","CanESM5","2075",0.21,0,0,56,92.86,3.874,0.1167,0,0.9,0,0.1,0,0,0,0,0,0,0,0,0.3,0.25,15.2431,6.0813,11.693,14.1158,571
"p330","ssp126","CanESM5","2075",0.23,0,0,59,111.02,3.6881,0.05,0,0.15,0,0,0,0,0,0,0,0,0,0,0.15,0.4,15.8184,8.2032,10.5708,16.3041,572
"p330","ssp126","CanESM5","2075",0.16,0,0.15,53,109.53,4.0864,0.0167,0,0.9,0,0.13,0,0,0,0,0.2,0,0,0,0.15,0.4,16.6648,5.2789,14.5015,17.5271,573
"p330","ssp126","CanESM5","2075",0.33,0.8,0,54,107.89,3.9451,0.1,0,0.2,0,0.12,0,0,0,0,0,0,0,0,0.15,0.1,17.229,9.1657,13.4963,16.9538,574
"p330","ssp126","CanESM5","2075",0.29,0.15,0,49,103.35,3.9026,0.0833,0,0.1,0,0.12,0,0,0,0,0.15,0,0,0,0,0.2,15.8866,8.6382,13.5735,13.4873,575
"p330","ssp126","CanESM5","2075",0.12,0,0,42,109.32,4.3762,0.05,0,0.1,0,0,0,0,0,0,0,0,0,0,0.15,0.05,15.2712,7.6413,13.9107,14.2798,576
"p330","ssp126","CanESM5","2075",0.2,0,0,62,100.21,3.9741,0.1333,0,0.1,0,0.06,0,0,0,0,0.2,0,0,0,0.15,0.1,16.5566,7.5709,12.737,14.2243,577
"p330","ssp126","CanESM5","2075",0.43,0.3,0,53,100.73,3.9505,0,0,0.35,0,0.1,0,0,0,0,0.15,0,0,0,0,0.3,16.3887,7.2351,12.8192,15.863,578
"p330","ssp126","CanESM5","2075",0.38,0,0,39,95.64,3.7182,0.0833,0,0.35,0,0,0,0,0,0,0.15,0,0,0,0,0.3,14.2225,7.4069,12.1302,16.592,579
"p330","ssp126","CanESM5","2075",0.24,0.15,0,49,86.35,4.0409,0.1167,0,0,0,0.17,0,0,0,0,0,0,0,0,0.3,0.35,16.3432,10.2469,12.148,14.4744,580
"p330","ssp126","CanESM5","2075",0.22,0.25,0,63,105.61,3.7638,0.1167,0,0.05,0,0.05,0,0,0,0,0,0,0,0,0,0.4,17.0981,10.1595,12.7915,14.03,581
"p330","ssp126","CanESM5","2075",0.3,0.3,0,56,95.84,4.049,0.0667,0,0.9,0,0,0,0,0,0,0.15,0,0,0,0,0.25,17.4713,5.002,11.2102,17.0135,582
"p330","ssp126","CanESM5","2075",0.25,0,0,47,110.47,4.0693,0.0667,0,0.35,0,0.1,0,0,0,0,0,0,0.05,0.05,0.15,0.1,15.4677,6.4298,11.6115,15.5706,583
"p330","ssp126","CanESM5","2075",0.29,0.2,0,26,100.02,4.2608,0.1333,0,0.25,0,0.05,0,0,0,0,0,0,0,0,0.3,0.3,14.0276,7.7691,10.0158,17.308,584
"p330","ssp126","CanESM5","2075",0.24,0.9,0,53,104.55,4.0167,0.05,0,0.45,0,0.06,0,0,0,0,0,0,0,0,0,0.1,16.669,6.1494,14.2253,14.9193,585
"p330","ssp126","CanESM5","2075",0.23,0.15,0,50,95.85,3.8754,0.05,0,0.75,0,0.14,0,0,0,0,0.1,0,0,0,0,0.1,16.5061,6.4398,13.1083,15.4289,586
"p330","ssp126","CanESM5","2075",0.41,0,0,45,107.1,4.2417,0.0833,0,0.6,0,0.09,0,0,0,0,0.1,0,0,0,0.15,0.55,15.6999,6.5143,13.5013,16.0764,587
"p330","ssp126","CanESM5","2075",0.33,0.4,0,51,109.31,3.9914,0.0833,0,0.15,0,0.1,0,0,0,0,0,0,0,0,0,0.15,17.1503,8.4358,13.0183,15.4188,588
"p330","ssp126","CanESM5","2075",0.32,0,0,46,109.91,4.4033,0.1167,0,0.2,0,0.11,0,0,0,0,0,0,0,0,0,0,15.3797,7.8244,11.9185,14.2244,589
"p330","ssp126","CanESM5","2075",0.21,0,0,36,103.69,3.9846,0,0,1,0,0.06,0,0,0,0,0,0,0,0,0,0,14.1335,4.4216,12.2052,13.9408,590
"p330","ssp126","CanESM5","2075",0.22,0,0,57,107.71,4.0554,0.05,0,0.5,0,0.06,0,0,0,0,0,0,0,0,0,0.15,16.2647,6.6414,13.119,12.4897,591
"p330","ssp126","CanESM5","2075",0.16,0,0,33,98.86,3.8984,0.0667,0,0.55,0,0.16,0,0,0,0,0,0,0,0,0.15,0.25,14.0263,6.7408,12.2418,15.7245,592
"p330","ssp126","CanESM5","2075",0.11,0.15,0,41,100.27,4.3671,0.2333,0,0.3,0,0.1,0,0,0,0,0,0,0,0,0.3,0,14.3759,9.868,11.2567,13.8509,593
"p330","ssp126","CanESM5","2075",0.27,0.3,0,56,105.79,3.9063,0.05,0,0.05,0,0.09,0,0,0,0,0,0,0,0,0,0.05,16.6673,7.3494,11.289,13.4342,594
"p330","ssp126","CanESM5","2075",0,0.1,0.1,50,107.18,4.0698,0.15,0,0.65,0,0.13,0,0,0,0,0,0,0,0,0.6,0.1,15.9142,8.7982,14.1707,15.6956,595
"p330","ssp126","CanESM5","2075",0.32,0.2,0,63,109.65,3.9682,0.0333,0,1,0,0.11,0,0,0,0,0,0,0,0,0,0.2,17.4664,5.1133,15.0773,16.4409,596
"p330","ssp126","CanESM5","2075",0.05,0,0,69,109.47,4.0052,0.1,0,0.7,0,0.08,0,0,0,0,0.1,0,0,0,0,0.1,16.522,5.934,15.6723,14.0365,597
"p330","ssp126","CanESM5","2075",0.19,0.3,0,48,106.72,4.0134,0.1667,0,0.05,0,0.15,0,0,0,0,0,0,0,0,0,0,15.1676,8.7539,13.3593,12.0877,598
"p330","ssp126","CanESM5","2075",0.27,0,0,66,91.17,3.7771,0.0667,0,0.6,0,0,0,0,0,0,0,0,0,0,0,0.05,16.966,8.0432,9.861,15.6244,599
"p330","ssp126","CanESM5","2075",0.3,0.3,0,71,106.01,4.0219,0,0,0.35,0,0.1,0,0,0,0,0,0,0,0,0.15,0.35,17.733,6.9691,12.111,12.3868,600
"p330","ssp126","CMCC-ESM2","2075",0.16,0.2,0.15,56,101.13,5.1081,0.1167,0,0.4,0,0,0,0,0,0,0,0,0,0,0,0.35,16.6362,7.6229,12.0845,16.681,601
"p330","ssp126","CMCC-ESM2","2075",0.05,0.6,0,60,103.92,5.3895,0.05,0,0,0,0.13,0,0,0,0,0,0,0,0,0,0.6,16.4768,8.6699,13.7588,17.9786,602
"p330","ssp126","CMCC-ESM2","2075",0.15,0,0,52,108.43,5.155,0.15,0,0.6,0,0.26,0,0,0,0,0.1,0,0,0,0,0.25,16.0901,7.6851,16.5415,17.6988,603
"p330","ssp126","CMCC-ESM2","2075",0.31,0,0,55,104.08,5.1066,0.2,0,0.05,0,0.08,0,0,0,0,0.2,0,0,0,0,0.35,15.0288,9.5181,11.7643,17.0771,604
"p330","ssp126","CMCC-ESM2","2075",0.19,0,0,64,106.49,5.2634,0.1167,0,0.2,0,0.09,0,0,0,0,0,0,0,0,0,0.45,16.6643,8.3229,15.1912,16.5832,605
"p330","ssp126","CMCC-ESM2","2075",0.28,0.1,0.1,55,112.16,5.375,0.0833,0,0.55,0.05,0,0,0,0,0,0,0,0,0,0,0.4,15.5979,8.0228,9.9605,16.5017,606
"p330","ssp126","CMCC-ESM2","2075",0.17,0.2,0,53,99.81,5.1626,0.0667,0,0.45,0,0.12,0,0,0,0,0,0,0,0,0,0.2,16.4912,7.4643,11.764,14.7332,607
"p330","ssp126","CMCC-ESM2","2075",0.34,0.5,0,37,101.8,5.3263,0.1,0,0.3,0,0.06,0,0,0,0,0,0,0.15,0.05,0,0.55,15.2287,8.3856,12.9075,21.0033,608
"p330","ssp126","CMCC-ESM2","2075",0.41,0,0,79,91.84,4.5763,0.0667,0,0.6,0,0.1,0,0,0,0,0,0,0,0,0,0.2,17.7762,5.965,15.1828,16.8649,609
"p330","ssp126","CMCC-ESM2","2075",0.3,0.55,0,58,102.93,5.4255,0.2,0,0.55,0,0.16,0,0,0,0,0,0,0,0,0,0.25,17.1518,6.9572,14.7992,16.9485,610
"p330","ssp126","CMCC-ESM2","2075",0.13,0.2,0.15,71,94.82,5.1909,0.0833,0,0.1,0,0.14,0,0,0,0,0,0,0,0,0,0.3,17.8545,9.4006,15.772,17.3879,611
"p330","ssp126","CMCC-ESM2","2075",0.24,0,0.1,33,100.55,5.1362,0.0333,0,0.55,0,0,0,0,0,0,0.1,0,0,0,0,0.25,13.9758,8.0265,13.2022,18.8224,612
"p330","ssp126","CMCC-ESM2","2075",0.24,0.4,0,59,103.1,5.319,0.25,0,0.15,0,0.1,0,0,0,0,0.15,0,0,0,0,0.25,17.3323,10.351,16.0102,16.0319,613
"p330","ssp126","CMCC-ESM2","2075",0.26,0,0,50,97.63,5.5654,0.2667,0,0.05,0,0.12,0,0,0,0,0.15,0,0,0,0,0.35,15.3589,10.2993,15.2238,17.1118,614
"p330","ssp126","CMCC-ESM2","2075",0.1,0.1,0,57,106.19,5.2164,0.1333,0,0.1,0,0.05,0,0,0,0,0.3,0,0.25,0,0,0.3,15.9758,8.4117,14.703,20.2568,615
"p330","ssp126","CMCC-ESM2","2075",0.17,0,0.1,54,105.09,5.1569,0.0833,0,0.25,0,0.12,0,0,0,0,0.25,0,0.05,0,0,0.65,15.6207,8.0692,16.2173,18.2439,616
"p330","ssp126","CMCC-ESM2","2075",0.13,0.1,0,52,103.57,5.103,0.1167,0,0.2,0,0.11,0,0,0.15,0,0,0,0.05,0,0,0.45,15.7141,9.556,16.5018,17.2132,617
"p330","ssp126","CMCC-ESM2","2075",0.18,0.1,0,48,93.88,4.9466,0.0333,0,0.8,0,0,0,0,0,0,0.1,0,0,0,0,0.2,14.8408,5.4181,10.447,15.9914,618
"p330","ssp126","CMCC-ESM2","2075",0.32,0.4,0,50,100.88,4.8411,0.0667,0,0.85,0,0.07,0,0,0,0,0.1,0,0,0,0,0.15,15.9633,6.5749,11.6525,16.7727,619
"p330","ssp126","CMCC-ESM2","2075",0.17,0.45,0,60,100.96,5.6366,0.0333,0,0.95,0,0,0,0,0,0,0,0,0,0,0,0.65,17.2139,6.7108,14.0502,19.5848,620
"p330","ssp126","CMCC-ESM2","2075",0.2,0.25,0,65,96.51,4.7438,0.1,0,0.15,0,0.07,0,0,0,0,0.1,0,0,0,0,0.85,17.0859,7.709,14.3883,18.5946,621
"p330","ssp126","CMCC-ESM2","2075",0.16,0,0,36,95.2,5.0128,0.1167,0,0.1,0,0.06,0,0,0,0,0,0,0,0,0,0.4,14.3205,9.4743,17.0828,19.8348,622
"p330","ssp126","CMCC-ESM2","2075",0.16,0.35,0,47,107.72,5.0366,0.1333,0,0.25,0.05,0.06,0,0,0,0,0,0,0,0,0,0.25,15.5014,9.5255,11.1928,15.1955,623
"p330","ssp126","CMCC-ESM2","2075",0.49,0,0,56,100.97,4.6156,0.05,0,0.55,0,0,0,0,0,0,0,0,0.1,0,0.15,0.3,15.4947,7.0951,13.5385,19.2218,624
"p330","ssp126","CMCC-ESM2","2075",0.16,0,0,42,106.7,5.3221,0.0833,0,0.45,0.05,0,0,0,0,0,0.2,0,0,0,0,0.2,16.1469,7.648,11.7195,16.2824,625
"p330","ssp126","CMCC-ESM2","2075",0.25,0.6,0,58,107.91,5.0707,0.1,0,0.1,0,0.06,0,0,0,0,0.15,0,0,0,0,0.45,17.7631,7.3815,15.509,17.4385,626
"p330","ssp126","CMCC-ESM2","2075",0.32,0,0,47,92.14,5.2325,0.1,0,0.6,0,0.11,0,0,0,0,0,0,0.05,0,0,0.7,14.7641,6.8338,16.1363,19.3652,627
"p330","ssp126","CMCC-ESM2","2075",0,0,0,47,103.94,5.1622,0.1,0,0,0,0.05,0,0,0,0,0.15,0,0,0,0,0.15,15.0679,9.6783,11.941,17.3045,628
"p330","ssp126","CMCC-ESM2","2075",0.22,0.4,0,51,103.9,5.2719,0.0833,0,0.5,0,0,0,0,0,0,0,0,0,0,0,0.15,16.448,7.5463,13.3273,15.6857,629
"p330","ssp126","CMCC-ESM2","2075",0.32,0,0,42,106.14,5.2055,0.0333,0,1,0,0.12,0,0,0,0,0,0,0,0,0,0.3,14.9364,4.1851,14.559,18.2239,630
"p330","ssp126","CMCC-ESM2","2075",0.15,0,0.1,52,109.12,5.2066,0.1,0,0.65,0,0.05,0,0,0,0,0.1,0,0,0,0,0.2,15.918,5.5641,15.0373,14.3574,631
"p330","ssp126","CMCC-ESM2","2075",0.41,0,0,60,94.11,5.2932,0.1,0,0,0,0.12,0,0,0,0,0,0,0,0,0,0.35,17.0887,7.8197,10.2483,16.3915,632
"p330","ssp126","CMCC-ESM2","2075",0.32,0.25,0,59,101.74,5.4228,0.1167,0,0.35,0,0,0,0,0,0,0.15,0,0,0,0,0.45,16.2143,8.6447,17.0723,17.4418,633
"p330","ssp126","CMCC-ESM2","2075",0.22,0,0,53,88.56,5.1955,0.1333,0,0.4,0,0.12,0,0,0,0,0,0,0,0.05,0.15,0.4,15.4672,9.9894,14.8823,18.4606,634
"p330","ssp126","CMCC-ESM2","2075",0.43,0.15,0,56,100.42,5.3821,0.1167,0,0.3,0,0.06,0,0,0,0,0,0,0,0,0,0.35,16.1871,7.8259,11.2678,17.4412,635
"p330","ssp126","CMCC-ESM2","2075",0.32,0.65,0,53,109.96,5.4594,0.1167,0,0.5,0,0.12,0,0,0,0,0,0,0,0,0,0,16.6924,7.6882,13.6165,13.1123,636
"p330","ssp126","CMCC-ESM2","2075",0.25,0.45,0,53,92.86,4.9925,0.1667,0,0.3,0,0.07,0,0,0,0,0.3,0,0.05,0.05,0,0.45,15.6184,8.6912,15.6913,17.2734,637
"p330","ssp126","CMCC-ESM2","2075",0.15,0.25,0,43,102.27,4.4287,0.0333,0,0.7,0,0.06,0,0,0,0,0.2,0,0.05,0,0,0.25,15.1862,5.368,14.1403,18.9912,638
"p330","ssp126","CMCC-ESM2","2075",0.27,0.5,0,53,95.01,4.8831,0.0167,0,1,0,0.05,0,0,0.2,0,0,0,0,0,0,0.75,16.0741,3.0739,16.8767,19.1233,639
"p330","ssp126","CMCC-ESM2","2075",0.33,0,0,53,104.53,5.3168,0.0667,0,0.3,0,0.21,0,0,0.15,0,0,0,0,0,0,0.2,14.7612,8.8782,17.087,17.8955,640
"p330","ssp126","CMCC-ESM2","2075",0.34,0.3,0,69,86.77,5.0652,0.1167,0,0.35,0,0.05,0,0,0,0,0,0,0.05,0,0,0.45,17.3091,7.8914,11.8565,18.205,641
"p330","ssp126","CMCC-ESM2","2075",0.16,0,0,52,89.04,5.2003,0.1667,0,0.4,0,0,0,0,0,0,0,0,0.2,0,0,0.25,15.844,7.6887,14.218,16.9892,642
"p330","ssp126","CMCC-ESM2","2075",0.16,0.15,0,38,106.46,4.8779,0.1167,0,0.7,0,0,0,0,0,0,0,0,0.15,0,0,0.25,15.2963,6.9423,11.8478,17.115,643
"p330","ssp126","CMCC-ESM2","2075",0.29,0.5,0,69,98.79,5.3675,0.1167,0,0.2,0,0.07,0,0,0,0,0.35,0,0,0,0,0.25,17.7013,8.3882,12.685,15.1382,644
"p330","ssp126","CMCC-ESM2","2075",0.15,0.45,0,39,106.72,5.0879,0.0167,0,1,0,0.06,0,0,0,0,0.3,0,0,0,0,0.2,14.1597,4.4141,13.8357,15.0616,645
"p330","ssp126","CMCC-ESM2","2075",0.23,0.35,0,48,102.47,5.4287,0.15,0,0,0,0.05,0,0,0,0,0,0,0,0,0,0.45,15.964,8.6364,11.0513,16.2827,646
"p330","ssp126","CMCC-ESM2","2075",0.4,0.25,0,64,95.93,5.3453,0.2667,0,0.2,0,0.07,0,0,0,0,0.1,0,0,0,0,0.2,16.2761,10.05,13.6313,16.663,647
"p330","ssp126","CMCC-ESM2","2075",0.19,0.2,0,48,105.86,5.5144,0.0667,0,0,0,0.05,0,0,0,0,0,0,0.1,0.05,0,0.55,15.8548,8.6797,12.722,18.253,648
"p330","ssp126","CMCC-ESM2","2075",0.2,0,0,48,110.67,5.3745,0.0833,0,0.05,0,0.17,0,0,0,0,0.1,0,0,0,0,0.2,16.105,8.9849,14.5398,16.7728,649
"p330","ssp126","CMCC-ESM2","2075",0.11,0,0,52,99.58,5.1219,0.1,0,1,0,0.17,0,0,0,0,0,0,0.1,0.05,0,0.4,15.784,2.7712,13.0583,20.0405,650
"p330","ssp126","CMCC-ESM2","2075",0.44,0,0,53,102.79,4.9422,0,0,0.85,0,0.1,0.05,0,0,0,0,0,0.1,0,0,0.3,15.2521,4.8632,15.4928,18.3602,651
"p330","ssp126","CMCC-ESM2","2075",0.12,0.15,0,46,100.43,4.9399,0.0167,0,0.85,0,0.05,0,0,0,0,0.15,0,0,0,0,0.1,14.6826,5.6907,13.7785,15.1377,652
"p330","ssp126","CMCC-ESM2","2075",0.11,0,0,59,105.49,4.5144,0.1333,0,0.95,0,0.17,0,0,0,0,0.25,0,0,0,0.15,0.15,16.3499,5.4262,16.5305,17.9079,653
"p330","ssp126","CMCC-ESM2","2075",0.29,0.2,0,41,105.45,4.7955,0.0167,0,1,0,0.06,0,0,0,0,0,0,0.05,0,0,0.25,14.9107,3.7138,12.1597,18.4526,654
"p330","ssp126","CMCC-ESM2","2075",0.46,0.2,0,60,100.77,5.1054,0.05,0,0.5,0,0.1,0,0,0,0,0,0,0,0,0,0.55,16.6077,9.3255,15.0662,16.7688,655
"p330","ssp126","CMCC-ESM2","2075",0.23,0,0,58,98.6,5.2527,0.1167,0,0.2,0,0.07,0,0,0,0,0,0,0.3,0.05,0,0.15,16.7,7.8987,13.29,19.257,656
"p330","ssp126","CMCC-ESM2","2075",0.12,0,0,47,100.2,5.1607,0.15,0,0,0,0.06,0,0,0,0,0,0,0,0,0,0.85,15.8234,11.1499,10.9822,17.2015,657
"p330","ssp126","CMCC-ESM2","2075",0.38,0,0,38,109.42,5.4462,0.0833,0,0.4,0,0.07,0,0,0.3,0,0,0,0,0.05,0,0.4,14.0057,8.1537,18.5085,17.4029,658
"p330","ssp126","CMCC-ESM2","2075",0.12,0.3,0.25,51,103.17,5.0474,0.0667,0,0.25,0,0.08,0,0,0,0,0.35,0,0.05,0,0,0.5,16.2607,6.7772,13.4737,18.4141,659
"p330","ssp126","CMCC-ESM2","2075",0.38,0.4,0,57,109.34,5.0609,0.0833,0,0.85,0,0.1,0,0,0,0,0.15,0,0,0,0.15,0.9,16.2609,5.6695,13.5893,18.6929,660
"p330","ssp126","CMCC-ESM2","2075",0.37,0.35,0,60,91.48,5.5952,0.0667,0,0.3,0.05,0.15,0,0,0,0,0,0,0,0,0,0.4,17.0249,7.5108,13.1538,16.4025,661
"p330","ssp126","CMCC-ESM2","2075",0.29,0.3,0,48,102.74,5.4715,0.2167,0,0,0.05,0.09,0,0,0,0,0,0,0,0,0,0.15,14.9962,10.0373,13.7165,14.0788,662
"p330","ssp126","CMCC-ESM2","2075",0.33,0,0,23,97.47,5.3201,0.0333,0,0.5,0,0.05,0,0,0,0,0.1,0,0.05,0,0,0.2,12.3339,6.769,15.2333,18.1839,663
"p330","ssp126","CMCC-ESM2","2075",0.36,0,0,35,103.53,5.3694,0.1167,0,0.05,0,0.06,0,0,0,0,0.1,0,0,0,0,0.25,13.4945,9.2713,13.428,18.4779,664
"p330","ssp126","CMCC-ESM2","2075",0.15,0,0,47,112.01,4.8877,0.0833,0,0.2,0,0,0,0,0,0,0,0,0.25,0,0,0.2,15.4774,8.0083,12.4545,22.0294,665
"p330","ssp126","CMCC-ESM2","2075",0.16,0,0.15,46,107.78,5.3995,0.0833,0,0.35,0,0,0,0,0,0,0.25,0,0,0,0,0.2,15.2878,7.112,16.4967,19.8382,666
"p330","ssp126","CMCC-ESM2","2075",0.35,0.4,0,51,100.95,4.8409,0.0333,0,0,0,0.13,0,0,0,0,0,0,0,0.05,0,0.2,15.6798,7.8438,13.6115,18.5,667
"p330","ssp126","CMCC-ESM2","2075",0.14,0.15,0.2,57,103.85,5.2937,0.0667,0,0.8,0,0.12,0,0,0,0,0,0,0.05,0.05,0,0.4,16.6281,6.9437,11.4022,19.0115,668
"p330","ssp126","CMCC-ESM2","2075",0.29,0.35,0,50,100.93,4.9646,0.0667,0,0.2,0,0.07,0.05,0,0,0,0,0,0.25,0,0,0.45,15.7319,9.2205,13.7632,19.8587,669
"p330","ssp126","CMCC-ESM2","2075",0.51,0.15,0,66,99.13,5.1593,0.2167,0,0.45,0,0.14,0,0,0,0,0,0,0,0,0,0.25,17.5668,8.185,14.2783,17.5252,670
"p330","ssp126","CMCC-ESM2","2075",0.22,0,0.1,56,92.91,5.0002,0.15,0,0.85,0,0.12,0,0,0,0,0,0,0,0,0,0.4,15.3324,6.5559,12.9335,16.6156,671
"p330","ssp126","CMCC-ESM2","2075",0.23,0,0,59,109.61,4.7377,0.0833,0,0.15,0,0,0,0,0,0,0,0,0.05,0.05,0,0.4,15.9051,8.6797,11.791,18.8005,672
"p330","ssp126","CMCC-ESM2","2075",0.18,0,0.15,54,109.51,5.2862,0.0167,0,0.85,0,0.13,0,0,0,0,0,0,0.2,0,0,1,16.7595,5.7499,15.7783,19.9926,673
"p330","ssp126","CMCC-ESM2","2075",0.33,0.6,0,55,103.3,5.0946,0.1333,0,0.2,0,0.12,0,0,0,0,0,0,0.05,0,0,0.3,17.3208,9.6379,14.7572,19.4483,674
"p330","ssp126","CMCC-ESM2","2075",0.3,0.15,0,48,98.69,5.0081,0.15,0,0.1,0,0.12,0,0,0,0,0.15,0,0,0,0,0.15,15.9764,9.1118,14.8178,15.9867,675
"p330","ssp126","CMCC-ESM2","2075",0.12,0,0,43,105.58,5.6521,0.1167,0,0.1,0,0.05,0,0,0,0,0,0,0.05,0,0,0.3,15.3586,8.1168,15.1345,16.775,676
"p330","ssp126","CMCC-ESM2","2075",0.2,0,0,62,98.39,5.1354,0.1333,0,0.1,0,0.06,0,0,0,0,0.3,0,0,0.05,0,0.1,16.6518,8.0415,14.0173,16.6884,677
"p330","ssp126","CMCC-ESM2","2075",0.43,0.2,0,52,98.67,5.0657,0.0333,0,0.35,0,0.1,0,0,0,0,0.15,0,0.05,0.05,0,0.45,16.4812,7.7068,14.0835,18.3558,678
"p330","ssp126","CMCC-ESM2","2075",0.38,0,0,39,94.56,4.785,0.0667,0,0.4,0,0,0,0,0,0,0.15,0,0,0,0,0.8,14.313,7.8811,13.378,19.0903,679
"p330","ssp126","CMCC-ESM2","2075",0.24,0.15,0.15,50,80.14,5.1433,0.2667,0,0,0,0.17,0,0,0,0,0,0,0,0,0,0.75,16.4306,10.722,13.3795,16.9776,680
"p330","ssp126","CMCC-ESM2","2075",0.22,0.25,0,63,103.53,4.8701,0.1167,0,0.05,0,0.05,0,0,0,0,0,0,0,0,0,0.3,17.1917,10.6298,14.08,16.4947,681
"p330","ssp126","CMCC-ESM2","2075",0.22,0.15,0,56,93.32,5.2262,0.0833,0,0.8,0,0.05,0,0,0,0,0.15,0,0.15,0,0,0.25,17.5628,5.4738,12.4825,19.5142,682
"p330","ssp126","CMCC-ESM2","2075",0.31,0,0,46,111.05,5.3046,0.0667,0,0.3,0,0.1,0,0,0,0,0.1,0,0.25,0.05,0,0.15,15.5571,6.9027,12.8662,18.0773,683
"p330","ssp126","CMCC-ESM2","2075",0.29,0.2,0,28,95.52,5.4684,0.1333,0,0.25,0,0.05,0,0,0,0,0,0,0,0,0.15,0.75,14.1138,8.2436,11.2508,19.8105,684
"p330","ssp126","CMCC-ESM2","2075",0.24,0.9,0,52,105.56,5.1679,0.0833,0,0.4,0,0.06,0,0,0.3,0,0,0,0.1,0,0,0.2,16.7636,6.6192,15.517,17.3828,685
"p330","ssp126","CMCC-ESM2","2075",0.23,0.15,0,48,97.45,5.0305,0.0667,0,0.75,0,0.14,0,0,0,0,0.1,0,0.1,0.05,0,0.15,16.5979,6.9116,14.3837,17.9283,686
"p330","ssp126","CMCC-ESM2","2075",0.36,0,0,47,105.49,5.454,0.1167,0,0.5,0,0.09,0,0,0,0,0,0,0,0.05,0.15,0.85,15.789,6.987,14.7593,18.5805,687
"p330","ssp126","CMCC-ESM2","2075",0.33,0.4,0,52,107.93,5.1466,0.1833,0,0.1,0,0.1,0,0,0,0,0.1,0,0,0,0,0.15,17.2365,8.9101,14.2563,17.9211,688
"p330","ssp126","CMCC-ESM2","2075",0.33,0,0,46,105.23,5.6356,0.1333,0,0.2,0,0.11,0,0,0,0,0,0,0,0,0,0.4,15.4743,8.2937,13.2132,16.6866,689
"p330","ssp126","CMCC-ESM2","2075",0.21,0,0,35,104.37,5.135,0,0,1,0,0.06,0,0,0,0,0,0,0,0,0,0.45,14.2254,4.8935,13.4835,16.4389,690
"p330","ssp126","CMCC-ESM2","2075",0.22,0.15,0,56,105.72,5.235,0.0667,0,0.5,0,0.06,0,0,0,0,0.1,0,0,0,0,0.25,16.3541,7.1137,14.3808,14.9938,691
"p330","ssp126","CMCC-ESM2","2075",0.18,0,0,33,96.62,5.0315,0.0833,0,0.55,0,0.16,0,0,0,0,0,0,0.05,0,0,0.25,14.1134,7.2142,13.483,18.2253,692
"p330","ssp126","CMCC-ESM2","2075",0.06,0.2,0,41,97.26,5.5846,0.35,0,0.3,0,0.1,0,0,0,0,0,0,0,0,0,0.35,14.471,10.3371,12.554,16.3122,693
"p330","ssp126","CMCC-ESM2","2075",0.27,0.3,0,58,101.96,5.0458,0.0667,0,0.05,0,0.09,0,0,0,0,0,0,0,0,0,0.25,16.7598,7.8207,12.5708,15.9324,694
"p330","ssp126","CMCC-ESM2","2075",0,0.1,0.1,49,103.28,5.2432,0.1833,0,0.65,0,0.13,0,0,0,0,0,0,0,0,0.3,0.6,16.0043,9.2708,15.4355,18.1995,695
"p330","ssp126","CMCC-ESM2","2075",0.32,0.45,0,63,109.58,5.186,0.05,0,1,0,0.11,0,0,0,0,0,0,0.05,0,0,0.25,17.5542,5.5876,16.3228,18.9411,696
"p330","ssp126","CMCC-ESM2","2075",0.13,0,0,72,108.67,5.1921,0.1,0,0.5,0,0.08,0,0,0,0,0.2,0,0,0,0,0.05,16.6179,6.4033,16.9735,16.4954,697
"p330","ssp126","CMCC-ESM2","2075",0.2,0.3,0,48,107.86,5.2151,0.1333,0,0.05,0,0.15,0,0,0,0,0,0,0,0,0,0.25,15.2609,9.2249,14.6432,14.5842,698
"p330","ssp126","CMCC-ESM2","2075",0.27,0,0,68,86.8,4.8777,0.0667,0,0.55,0,0,0,0,0,0,0,0,0,0,0,0.35,17.0571,8.5157,11.1285,18.1262,699
"p330","ssp126","CMCC-ESM2","2075",0.3,0.3,0,71,100.45,5.1704,0.05,0,0.3,0,0.1,0,0,0,0,0,0,0,0,0,0.55,17.8211,7.4427,13.359,14.8858,700
"p330","ssp126","CNRM-CM6-1-HR","2075",0.17,0,0,45,101.79,4.3095,0.0833,0,0.35,0,0.05,0,0,0,0,0,0,0,0,0.15,0.15,14.8637,6.8792,10.9172,14.6926,701
"p330","ssp126","CNRM-CM6-1-HR","2075",0.43,0.35,0,50,104.35,4.6455,0.05,0,0.05,0,0.12,0,0,0,0,0,0,0,0,0.15,0.3,15.5894,7.8131,12.5992,16.4014,702
"p330","ssp126","CNRM-CM6-1-HR","2075",0.21,0,0,40,110.08,4.7519,0.05,0,0.5,0,0.17,0,0,0,0,0.15,0,0,0,0,0.2,14.6555,6.5897,14.362,15.0406,703
"p330","ssp126","CNRM-CM6-1-HR","2075",0.38,0,0,36,108.71,4.5295,0.05,0,0.1,0,0.07,0,0,0,0,0,0,0,0,0,0.2,13.4559,8.6252,10.5943,14.6547,704
"p330","ssp126","CNRM-CM6-1-HR","2075",0.14,0,0,54,100.88,4.699,0.0667,0,0.15,0.05,0.06,0,0,0,0,0,0,0,0,0,0.35,15.3284,7.9622,13.5983,14.3274,705
"p330","ssp126","CNRM-CM6-1-HR","2075",0.19,0,0,43,111.11,4.5948,0.0167,0,0.5,0.1,0.05,0,0,0,0,0,0,0,0,0,0.2,14.3845,7.3509,8.7482,13.6002,706
"p330","ssp126","CNRM-CM6-1-HR","2075",0.42,0.1,0.1,41,103.31,4.6293,0.0333,0,0.6,0,0.08,0,0,0,0,0.15,0,0,0,0.45,0.05,15.3695,6.2512,10.0995,12.2002,707
"p330","ssp126","CNRM-CM6-1-HR","2075",0.2,0.25,0.1,30,111.98,4.7385,0.0667,0,0.3,0,0.11,0,0,0,0,0,0,0,0,0,1,13.4114,8.3972,12.368,17.9371,708
"p330","ssp126","CNRM-CM6-1-HR","2075",0.27,0,0,54,101.34,4.2081,0,0,0.6,0,0,0,0,0,0,0.1,0,0,0,0.3,0,15.915,5.9376,13.7028,13.8076,709
"p330","ssp126","CNRM-CM6-1-HR","2075",0.11,0,0.15,53,106.25,4.5509,0.0833,0,0.95,0,0.07,0,0,0,0,0,0,0,0,0,0.1,15.347,5.5888,12.845,14.1079,710
"p330","ssp126","CNRM-CM6-1-HR","2075",0,0.1,0,54,103.89,4.5349,0,0,0.1,0,0.1,0,0,0,0,0.1,0,0,0,0,0.05,16.1727,8.2077,14.1072,14.7591,711
"p330","ssp126","CNRM-CM6-1-HR","2075",0.3,0,0,26,99.96,4.6255,0.05,0,0.55,0,0.1,0,0,0,0,0,0,0,0,0.15,0.1,12.7531,8.0203,12.4282,16.0611,712
"p330","ssp126","CNRM-CM6-1-HR","2075",0.23,0.3,0,53,101.3,4.6906,0.2,0,0.2,0,0.06,0,0,0,0,0.15,0,0,0,0.15,0.2,15.8791,9.6302,15.2962,13.7221,713
"p330","ssp126","CNRM-CM6-1-HR","2075",0.24,0,0.1,42,103.87,4.8127,0.1333,0,0.2,0,0.1,0,0,0,0,0,0,0,0,0,0.2,13.6399,9.3269,13.6003,16.0582,714
"p330","ssp126","CNRM-CM6-1-HR","2075",0.37,0.2,0,45,103.6,4.4669,0.1333,0,0.25,0,0.07,0,0,0,0,0,0,0,0,0,0.3,14.9059,7.8455,14.344,17.9276,715
"p330","ssp126","CNRM-CM6-1-HR","2075",0.25,0,0,40,107.53,4.8584,0.0333,0,0.35,0,0.05,0,0,0,0,0.1,0,0.05,0,0.15,0.15,14.2165,7.17,14.342,16.8509,716
"p330","ssp126","CNRM-CM6-1-HR","2075",0.25,0,0,41,106.17,4.6775,0.1333,0,0.1,0,0.12,0,0,0,0,0,0,0,0,0,0.15,14.3351,9.6022,14.907,15.7669,717
"p330","ssp126","CNRM-CM6-1-HR","2075",0.17,0,0.1,40,93.72,4.526,0.0167,0,0.85,0,0,0,0,0,0,0,0,0,0,0,0.25,13.4118,5.472,10.4038,13.5739,718
"p330","ssp126","CNRM-CM6-1-HR","2075",0.15,0.25,0,37,105.42,4.6542,0.0333,0,0.85,0,0.09,0,0,0,0,0,0,0,0,0,0.1,13.8682,6.2286,10.6222,14.1898,719
"p330","ssp126","CNRM-CM6-1-HR","2075",0,0.15,0,54,103.23,4.8538,0.0333,0,1,0,0.14,0,0,0,0,0.15,0,0,0,0,0.7,16.0851,6.0036,13.1108,17.3855,720
"p330","ssp126","CNRM-CM6-1-HR","2075",0.17,0.2,0,47,100.28,4.5481,0.0833,0,0.15,0,0.08,0,0,0,0,0,0,0,0,0,0.35,15.2149,7.7667,13.4153,16.8251,721
"p330","ssp126","CNRM-CM6-1-HR","2075",0.17,0,0,35,97.41,4.3742,0.0833,0,0,0,0,0,0,0,0,0,0,0,0,0.15,0.25,13.3254,9.1011,15.7505,16.793,722
"p330","ssp126","CNRM-CM6-1-HR","2075",0.29,0,0,41,107.45,4.383,0.1333,0,0.35,0.05,0.1,0,0,0,0,0,0,0,0,0.15,0.1,14.3746,8.7642,10.2267,12.8874,723
"p330","ssp126","CNRM-CM6-1-HR","2075",0.05,0,0,29,106.2,4.4225,0.0333,0,0.45,0,0.06,0,0,0,0,0,0,0,0.05,0,0.4,13.375,6.838,12.9897,16.4924,724
"p330","ssp126","CNRM-CM6-1-HR","2075",0.2,0.3,0,36,105.4,4.6422,0.0333,0,0.55,0.05,0.05,0,0,0,0,0,0,0,0,0,0,14.4678,6.7917,10.7267,12.8987,725
"p330","ssp126","CNRM-CM6-1-HR","2075",0.22,0.1,0,47,105.9,4.3343,0.1167,0,0.1,0,0,0,0,0,0,0,0,0,0,0,0.25,16.3251,6.9661,14.0883,15.007,726
"p330","ssp126","CNRM-CM6-1-HR","2075",0.31,0,0.1,37,98.17,4.6225,0.0167,0,0.65,0,0.06,0,0,0,0,0,0,0.05,0,0,0.25,12.9395,6.0742,14.6197,17.69,727
"p330","ssp126","CNRM-CM6-1-HR","2075",0.1,0,0,40,109.49,4.4732,0.0333,0,0,0,0.18,0,0,0,0,0,0,0,0,0,0.25,13.7542,8.5893,11.1038,15.6633,728
"p330","ssp126","CNRM-CM6-1-HR","2075",0.31,0.5,0,37,102.49,4.6305,0,0,0.5,0,0.14,0,0,0,0,0,0,0,0,0,0.1,15.0057,7.0036,12.9157,13.9407,729
"p330","ssp126","CNRM-CM6-1-HR","2075",0.12,0,0,31,105.24,4.4973,0.0833,0,1,0,0.05,0,0,0,0,0,0,0,0,0,0.25,13.4498,3.8597,13.2465,15.8524,730
"p330","ssp126","CNRM-CM6-1-HR","2075",0.18,0.15,0,37,106.99,4.496,0.0333,0,0.75,0,0.06,0,0,0,0,0.1,0,0,0,0,0,14.3607,5.2507,14.1797,12.5897,731
"p330","ssp126","CNRM-CM6-1-HR","2075",0.3,0,0,54,98.26,4.7592,0.0167,0,0.25,0,0,0,0,0,0,0,0,0,0,0.3,0.15,15.2749,7.0492,8.4065,13.8536,732
"p330","ssp126","CNRM-CM6-1-HR","2075",0.28,0,0,35,107.07,4.8348,0.0667,0,0.3,0,0.05,0,0,0,0,0.1,0,0,0.05,0,0.25,14.3742,7.5317,15.8298,15.0659,733
"p330","ssp126","CNRM-CM6-1-HR","2075",0.1,0,0,38,93.28,4.714,0.05,0,0.6,0,0,0,0,0,0,0,0,0,0.05,0,0.25,13.8473,9.0239,12.953,15.9392,734
"p330","ssp126","CNRM-CM6-1-HR","2075",0.21,0,0,41,102.11,4.7315,0.0667,0,0.4,0,0.06,0,0,0,0,0,0,0,0,0,0.6,14.663,7.0435,9.4878,14.8642,735
"p330","ssp126","CNRM-CM6-1-HR","2075",0.28,0.1,0,44,109.97,4.7075,0.0333,0,0.55,0,0.05,0,0,0,0,0,0,0,0,0.15,0,15.0465,6.9523,11.658,10.5068,736
"p330","ssp126","CNRM-CM6-1-HR","2075",0.1,0,0.2,29,99.32,4.417,0.1,0,0.25,0,0.08,0,0,0,0,0,0,0,0,0,0.2,13.6068,7.8164,15.5253,15.2619,737
"p330","ssp126","CNRM-CM6-1-HR","2075",0.41,0,0,35,103.75,3.8699,0.0167,0,0.95,0,0.18,0,0,0,0,0,0,0,0,0,0.35,13.789,4.6248,13.3235,16.0748,738
"p330","ssp126","CNRM-CM6-1-HR","2075",0.31,0.1,0,41,102.66,4.4825,0,0,1,0.05,0.08,0,0,0,0,0.1,0,0,0,0.15,0.2,14.5855,2.5211,16.0922,16.7626,739
"p330","ssp126","CNRM-CM6-1-HR","2075",0.23,0,0,40,106.44,4.5762,0.05,0,0.4,0,0,0,0,0,0,0,0,0,0,0,0.25,13.3519,7.9975,15.0925,15.5506,740
"p330","ssp126","CNRM-CM6-1-HR","2075",0.11,0,0,56,88.8,4.1976,0.0667,0,0.35,0,0,0,0,0,0,0,0,0,0,0,0.35,15.5297,7.1771,10.4592,16.0797,741
"p330","ssp126","CNRM-CM6-1-HR","2075",0.18,0,0,30,95.7,4.436,0,0,0.45,0,0.05,0,0,0,0,0,0,0.1,0,0,0.2,14.1902,6.1176,12.9317,15.5486,742
"p330","ssp126","CNRM-CM6-1-HR","2075",0.37,0.3,0,38,108.8,4.2534,0.0333,0,0.75,0,0,0,0,0,0,0,0,0,0,0,0.1,14.3451,5.7903,10.0057,15.1739,743
"p330","ssp126","CNRM-CM6-1-HR","2075",0.27,0,0,56,106.9,4.8013,0.0833,0,0.4,0.05,0.11,0,0,0,0,0,0,0,0,0,0.05,16.1601,7.9928,11.9975,13.2802,744
"p330","ssp126","CNRM-CM6-1-HR","2075",0.27,0,0,27,108.21,4.3166,0.0333,0,1,0,0,0,0,0,0,0,0,0,0,0,0.2,12.5163,3.3158,12.6993,12.644,745
"p330","ssp126","CNRM-CM6-1-HR","2075",0.29,0.3,0.1,36,106.9,4.7932,0.1333,0,0,0,0.09,0,0,0,0,0,0,0,0,0,0.1,14.0826,8.3297,10.6547,14.1941,746
"p330","ssp126","CNRM-CM6-1-HR","2075",0.24,0,0,43,101.9,4.6052,0.1167,0,0.2,0,0.13,0,0,0,0,0,0,0,0,0,0.15,14.2051,9.1492,12.883,13.8821,747
"p330","ssp126","CNRM-CM6-1-HR","2075",0.11,0,0,33,100.82,4.4742,0.0333,0,0,0,0.1,0,0,0,0,0,0,0,0,0,0,13.8704,7.476,11.4013,15.9776,748
"p330","ssp126","CNRM-CM6-1-HR","2075",0.29,0.15,0,36,114.78,4.7299,0.0167,0,0.05,0,0.07,0,0,0,0,0.1,0,0,0,0,0.1,14.7947,8.0533,13.2315,14.3665,749
"p330","ssp126","CNRM-CM6-1-HR","2075",0.1,0,0,38,96.42,4.5263,0,0,1,0,0.05,0,0,0,0,0,0,0,0,0,0.3,14.7569,1.5095,11.4727,16.6892,750
"p330","ssp126","CNRM-CM6-1-HR","2075",0.2,0,0,33,103.61,4.1756,0,0,1,0,0.14,0,0,0,0,0,0,0,0,0.15,0.15,13.9964,4.3189,14.6813,14.8335,751
"p330","ssp126","CNRM-CM6-1-HR","2075",0.14,0,0,30,99.31,4.356,0,0,0.95,0,0.06,0,0,0,0,0,0,0,0,0,0.05,12.893,4.8722,12.9525,12.7871,752
"p330","ssp126","CNRM-CM6-1-HR","2075",0.13,0,0,48,108.43,4.094,0.0333,0,1,0,0.05,0,0,0,0,0.15,0,0,0,0,0.3,14.9812,4.3714,15.0458,15.6921,753
"p330","ssp126","CNRM-CM6-1-HR","2075",0.3,0.25,0,31,106.61,4.2593,0.0167,0,1,0,0.06,0,0,0,0,0,0,0,0,0,0.3,13.3537,3.7652,11.7817,15.6555,754
"p330","ssp126","CNRM-CM6-1-HR","2075",0.32,0,0,41,101.45,4.4635,0.0833,0,0.5,0,0.11,0,0,0,0,0.1,0,0,0,0,0.05,14.9066,8.2703,13.7138,15.0691,755
"p330","ssp126","CNRM-CM6-1-HR","2075",0.19,0.3,0,58,93.97,4.5274,0.05,0,0.35,0,0,0,0,0,0,0,0,0,0,0,0.4,15.7269,7.1402,11.8505,15.9506,756
"p330","ssp126","CNRM-CM6-1-HR","2075",0.25,0.15,0,39,104.52,4.2968,0.1167,0,0,0,0.1,0,0,0,0,0,0,0,0,0,0.3,14.7386,9.8484,10.1912,14.82,757
"p330","ssp126","CNRM-CM6-1-HR","2075",0.1,0,0,27,114.17,4.6584,0,0,0.4,0,0.05,0,0,0,0,0.3,0,0,0,0,0.15,12.6863,7.0026,16.3692,15.9489,758
"p330","ssp126","CNRM-CM6-1-HR","2075",0.18,0.35,0,43,100.16,4.1666,0.05,0,0.35,0,0.13,0,0,0,0,0,0,0,0,0,0.15,15.0329,5.8877,12.7835,15.8889,759
"p330","ssp126","CNRM-CM6-1-HR","2075",0.08,0.25,0,40,107.61,4.2932,0.05,0,1,0,0.07,0,0,0,0,0.1,0,0,0,0,0.35,14.2589,4.7713,12.3983,16.6365,760
"p330","ssp126","CNRM-CM6-1-HR","2075",0.23,0.2,0,41,94.52,4.8417,0.05,0,0.5,0.05,0,0,0,0,0,0,0,0,0,0,0.15,15.384,6.5627,11.1555,14.6021,761
"p330","ssp126","CNRM-CM6-1-HR","2075",0.22,0,0,31,104.11,5.0822,0.1333,0,0.1,0.15,0.07,0,0,0,0,0,0,0,0,0.3,0,13.593,9.0188,12.607,11.6852,762
"p330","ssp126","CNRM-CM6-1-HR","2075",0.11,0,0,20,101.29,4.3738,0.0333,0,0.6,0,0.16,0,0,0,0,0.15,0,0,0,0.15,0.45,10.9779,5.5765,14.2328,15.5709,763
"p330","ssp126","CNRM-CM6-1-HR","2075",0.36,0,0,23,101.31,4.6447,0.0667,0,0.05,0,0.12,0,0,0,0,0,0,0,0,0.15,0.2,11.9212,9.2402,12.5207,15.8414,764
"p330","ssp126","CNRM-CM6-1-HR","2075",0.24,0,0,41,112.67,4.3064,0.0333,0,0.3,0,0.14,0,0,0,0,0,0,0,0,0,1,14.2184,7.4149,11.9597,18.8188,765
"p330","ssp126","CNRM-CM6-1-HR","2075",0.17,0,0,34,107.01,4.5525,0.0167,0,0.5,0,0.12,0,0,0,0,0.15,0,0,0,0,0.3,13.7443,5.9295,15.9567,16.8555,766
"p330","ssp126","CNRM-CM6-1-HR","2075",0.19,0,0,30,93.81,4.3434,0.05,0,0.1,0,0.19,0.05,0,0,0,0.2,0,0,0,0,0.35,13.9704,7.2996,12.2892,16.0338,767
"p330","ssp126","CNRM-CM6-1-HR","2075",0.26,0,0,47,101.23,4.4416,0.05,0,0.9,0.05,0.07,0,0,0,0,0,0,0,0,0,0.1,15.5634,5.9116,9.9988,16.5955,768
"p330","ssp126","CNRM-CM6-1-HR","2075",0.18,0,0.1,38,95.75,4.5205,0.0833,0,0.3,0.05,0.09,0,0,0,0,0.1,0,0,0,0,0.15,14.2032,8.8652,12.888,18.6465,769
"p330","ssp126","CNRM-CM6-1-HR","2075",0.17,0.15,0,53,103.46,4.5923,0.15,0,0.55,0,0.14,0,0,0,0,0,0,0,0,0.15,0.05,15.8203,7.1688,13.0537,14.9726,770
"p330","ssp126","CNRM-CM6-1-HR","2075",0.17,0,0,34,93.4,4.4497,0.05,0,0.7,0,0,0,0,0,0,0,0,0,0,0,0.45,13.5591,5.9317,11.6643,14.4036,771
"p330","ssp126","CNRM-CM6-1-HR","2075",0.09,0,0,36,111.92,4.2828,0.1,0,0.15,0,0.06,0,0,0,0,0,0,0,0,0,0.35,14.0298,8.0436,10.8492,16.8586,772
"p330","ssp126","CNRM-CM6-1-HR","2075",0.2,0.1,0,43,108.65,4.6004,0.0167,0,0.9,0,0.21,0,0,0,0,0,0,0.05,0,0,0.8,15.1683,5.5387,15.5063,18.2313,773
"p330","ssp126","CNRM-CM6-1-HR","2075",0.17,0.4,0,45,105.13,4.677,0.2,0,0.25,0,0.06,0,0,0,0,0,0,0,0,0,0.2,15.5623,9.1086,12.8563,16.6348,774
"p330","ssp126","CNRM-CM6-1-HR","2075",0.31,0.15,0,34,103.13,4.2585,0.05,0,0.25,0,0.09,0,0,0,0,0,0,0,0,0,0.1,14.338,7.768,13.1078,13.2192,775
"p330","ssp126","CNRM-CM6-1-HR","2075",0.26,0,0,26,109.91,4.7989,0.0167,0,0.1,0,0.15,0,0,0,0,0.1,0,0,0,0,0.1,13.8999,7.685,13.7122,14.7733,776
"p330","ssp126","CNRM-CM6-1-HR","2075",0.1,0,0,46,99.02,4.4769,0.2,0,0.2,0,0,0,0,0,0,0.1,0,0,0.05,0,0.15,15.0891,7.6458,13.303,14.0974,777
"p330","ssp126","CNRM-CM6-1-HR","2075",0.28,0.3,0,40,98.82,4.2852,0,0,0.25,0,0.12,0,0,0,0,0.1,0,0,0,0,0.1,14.6252,6.9633,12.5013,16.1241,778
"p330","ssp126","CNRM-CM6-1-HR","2075",0.07,0,0,16,97.41,4.1898,0.05,0,0.35,0,0.09,0,0,0,0,0.1,0,0,0,0,0.85,12.0715,7.1709,12.7518,16.7153,779
"p330","ssp126","CNRM-CM6-1-HR","2075",0.18,0.1,0,39,85.45,4.6501,0.0833,0,0.15,0,0.05,0,0,0,0,0,0,0.1,0,0,0.1,14.8908,9.9192,11.3087,15.6889,780
"p330","ssp126","CNRM-CM6-1-HR","2075",0.13,0,0,49,107.77,4.3981,0.1167,0,0.05,0,0.1,0,0,0,0,0,0,0,0,0,0.15,15.6946,10.377,13.5322,14.2676,781
"p330","ssp126","CNRM-CM6-1-HR","2075",0.14,0.25,0,42,94.28,4.2917,0,0,1,0,0,0,0,0,0,0,0,0,0,0,0.45,15.9137,4.0989,11.5822,16.2326,782
"p330","ssp126","CNRM-CM6-1-HR","2075",0.22,0,0,36,110.79,4.6189,0.1,0,0.5,0.05,0,0,0,0,0,0.25,0,0,0.05,0.3,0.4,13.9576,6.213,11.119,15.2703,783
"p330","ssp126","CNRM-CM6-1-HR","2075",0.1,0.1,0,19,103.6,4.8111,0.0667,0,0.35,0.05,0,0,0,0,0,0,0,0,0,0,0.6,12.046,7.3872,10.1912,17.232,784
"p330","ssp126","CNRM-CM6-1-HR","2075",0.55,0.55,0,45,108.31,4.7673,0.0667,0,0.65,0,0,0,0,0.1,0,0.25,0,0,0,0,0.35,15.2478,5.8662,14.1835,14.9576,785
"p330","ssp126","CNRM-CM6-1-HR","2075",0.31,0.1,0,45,100.29,4.1669,0.0167,0,0.7,0,0.21,0,0,0,0,0,0,0,0.05,0,0.25,14.8676,5.3982,13.4,15.082,786
"p330","ssp126","CNRM-CM6-1-HR","2075",0.19,0,0,39,108.12,4.9072,0.1167,0,0.45,0,0.07,0,0,0,0,0.1,0,0,0,0.15,0.4,14.1976,5.7999,13.9347,16.1259,787
"p330","ssp126","CNRM-CM6-1-HR","2075",0.19,0.55,0,40,106.45,4.771,0.0833,0,0.1,0,0,0,0,0,0,0.25,0,0,0,0,0.1,15.4963,8.9162,12.9803,14.6832,788
"p330","ssp126","CNRM-CM6-1-HR","2075",0.23,0,0,32,105,4.7075,0.0333,0,0.3,0,0.15,0,0,0,0,0,0,0,0,0,0.1,13.9418,7.3072,11.9147,14.5018,789
"p330","ssp126","CNRM-CM6-1-HR","2075",0.19,0,0,28,102.63,4.3681,0.05,0,1,0,0.11,0,0,0,0,0,0,0,0,0,0.05,12.9073,3.8632,12.0945,13.8811,790
"p330","ssp126","CNRM-CM6-1-HR","2075",0.28,0,0,38,106.35,4.3794,0.05,0,0.7,0,0.09,0,0,0,0,0,0,0,0,0,0.2,14.9573,6.4321,13.6907,12.2227,791
"p330","ssp126","CNRM-CM6-1-HR","2075",0.42,0.1,0,26,95.66,4.312,0.1,0,0.45,0,0.21,0,0,0,0,0,0,0,0.05,0,0.4,12.6419,6.562,12.0958,15.8595,792
"p330","ssp126","CNRM-CM6-1-HR","2075",0.13,0,0,28,104.21,4.9646,0.1,0,0.3,0,0.05,0,0,0,0,0,0,0,0,0,0.25,12.7765,8.9499,11.3148,14.0557,793
"p330","ssp126","CNRM-CM6-1-HR","2075",0.15,0,0,43,101.86,4.1889,0.0667,0,0.2,0,0.08,0,0,0,0,0,0,0,0,0,0,14.8629,6.7552,11.0953,13.9385,794
"p330","ssp126","CNRM-CM6-1-HR","2075",0.24,0.1,0,47,106.78,4.5484,0.0667,0,0.85,0,0.14,0,0,0,0,0.1,0,0,0,0.3,0.55,15.0671,8.0443,13.787,15.7276,795
"p330","ssp126","CNRM-CM6-1-HR","2075",0.31,0.45,0,57,107.88,4.3218,0.0333,0,1,0,0.05,0,0,0,0,0.25,0,0,0,0.15,0.25,16.3833,4.8321,14.5552,15.6355,796
"p330","ssp126","CNRM-CM6-1-HR","2075",0.22,0,0,44,106.41,4.6232,0,0,0.6,0,0,0,0,0,0,0.1,0,0,0,0.15,0.1,15.2471,5.2978,15.1018,13.6813,797
"p330","ssp126","CNRM-CM6-1-HR","2075",0.39,0,0,38,109.13,4.4062,0.1833,0,0.1,0,0,0,0,0,0,0.1,0,0,0,0,0.05,13.9859,8.1787,12.719,13.0102,798
"p330","ssp126","CNRM-CM6-1-HR","2075",0.37,0,0,56,99.41,4.3017,0.0167,0,0.35,0,0.05,0,0,0,0,0,0,0,0,0,0.1,15.5699,7.7522,10.0055,17.0097,799
"p330","ssp126","CNRM-CM6-1-HR","2075",0.43,0.1,0,61,99.12,4.3668,0.05,0,0.4,0,0.06,0,0,0,0,0,0,0,0,0,0,16.5214,7.3397,11.4452,13.8279,800
"p330","ssp126","CNRM-ESM2-1","2075",0.16,0.1,0,43,98.6,4.9957,0.1167,0,1,0,0,0,0,0,0,0,0,0,0,0,0.25,15.038,5.9683,10.4842,14.7522,801
"p330","ssp126","CNRM-ESM2-1","2075",0.05,0.25,0.1,46,102.1,5.2599,0.05,0,0.15,0,0.14,0,0,0,0,0,0,0,0,0,0.2,14.8837,7.0125,12.1645,16.0373,802
"p330","ssp126","CNRM-ESM2-1","2075",0.1,0,0,40,104.32,5.0777,0.1167,0,0.85,0,0.26,0,0,0,0,0,0,0,0,0,0.2,14.5025,6.0259,14.9552,15.7556,803
"p330","ssp126","CNRM-ESM2-1","2075",0.31,0,0,32,103.8,5.0158,0.2,0,0.25,0,0.08,0,0,0,0,0.2,0,0,0,0,0.15,13.4465,7.8577,10.1898,15.133,804
"p330","ssp126","CNRM-ESM2-1","2075",0.19,0,0,54,104.34,5.186,0.1,0,0.5,0.05,0.09,0,0,0,0,0,0,0,0,0,0.15,15.0653,6.6686,13.5883,14.6557,805
"p330","ssp126","CNRM-ESM2-1","2075",0.26,0.1,0.1,43,111.97,5.2842,0.0833,0,0.8,0.1,0,0,0,0,0,0,0,0,0,0,0.3,14.0036,6.3656,8.3645,14.5623,806
"p330","ssp126","CNRM-ESM2-1","2075",0.15,0.2,0,38,96.84,5.0702,0.0333,0,1,0,0.12,0,0,0,0,0,0,0,0,0,0.05,14.9025,5.8052,10.1752,12.7918,807
"p330","ssp126","CNRM-ESM2-1","2075",0.34,0.5,0,33,108.8,5.2104,0.1,0,0.45,0,0.06,0,0,0,0,0,0,0.05,0.05,0,0.5,13.6449,6.7253,11.3312,19.0591,808
"p330","ssp126","CNRM-ESM2-1","2075",0.41,0,0,52,94.08,4.4842,0.05,0,1,0,0.1,0,0,0,0,0,0,0,0,0,0.05,16.176,4.3115,13.5793,14.9379,809
"p330","ssp126","CNRM-ESM2-1","2075",0.29,0.35,0,55,99.35,5.3462,0.1833,0,1,0,0.16,0,0,0,0,0,0,0,0,0,0.1,15.5566,5.3012,13.2028,15.0091,810
"p330","ssp126","CNRM-ESM2-1","2075",0.13,0.15,0.15,58,95.06,5.0816,0.1,0,0.3,0,0.14,0,0,0,0,0,0,0,0,0,0.05,16.2653,7.7424,14.1815,15.4467,811
"p330","ssp126","CNRM-ESM2-1","2075",0.24,0,0,24,98.4,5.0572,0.0333,0,0.75,0,0,0,0,0,0,0,0,0,0,0,0.05,12.3909,6.3668,11.6252,16.8794,812
"p330","ssp126","CNRM-ESM2-1","2075",0.24,0.4,0,50,96.89,5.2097,0.2667,0,0.25,0,0.1,0,0,0,0,0,0,0,0,0,0.15,15.7318,8.6979,14.4053,14.1041,813
"p330","ssp126","CNRM-ESM2-1","2075",0.26,0,0,43,100.86,5.4512,0.2333,0,0.3,0,0.12,0,0,0,0,0.15,0,0,0,0,0.15,13.7627,8.6432,13.6252,15.1726,814
"p330","ssp126","CNRM-ESM2-1","2075",0.1,0.1,0,43,100.41,5.1244,0.0833,0,0.55,0,0.05,0,0,0,0,0.15,0,0.05,0,0,0.3,14.3845,6.7538,13.1115,18.3158,815
"p330","ssp126","CNRM-ESM2-1","2075",0.11,0,0,36,104.58,5.0681,0.0833,0,0.65,0,0.12,0,0,0,0,0.25,0,0,0,0,0.7,14.0345,6.4104,14.6385,16.3014,816
"p330","ssp126","CNRM-ESM2-1","2075",0.13,0,0,40,96.69,5.0307,0.1333,0,0.3,0,0.11,0,0,0,0,0,0,0,0,0,0.3,14.1116,7.9032,14.8947,15.2868,817
"p330","ssp126","CNRM-ESM2-1","2075",0.18,0.1,0,40,86.2,4.8595,0.0167,0,1,0.05,0,0,0,0,0,0,0,0,0,0,0.1,13.2438,3.7633,8.8477,14.0532,818
"p330","ssp126","CNRM-ESM2-1","2075",0.32,0.4,0,41,96.52,4.756,0.0667,0,1,0.05,0.07,0,0,0,0,0,0,0,0,0,0.1,14.3714,4.9172,10.0603,14.833,819
"p330","ssp126","CNRM-ESM2-1","2075",0.17,0,0,48,98.1,5.5373,0.05,0,1,0,0,0,0,0,0,0,0,0,0,0,0.6,15.6276,5.0516,12.4685,17.6429,820
"p330","ssp126","CNRM-ESM2-1","2075",0.2,0.1,0,50,95.62,4.6712,0.1333,0,0.45,0,0.07,0,0,0,0,0.1,0,0,0.05,0,0.6,15.4827,6.0568,12.7797,16.6685,821
"p330","ssp126","CNRM-ESM2-1","2075",0.16,0,0,31,91.61,4.924,0.1,0,0.2,0,0.06,0,0,0,0,0,0,0,0,0,0.3,12.7224,7.8198,15.4808,17.8976,822
"p330","ssp126","CNRM-ESM2-1","2075",0.15,0.35,0,35,107.25,4.9579,0.15,0,0.5,0.05,0.06,0,0,0,0,0,0,0,0,0,0.05,13.9084,7.8682,9.5987,13.255,823
"p330","ssp126","CNRM-ESM2-1","2075",0.42,0,0,41,96.15,4.5133,0.0167,0,0.85,0,0,0,0,0,0,0,0,0,0,0.15,0.15,13.9065,5.4372,11.956,17.2809,824
"p330","ssp126","CNRM-ESM2-1","2075",0.16,0,0,34,101.97,5.2353,0.0833,0,0.85,0.05,0,0,0,0,0,0,0,0,0,0,0.15,14.5426,5.9968,10.1098,14.3565,825
"p330","ssp126","CNRM-ESM2-1","2075",0.2,0.3,0,44,102.99,4.9875,0.1,0,0.65,0,0.06,0,0,0,0,0,0,0,0,0,0.25,16.1641,5.7269,13.9067,15.5008,826
"p330","ssp126","CNRM-ESM2-1","2075",0.32,0,0,40,89.41,5.1111,0.0833,0,1,0,0.15,0,0,0,0,0,0,0.05,0,0,0.4,13.1705,5.1772,14.541,17.425,827
"p330","ssp126","CNRM-ESM2-1","2075",0,0,0,38,106.56,5.0811,0.1333,0,0.35,0,0.05,0,0,0,0,0.15,0,0,0,0,0.15,13.4791,8.0205,10.3567,15.3644,828
"p330","ssp126","CNRM-ESM2-1","2075",0.22,0.3,0,35,100.17,5.1842,0.0667,0,0.65,0,0,0,0,0,0,0,0,0,0,0,0.05,14.8425,5.8953,11.716,13.7606,829
"p330","ssp126","CNRM-ESM2-1","2075",0.32,0,0,33,103.65,5.0799,0.0333,0,1,0,0.12,0,0,0,0,0,0,0,0,0,0.2,13.336,2.5311,12.9553,16.2874,830
"p330","ssp126","CNRM-ESM2-1","2075",0.15,0,0.1,41,105.6,5.1077,0.0667,0,1,0,0.05,0,0,0,0,0,0,0,0,0,0.1,14.3233,3.9078,13.4405,12.4183,831
"p330","ssp126","CNRM-ESM2-1","2075",0.41,0,0,52,93.31,5.2091,0.05,0,0.55,0,0.12,0,0,0,0,0,0,0,0,0,0.15,15.4988,6.1622,8.6642,14.4502,832
"p330","ssp126","CNRM-ESM2-1","2075",0.32,0,0,44,103.85,5.3718,0.1167,0,0.85,0,0,0,0,0,0,0.15,0,0,0,0,0.3,14.6085,6.9938,15.4595,15.5181,833
"p330","ssp126","CNRM-ESM2-1","2075",0.22,0,0,37,91.92,5.0952,0.15,0,0.6,0,0.12,0,0,0,0,0,0,0,0.05,0.15,0.4,13.8654,8.3369,13.2758,16.5242,834
"p330","ssp126","CNRM-ESM2-1","2075",0.35,0,0,43,93.25,5.3134,0.1,0,0.65,0.05,0.06,0,0,0,0,0,0,0,0,0,0.55,14.5905,6.1708,9.6698,15.5038,835
"p330","ssp126","CNRM-ESM2-1","2075",0.37,0.55,0,45,106.08,5.3556,0.1,0,0.8,0,0.12,0,0,0,0,0,0,0,0,0,0,15.1015,6.0318,12.0302,11.1721,836
"p330","ssp126","CNRM-ESM2-1","2075",0.25,0.25,0,36,87.4,4.9136,0.1667,0,0.85,0,0.07,0,0,0,0,0.3,0,0,0.05,0,0.2,14.011,7.0408,14.0773,15.3497,837
"p330","ssp126","CNRM-ESM2-1","2075",0.15,0,0,33,93.95,4.3288,0.0167,0,1,0,0.06,0,0,0,0,0,0,0,0,0,0.25,13.5841,3.7156,12.5342,17.0555,838
"p330","ssp126","CNRM-ESM2-1","2075",0.27,0.15,0,40,92.74,4.805,0.0167,0,1,0.05,0.05,0,0,0,0,0,0,0,0,0,0.4,14.4769,1.4188,15.2767,17.1848,839
"p330","ssp126","CNRM-ESM2-1","2075",0.33,0,0,39,104.75,5.2309,0.1,0,0.55,0,0.21,0,0,0,0,0,0,0,0,0,0.25,13.1696,7.2217,15.4997,15.9564,840
"p330","ssp126","CNRM-ESM2-1","2075",0.28,0.2,0,55,78.62,4.9654,0.1333,0,1,0,0.05,0,0,0,0,0,0,0,0,0,0.2,15.7006,6.2408,10.2415,16.2818,841
"p330","ssp126","CNRM-ESM2-1","2075",0.16,0,0,31,95.07,5.1159,0.15,0,0.85,0,0,0,0,0,0,0,0,0.05,0,0,0.1,14.2407,6.0367,12.6092,15.0545,842
"p330","ssp126","CNRM-ESM2-1","2075",0.16,0.1,0,33,100.71,4.7819,0.1,0,0.85,0,0,0,0,0,0,0,0,0,0,0,0.05,13.6981,5.2872,10.2465,15.1773,843
"p330","ssp126","CNRM-ESM2-1","2075",0.29,0.35,0,52,100.7,5.2819,0.0667,0,0.6,0.05,0.07,0,0,0,0,0,0,0,0,0,0.05,16.1084,6.7317,11.0953,13.2009,844
"p330","ssp126","CNRM-ESM2-1","2075",0.15,0.45,0,29,104.97,5.0058,0.0333,0,1,0,0.06,0,0,0,0,0.2,0,0,0,0,0.2,12.5499,2.7654,12.2182,13.1387,845
"p330","ssp126","CNRM-ESM2-1","2075",0.23,0.3,0,40,99.74,5.3409,0.1167,0,0.2,0,0.05,0,0,0,0,0,0,0,0,0,0.2,14.3596,6.9847,9.4418,14.3491,846
"p330","ssp126","CNRM-ESM2-1","2075",0.38,0,0,47,89.6,5.2726,0.2833,0,0.4,0,0.07,0,0,0,0,0.1,0,0,0,0,0.1,14.677,8.3963,12.0288,14.7256,847
"p330","ssp126","CNRM-ESM2-1","2075",0.19,0.15,0,40,105.62,5.3997,0.1,0,0.15,0,0.05,0,0,0,0,0,0,0,0.05,0,0.55,14.2612,7.0244,11.131,16.3147,848
"p330","ssp126","CNRM-ESM2-1","2075",0.15,0,0,32,108.37,5.275,0.0833,0,0.35,0,0.17,0,0,0,0,0.1,0,0,0,0,0.1,14.4944,7.3362,12.9215,14.8512,849
"p330","ssp126","CNRM-ESM2-1","2075",0.11,0,0,33,91.29,5.0341,0.1,0,1,0,0.17,0,0,0,0,0,0,0,0.05,0,0.5,14.1786,1.1202,11.4467,18.1068,850
"p330","ssp126","CNRM-ESM2-1","2075",0.44,0,0,39,95.25,4.8507,0,0,1,0,0.1,0.05,0,0,0,0,0,0.05,0,0,0.2,13.6521,3.2093,13.8885,16.4235,851
"p330","ssp126","CNRM-ESM2-1","2075",0.12,0,0,27,94.6,4.8419,0.0167,0,1,0,0.05,0,0,0,0,0,0,0,0,0,0.05,13.0873,4.0357,12.1868,13.1992,852
"p330","ssp126","CNRM-ESM2-1","2075",0.11,0,0,43,97.7,4.437,0.1167,0,1,0,0.17,0,0,0,0,0.25,0,0,0,0,0.1,14.7379,3.7776,14.9112,15.9879,853
"p330","ssp126","CNRM-ESM2-1","2075",0.29,0.15,0,28,98.76,4.7071,0.0167,0,1,0,0.06,0,0,0,0,0,0,0,0,0,0.2,13.3044,2.0629,10.5468,16.5189,854
"p330","ssp126","CNRM-ESM2-1","2075",0.37,0.25,0,39,99.09,5.0228,0.0833,0,0.9,0,0.1,0,0,0,0,0,0,0,0,0,0.35,15.0067,7.6721,13.4612,14.8327,855
"p330","ssp126","CNRM-ESM2-1","2075",0.23,0,0,47,93.72,5.1862,0.15,0,0.75,0,0.07,0,0,0,0,0,0,0.2,0,0,0.15,15.1042,6.2443,11.6978,17.3206,856
"p330","ssp126","CNRM-ESM2-1","2075",0.12,0,0,37,97.01,5.0685,0.1833,0,0.1,0,0.06,0,0,0,0,0,0,0,0,0,0.3,14.2103,9.5022,9.3618,15.281,857
"p330","ssp126","CNRM-ESM2-1","2075",0.33,0,0,24,108.49,5.3396,0.0833,0,0.85,0,0.07,0,0,0,0,0,0,0,0.05,0,0.35,12.398,6.5035,16.8943,15.4695,858
"p330","ssp126","CNRM-ESM2-1","2075",0.12,0.25,0,35,98.14,4.9693,0.0667,0,0.65,0,0.08,0,0,0,0,0,0,0,0,0,0.4,14.659,5.1243,11.866,16.4794,859
"p330","ssp126","CNRM-ESM2-1","2075",0.37,0.35,0,51,100.95,4.9922,0.0833,0,1,0,0.1,0,0,0,0,0,0,0,0,0,0.55,14.6645,4.0157,11.995,16.7561,860
"p330","ssp126","CNRM-ESM2-1","2075",0.37,0.25,0,40,89.12,5.5074,0.0833,0,0.7,0.05,0.15,0,0,0,0,0,0,0,0,0,0.2,15.4112,5.8636,11.532,14.4828,861
"p330","ssp126","CNRM-ESM2-1","2075",0.28,0.2,0,31,104.48,5.345,0.2333,0,0.05,0.2,0.09,0,0,0,0,0,0,0,0,0,0,13.3873,8.3874,12.1015,12.1474,862
"p330","ssp126","CNRM-ESM2-1","2075",0.28,0,0,17,95.99,5.2203,0.05,0,1,0,0.1,0,0,0,0,0.1,0,0,0,0,0.25,10.7302,5.117,13.6253,16.2483,863
"p330","ssp126","CNRM-ESM2-1","2075",0.36,0,0,24,100.67,5.2772,0.1167,0,0.15,0,0.06,0,0,0,0,0,0,0,0,0,0.2,11.8966,7.6183,11.8317,16.5418,864
"p330","ssp126","CNRM-ESM2-1","2075",0.1,0,0,39,108.89,4.7905,0.1167,0,0.55,0,0,0,0,0,0,0,0,0.15,0,0,0.3,13.8622,6.3616,10.8305,20.1097,865
"p330","ssp126","CNRM-ESM2-1","2075",0.15,0,0.15,35,105.83,5.3091,0.0667,0,0.8,0,0,0,0,0,0,0.1,0,0,0,0,0.15,13.6781,5.4631,14.88,17.9062,866
"p330","ssp126","CNRM-ESM2-1","2075",0.35,0.1,0,36,96.58,4.7778,0.05,0,0.55,0,0.13,0,0,0,0,0,0,0,0,0,0.1,14.0751,6.1922,12.0017,16.5659,867
"p330","ssp126","CNRM-ESM2-1","2075",0.14,0.15,0.1,36,99.82,5.2131,0.0833,0,1,0,0.12,0,0,0,0,0,0,0,0.05,0,0.25,15.0291,5.2908,9.806,17.0762,868
"p330","ssp126","CNRM-ESM2-1","2075",0.27,0.1,0,44,101.74,4.8929,0.0833,0,0.4,0.1,0.07,0.05,0,0,0,0,0,0,0,0,0.3,14.1156,7.5742,12.1378,17.9397,869
"p330","ssp126","CNRM-ESM2-1","2075",0.45,0.15,0,55,99.75,5.0422,0.2,0,1,0,0.14,0,0,0,0,0,0,0,0,0,0.05,15.956,6.5358,12.6593,15.5947,870
"p330","ssp126","CNRM-ESM2-1","2075",0.21,0,0.1,30,86.54,4.9128,0.1333,0,1,0,0.12,0,0,0,0,0,0,0,0,0,0.4,13.7268,4.9049,11.3235,14.6836,871
"p330","ssp126","CNRM-ESM2-1","2075",0.23,0,0.1,45,108.23,4.6595,0.1,0,0.4,0,0,0,0,0,0,0,0,0,0.05,0,0.35,14.3046,7.0271,10.1917,16.8658,872
"p330","ssp126","CNRM-ESM2-1","2075",0.11,0,0.15,42,102.69,5.2113,0.0167,0,1,0,0.13,0,0,0,0,0,0,0.05,0,0,0.7,15.1421,4.1039,14.1517,18.075,873
"p330","ssp126","CNRM-ESM2-1","2075",0.33,0.5,0,43,102.26,5.0013,0.15,0,0.35,0,0.12,0,0,0,0,0,0,0,0,0,0.15,15.7095,7.9903,13.138,17.5179,874
"p330","ssp126","CNRM-ESM2-1","2075",0.3,0,0,36,97.43,4.9401,0.1833,0,0.35,0,0.12,0,0,0,0,0.15,0,0,0,0,0.1,14.3696,7.4611,13.2048,14.0533,875
"p330","ssp126","CNRM-ESM2-1","2075",0.12,0,0,24,106.53,5.5442,0.1167,0,0.55,0,0.05,0,0,0,0,0,0,0,0,0,0.1,13.7571,6.4649,13.5347,14.8415,876
"p330","ssp126","CNRM-ESM2-1","2075",0.2,0,0,42,92.74,5.0497,0.1833,0,1,0,0.06,0,0,0,0,0,0,0,0.05,0,0.15,15.0333,6.3961,12.3895,14.7707,877
"p330","ssp126","CNRM-ESM2-1","2075",0.43,0.1,0,44,92.19,4.9729,0.0333,0,0.65,0,0.1,0,0,0,0,0.15,0,0,0.05,0,0.45,14.8682,6.059,12.4628,16.4267,878
"p330","ssp126","CNRM-ESM2-1","2075",0.38,0,0,32,88.82,4.6767,0.0833,0,0.85,0.05,0,0,0,0,0,0.15,0,0,0,0,0.4,12.7047,6.2309,11.764,17.1579,879
"p330","ssp126","CNRM-ESM2-1","2075",0.24,0.15,0.1,40,85.38,5.0844,0.3,0,0.15,0,0.18,0,0,0,0,0,0,0,0,0,0.45,14.8288,9.0692,11.7727,15.0424,880
"p330","ssp126","CNRM-ESM2-1","2075",0.24,0.1,0,53,102.3,4.7923,0.1333,0,0.3,0,0.05,0,0,0,0,0,0,0,0,0,0.4,15.5738,8.9837,12.4457,14.5771,881
"p330","ssp126","CNRM-ESM2-1","2075",0.22,0.15,0,41,91.62,5.1422,0.0667,0,1,0,0.05,0,0,0,0,0.1,0,0.1,0,0,0.2,15.9499,3.8252,10.8545,17.5841,882
"p330","ssp126","CNRM-ESM2-1","2075",0.31,0,0,32,105.73,5.2351,0.0833,0,1,0.05,0.1,0,0,0,0,0,0,0.2,0.05,0,0.15,13.9497,5.2522,11.2465,16.1433,883
"p330","ssp126","CNRM-ESM2-1","2075",0.29,0.2,0,21,97.42,5.4048,0.1333,0,0.55,0,0.05,0,0,0,0,0,0,0,0,0.15,0.3,12.5119,6.5908,9.6425,17.8756,884
"p330","ssp126","CNRM-ESM2-1","2075",0.22,0.75,0,41,101.31,5.0729,0.0833,0,0.95,0,0.06,0,0,0.15,0,0,0,0,0,0,0.05,15.1443,4.9738,13.8818,15.4665,885
"p330","ssp126","CNRM-ESM2-1","2075",0.22,0.15,0,38,92.67,4.9495,0.0833,0,1,0,0.14,0,0,0,0,0,0,0.05,0.05,0,0.05,14.9836,5.2638,12.7547,15.9989,886
"p330","ssp126","CNRM-ESM2-1","2075",0.31,0,0,39,99.02,5.3582,0.1,0,0.8,0,0.09,0,0,0,0,0,0,0,0,0,0.6,14.181,5.3367,13.138,16.6482,887
"p330","ssp126","CNRM-ESM2-1","2075",0.32,0.25,0,46,105.02,5.0596,0.15,0,0.45,0,0.1,0,0,0,0,0,0,0,0,0,0.2,15.6343,7.2586,12.6475,15.9864,888
"p330","ssp126","CNRM-ESM2-1","2075",0.27,0,0,31,103.93,5.5402,0.15,0,0.55,0,0.11,0,0,0,0,0,0,0,0,0,0.25,13.8548,6.6494,11.5762,14.7697,889
"p330","ssp126","CNRM-ESM2-1","2075",0.13,0,0,27,97.22,5.0519,0.0333,0,1,0,0.06,0,0,0,0,0,0,0,0,0,0.1,12.611,3.2463,11.854,14.5095,890
"p330","ssp126","CNRM-ESM2-1","2075",0.21,0,0,41,99.96,5.1278,0.0333,0,1,0,0.06,0,0,0,0,0,0,0,0,0,0.2,14.7452,5.4638,12.7582,13.0617,891
"p330","ssp126","CNRM-ESM2-1","2075",0.18,0,0,24,90.98,4.9771,0.0833,0,0.9,0,0.16,0,0,0,0,0,0,0,0,0,0.3,12.5095,5.5633,11.8718,16.2912,892
"p330","ssp126","CNRM-ESM2-1","2075",0.06,0.15,0,32,94.13,5.5172,0.35,0,0.55,0,0.1,0,0,0,0,0,0,0,0,0,0.15,12.8496,8.6932,10.9162,14.3978,893
"p330","ssp126","CNRM-ESM2-1","2075",0.27,0.3,0,47,98.5,4.9446,0.0667,0,0.2,0,0.09,0,0,0,0,0,0,0,0,0,0.1,15.1437,6.174,10.94,14.0027,894
"p330","ssp126","CNRM-ESM2-1","2075",0,0.1,0,37,100.67,5.1591,0.1333,0,0.95,0,0.13,0,0,0,0,0,0,0,0,0.3,0.25,14.3944,7.6213,13.8115,16.2668,895
"p330","ssp126","CNRM-ESM2-1","2075",0.32,0.2,0,51,106.21,5.0978,0.0333,0,1,0,0.11,0,0,0,0,0,0,0,0,0,0.2,15.9492,3.9372,14.7102,17.0079,896
"p330","ssp126","CNRM-ESM2-1","2075",0.13,0,0,51,102.26,5.0954,0.1333,0,1,0,0.08,0,0,0,0,0.1,0,0,0,0,0.1,14.9962,4.7597,15.3333,14.5809,897
"p330","ssp126","CNRM-ESM2-1","2075",0.2,0,0,40,103.32,5.1315,0.1833,0,0.3,0,0.15,0,0,0,0,0,0,0,0,0,0,13.6441,7.5782,13.0115,12.6556,898
"p330","ssp126","CNRM-ESM2-1","2075",0.27,0,0.1,50,88.43,4.7845,0.0667,0,0.75,0,0,0,0,0,0,0,0,0,0,0,0.15,15.4459,6.8667,9.5028,16.1952,899
"p330","ssp126","CNRM-ESM2-1","2075",0.3,0.25,0,58,101.05,5.0929,0.0167,0,0.65,0,0.1,0,0,0,0,0,0,0,0,0,0.35,16.2152,5.7926,11.7445,12.9532,900
"p330","ssp126","EC-Earth3-Veg-LR","2075",0.16,0,0,37,98.37,4.6124,0.1,0,0.75,0,0,0,0,0,0,0,0,0,0,0,0.2,14.2768,6.381,10.506,14.0201,901
"p330","ssp126","EC-Earth3-Veg-LR","2075",0.05,0.1,0.1,37,102.96,4.8754,0.0667,0,0.1,0,0.08,0,0,0,0,0,0,0,0,0,0.15,14.1172,7.4295,12.1893,15.3118,902
"p330","ssp126","EC-Earth3-Veg-LR","2075",0.1,0,0,38,105,4.6583,0.1167,0,0.7,0,0.26,0,0,0,0,0,0,0,0,0.15,0.2,13.7297,6.4458,14.9818,15.0315,903
"p330","ssp126","EC-Earth3-Veg-LR","2075",0.31,0,0,19,104.84,4.6277,0.1833,0,0.15,0,0.08,0,0,0,0,0.2,0,0,0,0,0.15,12.6681,8.2822,10.2132,14.4174,904
"p330","ssp126","EC-Earth3-Veg-LR","2075",0.21,0,0,44,103.76,4.7466,0.0833,0,0.25,0.05,0.09,0,0,0,0,0,0,0,0,0,0.1,14.3059,7.0809,13.6095,13.9232,905
"p330","ssp126","EC-Earth3-Veg-LR","2075",0.26,0,0,28,113.9,4.8534,0.0833,0,0.7,0.1,0,0,0,0,0,0,0,0,0,0,0.3,13.2376,6.7812,8.3885,13.8341,906
"p330","ssp126","EC-Earth3-Veg-LR","2075",0.15,0.1,0,37,95.26,4.6819,0.0333,0,0.8,0,0.12,0,0,0,0,0,0,0,0,0,0.05,14.1312,6.2243,10.202,12.0665,907
"p330","ssp126","EC-Earth3-Veg-LR","2075",0.34,0.1,0,31,107.07,4.826,0.0833,0,0.45,0,0.06,0,0,0,0,0,0,0.05,0.05,0,0.5,12.8679,7.1488,11.3548,18.3438,908
"p330","ssp126","EC-Earth3-Veg-LR","2075",0.41,0,0,42,90.76,4.1375,0.05,0,1,0,0.1,0,0,0,0,0,0,0,0,0,0.1,15.4175,4.7225,13.6002,14.2056,909
"p330","ssp126","EC-Earth3-Veg-LR","2075",0.29,0.1,0,52,99.16,4.9015,0.1667,0,1,0,0.16,0,0,0,0,0,0,0,0,0,0.1,14.7924,5.7163,13.2268,14.2806,910
"p330","ssp126","EC-Earth3-Veg-LR","2075",0.13,0.15,0.1,43,93.6,4.6891,0.1,0,0.25,0,0.14,0,0,0,0,0,0,0,0,0,0.05,15.4949,8.1605,14.2083,14.7206,911
"p330","ssp126","EC-Earth3-Veg-LR","2075",0.24,0,0,11,99.96,4.6402,0.0333,0,0.65,0,0,0,0,0,0,0,0,0,0,0,0.05,11.6151,6.7903,11.6478,16.1627,912
"p330","ssp126","EC-Earth3-Veg-LR","2075",0.24,0,0,47,98.88,4.799,0.2667,0,0.2,0,0.1,0,0,0,0,0,0,0,0,0,0.15,14.9742,9.1082,14.4247,13.3715,913
"p330","ssp126","EC-Earth3-Veg-LR","2075",0.25,0,0,38,100.92,5.0395,0.2,0,0.25,0,0.12,0,0,0,0,0.15,0,0,0,0.15,0.15,12.9998,9.0577,13.6483,14.4442,914
"p330","ssp126","EC-Earth3-Veg-LR","2075",0.1,0,0,37,102.81,4.7023,0.0667,0,0.4,0,0.05,0,0,0,0,0.15,0,0,0,0,0.3,13.6153,7.1718,13.1375,17.5902,915
"p330","ssp126","EC-Earth3-Veg-LR","2075",0.11,0,0,25,105.22,4.659,0.0833,0,0.4,0,0.12,0,0,0,0,0.35,0,0,0,0.15,0.75,13.2602,6.8321,14.6617,15.5838,916
"p330","ssp126","EC-Earth3-Veg-LR","2075",0.13,0,0,38,97.95,4.604,0.1167,0,0.2,0,0.11,0,0,0,0,0,0,0,0,0,0.3,13.3551,8.3128,14.9148,14.5528,917
"p330","ssp126","EC-Earth3-Veg-LR","2075",0.14,0,0,33,85.55,4.4732,0.0167,0,1,0.05,0,0,0,0,0,0,0,0,0,0,0.1,12.4818,4.1769,8.8697,13.3235,918
"p330","ssp126","EC-Earth3-Veg-LR","2075",0.32,0.15,0,31,97.03,4.3846,0.0667,0,1,0.05,0.07,0,0,0,0,0,0,0,0,0,0.1,13.6036,5.334,10.0857,14.1067,919
"p330","ssp126","EC-Earth3-Veg-LR","2075",0.17,0,0,42,99.06,5.0866,0.05,0,1,0,0,0,0,0,0,0,0,0,0,0,0.55,14.8536,5.4732,12.4913,16.925,920
"p330","ssp126","EC-Earth3-Veg-LR","2075",0.2,0.1,0,42,94.56,4.2738,0.1167,0,0.45,0,0.07,0,0,0,0,0.1,0,0,0,0,0.6,14.7278,6.4653,12.8002,15.9338,921
"p330","ssp126","EC-Earth3-Veg-LR","2075",0.16,0,0,21,92.21,4.5311,0.1,0,0.15,0,0.06,0,0,0,0,0,0,0,0,0,0.2,11.9619,8.2324,15.5038,17.1679,922
"p330","ssp126","EC-Earth3-Veg-LR","2075",0.15,0,0,27,106.99,4.5434,0.15,0,0.4,0.05,0.06,0,0,0,0,0,0,0,0,0,0.05,13.1417,8.2843,9.6232,12.5282,923
"p330","ssp126","EC-Earth3-Veg-LR","2075",0.42,0,0,23,96.07,4.1711,0.0167,0,0.8,0,0,0,0,0,0,0,0,0,0,0.15,0.1,13.1343,5.8572,11.9773,16.5618,924
"p330","ssp126","EC-Earth3-Veg-LR","2075",0.16,0,0,30,103.64,4.8184,0.0667,0,0.65,0.05,0,0,0,0,0,0,0,0,0,0,0,13.789,6.4043,10.1288,13.621,925
"p330","ssp126","EC-Earth3-Veg-LR","2075",0.15,0.25,0,39,103.53,4.5846,0.1,0,0.3,0,0.06,0,0,0,0,0,0,0,0,0.15,0.15,15.4039,6.139,13.9283,14.7695,926
"p330","ssp126","EC-Earth3-Veg-LR","2075",0.32,0,0,34,87.86,4.7376,0.05,0,0.9,0,0.11,0,0,0,0,0,0,0,0,0.15,0.4,12.4048,5.5934,14.5647,16.6982,927
"p330","ssp126","EC-Earth3-Veg-LR","2075",0,0,0,30,103.88,4.6543,0.1167,0,0.1,0,0.05,0,0,0,0,0.15,0,0,0,0,0.15,12.7081,8.4406,10.3778,14.6442,928
"p330","ssp126","EC-Earth3-Veg-LR","2075",0.22,0,0,30,100.71,4.7769,0.05,0,0.55,0,0,0,0,0,0,0,0,0,0,0,0.05,14.09,6.3025,11.7348,13.0259,929
"p330","ssp126","EC-Earth3-Veg-LR","2075",0.29,0,0,23,104.63,4.7077,0.0333,0,1,0,0.12,0,0,0,0,0,0,0,0,0,0.25,12.5776,2.9422,12.9758,15.5567,930
"p330","ssp126","EC-Earth3-Veg-LR","2075",0.15,0,0,31,106.68,4.7144,0.0667,0,0.95,0,0,0,0,0,0,0,0,0,0,0.15,0,13.5588,4.3228,13.4648,11.6903,931
"p330","ssp126","EC-Earth3-Veg-LR","2075",0.41,0,0,50,92.09,4.7892,0.05,0,0.3,0,0.12,0,0,0,0,0,0,0,0,0,0.2,14.7284,6.5814,8.6837,13.7312,932
"p330","ssp126","EC-Earth3-Veg-LR","2075",0.32,0,0,34,102.71,4.8952,0.0833,0,0.55,0,0,0,0,0,0,0.15,0,0,0,0,0.2,13.8565,7.4002,15.4782,14.7815,933
"p330","ssp126","EC-Earth3-Veg-LR","2075",0.22,0,0,31,91.04,4.6952,0.1333,0,0.6,0,0.12,0,0,0,0,0,0,0,0.05,0.15,0.35,13.108,8.7473,13.2965,15.7932,934
"p330","ssp126","EC-Earth3-Veg-LR","2075",0.35,0,0,35,94.02,4.8589,0.0833,0,0.6,0.05,0.06,0,0,0,0,0,0,0,0,0.15,0.5,13.8272,6.5843,9.6923,14.7748,935
"p330","ssp126","EC-Earth3-Veg-LR","2075",0.32,0.2,0,42,107.17,4.9328,0.0833,0,0.65,0,0.12,0,0,0,0,0,0,0,0,0,0,14.3322,6.4497,12.0505,10.4518,936
"p330","ssp126","EC-Earth3-Veg-LR","2075",0.25,0,0,31,88.66,4.5035,0.15,0,0.65,0,0.07,0,0,0,0,0.35,0,0,0.05,0,0.25,13.2608,7.4467,14.0948,14.6135,937
"p330","ssp126","EC-Earth3-Veg-LR","2075",0.15,0,0,30,94.28,4.0038,0.0167,0,1,0,0.06,0,0,0,0,0,0,0,0,0,0.25,12.8275,4.1248,12.5538,16.3235,938
"p330","ssp126","EC-Earth3-Veg-LR","2075",0.27,0.1,0,31,92.32,4.4125,0.0167,0,1,0.05,0.05,0,0,0,0,0,0,0,0,0,0.3,13.7142,1.8326,15.2997,16.4561,939
"p330","ssp126","EC-Earth3-Veg-LR","2075",0.33,0,0,23,103.98,4.8104,0.0667,0,0.45,0,0.21,0,0,0,0,0,0,0,0,0,0.2,12.4018,7.6396,15.519,15.2356,940
"p330","ssp126","EC-Earth3-Veg-LR","2075",0.33,0.1,0,46,79.1,4.5756,0.1,0,0.8,0,0.05,0,0,0,0,0,0,0,0,0.15,0.35,14.9513,6.6462,10.2587,15.5447,941
"p330","ssp126","EC-Earth3-Veg-LR","2075",0.16,0,0,25,93.44,4.7177,0.1333,0,0.55,0,0,0,0,0,0,0,0,0.05,0,0,0.25,13.4855,6.4453,12.6295,14.322,942
"p330","ssp126","EC-Earth3-Veg-LR","2075",0.16,0.1,0,25,102.78,4.4059,0.0833,0,0.85,0,0,0,0,0,0,0,0,0,0,0,0,12.9372,5.7004,10.269,14.4477,943
"p330","ssp126","EC-Earth3-Veg-LR","2075",0.29,0,0,49,98.4,4.8435,0.05,0,0.3,0.05,0.07,0,0,0,0,0,0,0,0,0,0,15.3416,7.1483,11.1147,12.4791,944
"p330","ssp126","EC-Earth3-Veg-LR","2075",0.15,0,0,24,106.67,4.5953,0.0333,0,1,0,0.06,0,0,0,0,0.2,0,0,0,0.15,0.1,11.8023,3.1694,12.2353,12.401,945
"p330","ssp126","EC-Earth3-Veg-LR","2075",0.23,0,0,37,99.68,4.9117,0.1,0,0.15,0,0.05,0,0,0,0,0,0,0,0,0,0.05,13.6054,7.393,9.4602,13.6159,946
"p330","ssp126","EC-Earth3-Veg-LR","2075",0.38,0,0,36,89.06,4.8214,0.25,0,0.4,0,0.06,0,0,0,0,0.1,0,0,0,0,0.05,13.9171,8.8074,12.0512,13.9961,947
"p330","ssp126","EC-Earth3-Veg-LR","2075",0.19,0.1,0,35,104.61,4.9841,0.1,0,0.15,0,0.05,0,0,0,0,0,0,0,0.05,0,0.3,13.4953,7.4412,11.15,15.5924,948
"p330","ssp126","EC-Earth3-Veg-LR","2075",0.13,0,0,25,107.39,4.855,0.0833,0,0.2,0,0.17,0,0,0,0,0.1,0,0,0,0,0.05,13.7475,7.7397,12.9373,14.1132,949
"p330","ssp126","EC-Earth3-Veg-LR","2075",0.06,0,0,22,91.91,4.6246,0.1,0,1,0,0.17,0,0,0,0,0,0,0,0.05,0,0.55,13.4259,1.5275,11.4653,17.3733,950
"p330","ssp126","EC-Earth3-Veg-LR","2075",0.44,0,0,28,97.1,4.4588,0,0,1,0,0.1,0.05,0,0,0,0.1,0,0,0,0,0.15,12.8938,3.6203,13.9095,15.6924,951
"p330","ssp126","EC-Earth3-Veg-LR","2075",0.12,0,0,21,94.29,4.466,0.0167,0,1,0,0.05,0,0,0,0,0,0,0,0,0,0.05,12.3231,4.4513,12.2048,12.477,952
"p330","ssp126","EC-Earth3-Veg-LR","2075",0.11,0,0,34,98.7,4.0683,0.1167,0,1,0,0.17,0,0,0,0,0.25,0,0,0,0.15,0.1,13.9924,4.1806,14.9267,15.2497,953
"p330","ssp126","EC-Earth3-Veg-LR","2075",0.29,0.1,0,22,100.08,4.3276,0,0,1,0,0.06,0,0,0,0,0,0,0,0,0,0.15,12.5531,2.4689,10.5652,15.7848,954
"p330","ssp126","EC-Earth3-Veg-LR","2075",0.44,0.1,0,29,98.4,4.6105,0.0833,0,0.75,0,0.1,0,0,0,0,0,0,0,0,0.15,0.25,14.2492,8.0826,13.4812,14.1011,955
"p330","ssp126","EC-Earth3-Veg-LR","2075",0.23,0,0,37,94.74,4.7403,0.1167,0,0.5,0,0.07,0,0,0,0,0,0,0.05,0.05,0,0.15,14.3408,6.6589,11.7155,16.5973,956
"p330","ssp126","EC-Earth3-Veg-LR","2075",0.12,0,0,33,99.05,4.665,0.15,0,0,0,0.06,0,0,0,0,0,0,0,0,0,0.3,13.4658,9.9039,9.3765,14.5416,957
"p330","ssp126","EC-Earth3-Veg-LR","2075",0.38,0,0,16,108.4,4.9168,0.0833,0,0.7,0,0.07,0,0,0,0,0,0,0,0,0.15,0.55,11.6477,6.9095,16.912,14.7353,958
"p330","ssp126","EC-Earth3-Veg-LR","2075",0.12,0,0,28,98.75,4.5465,0.0667,0,0.4,0,0.08,0,0,0,0,0,0,0,0,0,0.35,13.9023,5.5337,11.8863,15.7471,959
"p330","ssp126","EC-Earth3-Veg-LR","2075",0.38,0.25,0,47,104.12,4.5517,0.0833,0,1,0,0.1,0,0,0,0,0,0,0,0,0.15,0.3,13.9022,4.4294,12.0112,16.0323,960
"p330","ssp126","EC-Earth3-Veg-LR","2075",0.37,0.25,0,35,89.35,5.0701,0.0833,0,0.6,0.05,0.14,0,0,0,0,0,0,0,0,0,0.05,14.6677,6.2648,11.5453,13.7424,961
"p330","ssp126","EC-Earth3-Veg-LR","2075",0.28,0,0,24,104.47,4.9613,0.2167,0,0.05,0.15,0.09,0,0,0,0,0,0,0,0,0,0,12.6385,8.7923,12.1183,11.4117,962
"p330","ssp126","EC-Earth3-Veg-LR","2075",0.28,0,0,9,96.23,4.8126,0.05,0,0.9,0,0.05,0,0,0,0,0.1,0,0,0,0.15,0.3,9.9754,5.5259,13.6457,15.5162,963
"p330","ssp126","EC-Earth3-Veg-LR","2075",0.36,0,0,18,102.21,4.8607,0.0667,0,0.15,0,0.06,0,0,0,0,0,0,0,0,0,0.2,11.1354,8.0312,11.8482,15.8177,964
"p330","ssp126","EC-Earth3-Veg-LR","2075",0.15,0,0,33,109.06,4.4077,0.1167,0,0.4,0,0,0,0,0,0,0,0,0.1,0,0,0.3,13.12,6.7621,10.844,19.3696,965
"p330","ssp126","EC-Earth3-Veg-LR","2075",0.16,0,0,22,107.21,4.8787,0.05,0,0.75,0,0,0,0,0,0,0.2,0,0,0,0,0.15,12.9302,5.8676,14.8963,17.1706,966
"p330","ssp126","EC-Earth3-Veg-LR","2075",0.35,0.1,0,33,95.41,4.3656,0.05,0,0.3,0,0.13,0,0,0,0,0,0,0,0,0.15,0.25,13.3214,6.6002,12.0205,15.8332,967
"p330","ssp126","EC-Earth3-Veg-LR","2075",0.14,0,0.15,31,102.08,4.7773,0.0833,0,1,0,0.11,0,0,0,0,0,0,0,0.05,0,0.15,14.2698,5.7034,9.8207,16.3509,968
"p330","ssp126","EC-Earth3-Veg-LR","2075",0.27,0,0,37,101.07,4.477,0.0833,0,0.35,0.1,0.07,0.05,0,0,0,0,0,0,0.05,0,0.3,13.3749,7.9744,12.1503,17.1999,969
"p330","ssp126","EC-Earth3-Veg-LR","2075",0.46,0,0,49,100.93,4.6719,0.1833,0,0.85,0,0.14,0,0,0,0,0,0,0,0,0,0.1,15.209,6.9402,12.6762,14.8583,970
"p330","ssp126","EC-Earth3-Veg-LR","2075",0.22,0,0.1,22,88.22,4.5229,0.1333,0,1,0,0.1,0,0,0,0,0,0,0,0,0.15,0.25,12.9742,5.3119,11.3408,13.9488,971
"p330","ssp126","EC-Earth3-Veg-LR","2075",0.23,0,0,39,108.5,4.2876,0.1,0,0.25,0,0,0,0,0,0,0,0,0,0,0,0.4,13.5458,7.4382,10.2078,16.1394,972
"p330","ssp126","EC-Earth3-Veg-LR","2075",0.18,0,0.15,35,104.01,4.7619,0.0167,0,0.95,0,0.13,0,0,0,0,0,0,0,0,0,0.4,14.4021,4.5031,14.165,17.3331,973
"p330","ssp126","EC-Earth3-Veg-LR","2075",0.33,0.25,0,42,103.45,4.6055,0.1667,0,0.25,0,0.12,0,0,0,0,0,0,0,0,0.15,0.1,14.9633,8.393,13.1533,16.7803,974
"p330","ssp126","EC-Earth3-Veg-LR","2075",0.3,0,0,34,95.5,4.5176,0.1333,0,0.25,0,0.12,0,0,0,0,0.15,0,0,0,0,0.15,13.6181,7.8682,13.2228,13.3189,975
"p330","ssp126","EC-Earth3-Veg-LR","2075",0.12,0,0,18,104.92,5.1173,0.1,0,0.2,0,0.05,0,0,0,0,0,0,0,0,0,0.05,12.9995,6.8756,13.5493,14.1148,976
"p330","ssp126","EC-Earth3-Veg-LR","2075",0.2,0,0,39,94.45,4.6359,0.1667,0,0.4,0,0.06,0,0,0,0,0,0,0,0.05,0,0.1,14.2951,6.7952,12.4015,14.0293,977
"p330","ssp126","EC-Earth3-Veg-LR","2075",0.41,0,0,42,92.56,4.5737,0.0167,0,0.5,0,0.1,0,0,0,0,0.15,0,0,0,0,0.35,14.1236,6.4612,12.4777,15.6889,978
"p330","ssp126","EC-Earth3-Veg-LR","2075",0.33,0,0,23,88.95,4.3362,0.0667,0,0.55,0.05,0,0,0,0,0,0.15,0,0,0,0,0.4,11.9547,6.6366,11.7818,16.4233,979
"p330","ssp126","EC-Earth3-Veg-LR","2075",0.24,0,0,35,84.54,4.6386,0.1833,0,0.15,0,0.17,0,0,0,0,0,0,0,0,0.15,0.35,14.0723,9.4788,11.7927,14.31,980
"p330","ssp126","EC-Earth3-Veg-LR","2075",0.24,0,0,43,104.11,4.3871,0.1333,0,0.1,0,0.05,0,0,0,0,0,0,0,0,0,0.4,14.837,9.3807,12.462,13.8372,981
"p330","ssp126","EC-Earth3-Veg-LR","2075",0.22,0.15,0,39,91.3,4.7119,0.0667,0,1,0,0.05,0,0,0,0,0.1,0,0,0,0,0.2,15.2078,4.2257,10.8747,16.8402,982
"p330","ssp126","EC-Earth3-Veg-LR","2075",0.24,0,0,24,108.55,4.7852,0.0833,0,0.7,0.05,0.1,0,0,0,0,0,0,0.1,0.05,0.15,0.1,13.2009,5.6571,11.269,15.4023,983
"p330","ssp126","EC-Earth3-Veg-LR","2075",0.29,0,0,19,95.7,4.935,0.1333,0,0.6,0,0.05,0,0,0,0,0,0,0,0,0.15,0.3,11.757,6.9999,9.6623,17.1424,984
"p330","ssp126","EC-Earth3-Veg-LR","2075",0.22,0.55,0,39,101.7,4.6681,0.0833,0,0.8,0,0.06,0,0,0,0,0,0,0,0,0,0.1,14.4096,5.3704,13.8973,14.7247,985
"p330","ssp126","EC-Earth3-Veg-LR","2075",0.22,0.15,0,35,91.61,4.5303,0.1,0,0.95,0,0.14,0,0,0,0,0,0,0,0.05,0,0.1,14.2425,5.6637,12.7743,15.2548,986
"p330","ssp126","EC-Earth3-Veg-LR","2075",0.31,0,0,36,100.14,4.9224,0.0833,0,0.75,0,0.09,0,0,0,0,0,0,0,0,0.15,0.55,13.4339,5.7407,13.1598,15.9074,987
"p330","ssp126","EC-Earth3-Veg-LR","2075",0.27,0.25,0,44,106.33,4.6487,0.1167,0,0.25,0,0.1,0,0,0,0,0,0,0,0,0,0.2,14.8805,7.6668,12.6658,15.2532,988
"p330","ssp126","EC-Earth3-Veg-LR","2075",0.28,0,0,25,103.53,5.087,0.1,0,0.3,0,0.11,0,0,0,0,0,0,0,0,0,0,13.1208,7.0453,11.5912,14.0288,989
"p330","ssp126","EC-Earth3-Veg-LR","2075",0.13,0,0,18,96.62,4.6195,0.0333,0,1,0,0.06,0,0,0,0,0,0,0,0,0,0.05,11.871,3.6459,11.8725,13.7656,990
"p330","ssp126","EC-Earth3-Veg-LR","2075",0.21,0,0,35,102.84,4.7256,0.0333,0,0.9,0,0.06,0,0,0,0,0,0,0,0,0,0.2,13.999,5.8674,12.7795,12.3198,991
"p330","ssp126","EC-Earth3-Veg-LR","2075",0.18,0,0,17,91.87,4.5366,0.0833,0,0.75,0,0.16,0,0,0,0,0,0,0,0,0,0.25,11.7572,5.9708,11.89,15.5576,992
"p330","ssp126","EC-Earth3-Veg-LR","2075",0.06,0,0,22,95.17,5.054,0.2833,0,0.45,0,0.1,0,0,0,0,0,0,0,0,0.15,0,12.1169,9.0884,10.931,13.6549,993
"p330","ssp126","EC-Earth3-Veg-LR","2075",0.27,0,0,39,98.94,4.5553,0.05,0,0.15,0,0.09,0,0,0,0,0,0,0,0,0,0.05,14.4055,6.5723,10.9568,13.2574,994
"p330","ssp126","EC-Earth3-Veg-LR","2075",0,0,0,26,100.26,4.7191,0.1333,0,0.75,0,0.13,0,0,0,0,0,0,0,0,0.6,0.1,13.6492,8.0235,13.8327,15.5242,995
"p330","ssp126","EC-Earth3-Veg-LR","2075",0.32,0,0,50,107.1,4.6742,0.05,0,1,0,0.11,0,0,0,0,0,0,0,0,0,0.2,15.1986,4.3432,14.7278,16.2732,996
"p330","ssp126","EC-Earth3-Veg-LR","2075",0.13,0,0,35,103.65,4.6775,0.1333,0,1,0,0.08,0,0,0,0,0.1,0,0,0,0,0.1,14.2645,5.1539,15.3483,13.8385,997
"p330","ssp126","EC-Earth3-Veg-LR","2075",0.2,0,0,32,104.98,4.6995,0.1833,0,0.1,0,0.15,0,0,0,0,0,0,0,0,0,0,12.9068,7.9762,13.0287,11.91,998
"p330","ssp126","EC-Earth3-Veg-LR","2075",0.27,0,0,39,86.04,4.4017,0.0667,0,0.65,0,0,0,0,0,0,0,0,0,0,0,0.1,14.7019,7.2678,9.5238,15.4524,999
"p330","ssp126","EC-Earth3-Veg-LR","2075",0.25,0,0,53,99.29,4.6591,0,0,0.55,0,0.1,0,0,0,0,0,0,0,0,0,0.3,15.4657,6.1981,11.7625,12.2182,1000
"p330","ssp126","FGOALS-g3","2075",0.16,0,0,36,98.02,4.7585,0.15,0,0.9,0,0,0,0,0,0,0,0,0,0,0,0.25,14.1418,6.7409,10.9275,13.7301,1001
"p330","ssp126","FGOALS-g3","2075",0.05,0.1,0,38,103.9,5.0145,0.0667,0,0.05,0,0.13,0,0,0,0,0,0,0,0,0,0.2,13.9833,7.781,12.6152,15.0297,1002
"p330","ssp126","FGOALS-g3","2075",0.1,0,0,34,104.4,4.8295,0.15,0,0.75,0,0.26,0,0,0,0,0,0,0,0,0,0.2,13.5969,6.7902,15.4122,14.7542,1003
"p330","ssp126","FGOALS-g3","2075",0.31,0,0,22,101.03,4.8132,0.2167,0,0.1,0,0.08,0,0,0,0,0.2,0,0,0,0,0.15,12.536,8.6132,10.6452,14.1462,1004
"p330","ssp126","FGOALS-g3","2075",0.19,0,0,44,104.29,4.9342,0.1167,0,0.45,0.05,0.09,0,0,0,0,0,0,0,0,0,0.1,14.1705,7.4419,14.0312,13.6318,1005
"p330","ssp126","FGOALS-g3","2075",0.26,0,0,30,110.77,4.9978,0.0833,0,0.75,0.1,0,0,0,0,0,0,0,0,0,0,0.3,13.1035,7.1347,8.8137,13.5526,1006
"p330","ssp126","FGOALS-g3","2075",0.16,0.1,0,38,90.67,4.8485,0.0667,0,0.75,0,0.12,0,0,0,0,0,0,0,0,0,0.05,13.9976,6.5698,10.6305,11.7882,1007
"p330","ssp126","FGOALS-g3","2075",0.34,0.1,0,32,105.25,4.9949,0.1167,0,0.45,0,0.06,0,0,0,0,0,0,0.05,0.05,0,0.35,12.7355,7.4815,11.7858,18.0717,1008
"p330","ssp126","FGOALS-g3","2075",0.41,0,0,41,88.89,4.279,0.0667,0,0.95,0,0.1,0,0,0,0,0,0,0,0.05,0,0.1,15.2818,5.0846,14.02,13.9132,1009
"p330","ssp126","FGOALS-g3","2075",0.29,0.2,0,51,97.86,5.0883,0.2333,0,1,0,0.16,0,0,0,0,0,0,0,0,0,0.1,14.6579,6.0708,13.651,13.9973,1010
"p330","ssp126","FGOALS-g3","2075",0.13,0.15,0,39,93.37,4.8403,0.1167,0,0.3,0,0.14,0,0,0,0,0,0,0,0,0,0.1,15.3613,8.5082,14.637,14.4429,1011
"p330","ssp126","FGOALS-g3","2075",0.24,0,0,8,100.33,4.8066,0.05,0,0.7,0,0,0,0,0,0,0,0,0,0,0,0.05,11.483,7.1238,12.0782,15.8898,1012
"p330","ssp126","FGOALS-g3","2075",0.24,0.25,0,46,98.01,4.9468,0.2667,0,0.2,0,0.1,0,0,0,0,0,0,0,0,0,0.15,14.8381,9.4721,14.8442,13.0782,1013
"p330","ssp126","FGOALS-g3","2075",0.26,0,0,37,98.55,5.2066,0.2333,0,0.25,0,0.12,0,0,0,0,0.15,0,0,0,0,0.15,12.8648,9.4138,14.072,14.1603,1014
"p330","ssp126","FGOALS-g3","2075",0.1,0,0,38,102.57,4.868,0.1167,0,0.5,0,0.05,0,0,0,0,0.15,0,0,0,0,0.3,13.4819,7.5206,13.5647,17.3105,1015
"p330","ssp126","FGOALS-g3","2075",0.17,0,0,26,104.78,4.8045,0.1167,0,0.4,0,0.12,0,0,0,0,0.25,0,0,0,0,0.5,13.1274,7.1678,15.09,15.3108,1016
"p330","ssp126","FGOALS-g3","2075",0.13,0,0,40,99.39,4.744,0.1667,0,0.2,0,0.11,0,0,0,0,0,0,0,0,0,0.3,13.2192,8.6779,15.3337,14.2593,1017
"p330","ssp126","FGOALS-g3","2075",0.18,0,0,35,86.89,4.6213,0.0167,0,1,0,0,0,0,0,0,0,0,0,0,0,0.1,12.3471,4.5346,9.2932,13.0392,1018
"p330","ssp126","FGOALS-g3","2075",0.32,0.15,0,34,94.47,4.5626,0.1167,0,1,0.05,0.07,0,0,0,0,0,0,0,0,0,0.05,13.4695,5.6847,10.5127,13.8259,1019
"p330","ssp126","FGOALS-g3","2075",0.17,0,0,43,100.89,5.2524,0.0833,0,1,0,0,0,0,0,0,0,0,0,0,0,0.5,14.7208,5.8107,12.9197,16.6511,1020
"p330","ssp126","FGOALS-g3","2075",0.2,0.1,0,40,92.63,4.4285,0.1667,0,0.4,0,0.07,0,0,0,0,0.1,0,0,0.05,0,0.5,14.5913,6.833,13.2172,15.6396,1021
"p330","ssp126","FGOALS-g3","2075",0.16,0,0,21,92.8,4.695,0.1333,0,0.15,0,0.06,0,0,0,0,0,0,0,0,0,0.1,11.8261,8.5915,15.9253,16.8827,1022
"p330","ssp126","FGOALS-g3","2075",0.16,0,0,28,107.14,4.7077,0.1833,0,0.45,0.05,0.06,0,0,0,0,0,0,0,0,0,0.05,13.0074,8.6368,10.0493,12.2468,1023
"p330","ssp126","FGOALS-g3","2075",0.44,0,0,22,94.57,4.3166,0.05,0,0.8,0,0,0,0,0,0,0,0,0,0,0.15,0.1,13.0007,6.1969,12.4058,16.287,1024
"p330","ssp126","FGOALS-g3","2075",0.16,0,0,31,102.97,4.9571,0.0833,0,0.65,0.05,0,0,0,0,0,0,0,0,0,0,0,13.6526,6.7723,10.5462,13.3263,1025
"p330","ssp126","FGOALS-g3","2075",0.25,0.25,0,40,103.15,4.7372,0.15,0,0.4,0,0.06,0,0,0,0,0,0,0,0,0,0.15,15.2688,6.5,14.3482,14.4845,1026
"p330","ssp126","FGOALS-g3","2075",0.32,0,0,36,86.4,4.8917,0.0833,0,0.8,0,0.11,0,0,0,0,0,0,0,0,0,0.35,12.2704,5.9472,14.9897,16.4152,1027
"p330","ssp126","FGOALS-g3","2075",0,0,0,33,106.64,4.8121,0.15,0,0.05,0,0.05,0,0,0,0,0.15,0,0,0,0,0.15,12.5742,8.7819,10.805,14.3686,1028
"p330","ssp126","FGOALS-g3","2075",0.22,0,0,29,100.06,4.9513,0.1,0,0.65,0,0,0,0,0,0,0,0,0,0,0,0.05,13.9534,6.6727,12.1502,12.7297,1029
"p330","ssp126","FGOALS-g3","2075",0.32,0,0,25,105.93,4.8231,0.0833,0,1,0,0.12,0,0,0,0,0,0,0,0,0,0.1,12.4421,3.3048,13.396,15.2694,1030
"p330","ssp126","FGOALS-g3","2075",0.15,0,0,33,107.63,4.8746,0.0833,0,0.85,0,0.05,0,0,0,0,0,0,0,0,0,0,13.4243,4.6777,13.8892,11.4074,1031
"p330","ssp126","FGOALS-g3","2075",0.41,0,0,51,93.36,4.9618,0.1,0,0.3,0,0.12,0,0,0,0,0,0,0,0,0,0.25,14.5951,6.9238,9.1105,13.4552,1032
"p330","ssp126","FGOALS-g3","2075",0.32,0,0,37,100.86,5.0742,0.1833,0,0.7,0,0,0,0,0,0,0.15,0,0,0,0,0.2,13.7204,7.7712,15.8928,14.4853,1033
"p330","ssp126","FGOALS-g3","2075",0.22,0,0,34,89.49,4.8591,0.15,0,0.55,0,0.12,0,0,0,0,0,0,0,0,0.15,0.35,12.9724,9.1112,13.7168,15.5056,1034
"p330","ssp126","FGOALS-g3","2075",0.43,0,0,37,95.69,5.0272,0.1167,0,0.5,0.05,0.06,0,0,0,0,0,0,0,0,0,0.5,13.6926,6.9409,10.1162,14.4908,1035
"p330","ssp126","FGOALS-g3","2075",0.32,0.2,0,43,105.88,5.0968,0.1167,0,0.55,0,0.12,0,0,0,0,0,0,0,0,0,0,14.199,6.7934,12.4758,10.1745,1036
"p330","ssp126","FGOALS-g3","2075",0.25,0.25,0,29,88.39,4.6681,0.2667,0,0.65,0,0.07,0,0,0,0,0.3,0,0,0.05,0,0.15,13.1243,7.8201,14.5098,14.3157,1037
"p330","ssp126","FGOALS-g3","2075",0.15,0,0,28,92.9,4.1321,0.0333,0,1,0,0.06,0,0,0,0,0,0,0,0,0,0.25,12.6916,4.4905,12.9722,16.0352,1038
"p330","ssp126","FGOALS-g3","2075",0.27,0.1,0,31,90.67,4.5568,0.0167,0,1,0.05,0.05,0,0,0,0,0,0,0,0,0,0.25,13.5796,2.1909,15.723,16.1715,1039
"p330","ssp126","FGOALS-g3","2075",0.33,0,0,26,102.1,4.9897,0.1333,0,0.45,0,0.21,0,0,0,0,0,0,0,0,0,0.2,12.2675,7.9842,15.9438,14.9579,1040
"p330","ssp126","FGOALS-g3","2075",0.29,0.1,0,45,77.35,4.7275,0.1333,0,0.9,0,0.05,0,0,0,0,0,0,0,0,0,0.25,14.814,7.0209,10.6717,15.2471,1041
"p330","ssp126","FGOALS-g3","2075",0.16,0,0,24,92.01,4.8699,0.15,0,0.7,0,0,0,0,0,0,0,0,0.05,0,0,0.25,13.3496,6.8121,13.0467,14.0324,1042
"p330","ssp126","FGOALS-g3","2075",0.16,0.15,0,28,100.24,4.5652,0.15,0,0.85,0,0,0,0,0,0,0,0,0,0,0,0,12.802,6.0597,10.69,14.162,1043
"p330","ssp126","FGOALS-g3","2075",0.29,0,0,49,97.09,5.0085,0.1167,0,0.35,0.05,0.07,0,0,0,0,0.15,0,0,0,0,0,15.208,7.4959,11.539,12.1998,1044
"p330","ssp126","FGOALS-g3","2075",0.15,0,0,24,103.33,4.7345,0.0833,0,1,0,0.06,0,0,0,0,0.2,0.05,0,0,0,0.1,11.6647,3.5453,12.6472,12.1028,1045
"p330","ssp126","FGOALS-g3","2075",0.23,0,0,41,98.54,5.0753,0.15,0,0.15,0,0.05,0,0,0,0,0,0,0,0,0,0.05,13.4692,7.7618,9.8767,13.3252,1046
"p330","ssp126","FGOALS-g3","2075",0.38,0,0,37,88.39,5.0166,0.2833,0,0.4,0,0.07,0,0,0,0,0.1,0,0,0,0,0.05,13.7816,9.1682,12.4707,13.7095,1047
"p330","ssp126","FGOALS-g3","2075",0.19,0.1,0,41,107.24,5.1389,0.1167,0,0,0,0.05,0,0,0,0,0,0,0,0,0,0.35,13.361,7.7892,11.5738,15.3132,1048
"p330","ssp126","FGOALS-g3","2075",0.15,0,0,26,106.58,4.995,0.1333,0,0.2,0,0.17,0,0,0,0,0.1,0,0,0,0,0.05,13.6099,8.1173,13.3497,13.8137,1049
"p330","ssp126","FGOALS-g3","2075",0.11,0,0,24,94.14,4.7778,0.1333,0,1,0,0.17,0,0,0,0,0,0,0,0.1,0,0.55,13.2893,1.8979,11.8817,17.0824,1050
"p330","ssp126","FGOALS-g3","2075",0.44,0,0,26,97.17,4.5817,0.0167,0,1,0,0.1,0.05,0,0,0,0.1,0,0,0,0,0.15,12.7577,3.9835,14.3298,15.4058,1051
"p330","ssp126","FGOALS-g3","2075",0.12,0,0,21,92.23,4.6169,0.0167,0,1,0,0.05,0,0,0,0,0,0,0,0,0,0.05,12.1887,4.8009,12.6275,12.1973,1052
"p330","ssp126","FGOALS-g3","2075",0.11,0,0,37,98.15,4.2052,0.15,0,1,0,0.17,0,0,0,0,0.25,0,0,0,0,0.05,13.8549,4.5593,15.3368,14.9491,1053
"p330","ssp126","FGOALS-g3","2075",0.29,0.1,0,25,100,4.4526,0.0167,0,1,0,0.06,0,0,0,0,0,0,0,0,0,0.15,12.4155,2.8403,10.9797,15.4936,1054
"p330","ssp126","FGOALS-g3","2075",0.39,0.1,0,29,97.39,4.7826,0.0833,0,0.75,0,0.1,0,0,0,0,0,0,0,0,0,0.3,14.113,8.4463,13.9013,13.8133,1055
"p330","ssp126","FGOALS-g3","2075",0.23,0,0,40,95.99,4.9001,0.1833,0,0.45,0,0.07,0,0,0,0,0,0,0.1,0,0,0.15,14.2058,7.0102,12.1367,16.3158,1056
"p330","ssp126","FGOALS-g3","2075",0.12,0,0,33,95.51,4.8413,0.2,0,0.05,0,0.06,0,0,0,0,0,0,0,0,0,0.3,13.3284,10.2844,9.7865,14.2409,1057
"p330","ssp126","FGOALS-g3","2075",0.33,0,0,17,106.63,5.065,0.1,0,0.7,0,0.07,0,0,0,0,0,0,0,0.05,0,0.35,11.5105,7.2824,17.3262,14.4432,1058
"p330","ssp126","FGOALS-g3","2075",0.12,0,0,28,97.04,4.7019,0.0667,0,0.4,0,0.08,0,0,0,0,0,0,0,0,0,0.3,13.7663,5.8991,12.3055,15.4589,1059
"p330","ssp126","FGOALS-g3","2075",0.37,0.35,0,48,104.55,4.7032,0.1,0,1,0,0.1,0,0,0,0,0,0,0,0,0,0.3,13.7675,4.7823,12.4323,15.7508,1060
"p330","ssp126","FGOALS-g3","2075",0.37,0.25,0,34,84.72,5.2531,0.1,0,0.6,0.05,0.15,0,0,0,0,0,0,0,0,0,0.1,14.53,6.6464,11.9552,13.4418,1061
"p330","ssp126","FGOALS-g3","2075",0.29,0,0,29,100.89,5.1286,0.25,0,0.05,0.15,0.09,0,0,0,0,0,0,0,0,0,0,12.5013,9.1665,12.5313,11.1189,1062
"p330","ssp126","FGOALS-g3","2075",0.33,0,0,9,95.46,4.9951,0.05,0,0.9,0,0.05,0,0,0,0,0.1,0,0,0,0,0.3,9.8391,5.8922,14.0628,15.2277,1063
"p330","ssp126","FGOALS-g3","2075",0.36,0,0,18,98.26,5.0347,0.1167,0,0.1,0,0.06,0,0,0,0,0,0,0,0,0,0.15,11.0003,8.3861,12.2677,15.5348,1064
"p330","ssp126","FGOALS-g3","2075",0.1,0,0,35,107.54,4.5434,0.1333,0,0.35,0,0,0,0,0,0,0,0,0.1,0,0,0.3,12.982,7.1452,11.2528,19.0674,1065
"p330","ssp126","FGOALS-g3","2075",0.15,0,0,25,104.95,5.043,0.0833,0,0.65,0,0,0,0,0,0,0.1,0,0,0,0,0.15,12.7926,6.2433,15.3078,16.8768,1066
"p330","ssp126","FGOALS-g3","2075",0.35,0.15,0,33,100.06,4.5352,0.0667,0,0.4,0,0.13,0,0,0,0,0,0,0,0.05,0,0.1,13.1849,6.9686,12.4375,15.5433,1067
"p330","ssp126","FGOALS-g3","2075",0.14,0,0.1,29,99.67,4.9089,0.0833,0,0.95,0,0.12,0,0,0,0,0,0,0,0.05,0,0.1,14.1341,6.0593,10.2402,16.0676,1068
"p330","ssp126","FGOALS-g3","2075",0.29,0,0,35,98.9,4.6254,0.1167,0,0.25,0.05,0.07,0.05,0,0,0,0,0,0,0,0,0.3,13.2364,8.3587,12.5578,16.8968,1069
"p330","ssp126","FGOALS-g3","2075",0.45,0,0,52,98.17,4.8242,0.25,0,0.95,0,0.14,0,0,0,0,0,0,0,0,0,0.05,15.0718,7.317,13.0873,14.5641,1070
"p330","ssp126","FGOALS-g3","2075",0.21,0,0.1,24,86.83,4.6793,0.1667,0,1,0,0.12,0,0,0,0,0,0,0,0,0,0.25,12.8371,5.6818,11.7572,13.6585,1071
"p330","ssp126","FGOALS-g3","2075",0.23,0,0,40,105.96,4.4609,0.1333,0,0.25,0,0,0,0,0,0,0,0,0,0.05,0,0.3,13.4105,7.7957,10.6252,15.8553,1072
"p330","ssp126","FGOALS-g3","2075",0.11,0,0.15,36,103.44,4.9223,0.0333,0,1,0,0.13,0,0,0,0,0,0,0.05,0,0,0.4,14.2636,4.8892,14.5708,17.0296,1073
"p330","ssp126","FGOALS-g3","2075",0.33,0.3,0,40,101.75,4.7615,0.1833,0,0.35,0,0.12,0,0,0,0,0,0,0,0,0,0.1,14.8262,8.7717,13.5643,16.4859,1074
"p330","ssp126","FGOALS-g3","2075",0.3,0,0,34,99.86,4.6972,0.1833,0,0.2,0,0.12,0,0,0,0,0.15,0,0,0,0,0.05,13.4813,8.239,13.6387,13.0276,1075
"p330","ssp126","FGOALS-g3","2075",0.12,0,0,16,105.06,5.2863,0.1333,0,0.4,0,0.05,0,0,0,0,0,0,0,0,0,0.1,12.8638,7.2348,13.9663,13.8298,1076
"p330","ssp126","FGOALS-g3","2075",0.2,0,0,41,94.87,4.78,0.1833,0,0.5,0,0.06,0,0,0,0,0,0,0,0.05,0,0.1,14.1563,7.182,12.8078,13.7253,1077
"p330","ssp126","FGOALS-g3","2075",0.43,0,0,40,91.96,4.7321,0.05,0,0.4,0,0.1,0,0,0,0,0.15,0,0,0,0,0.4,13.986,6.8414,12.8868,15.3936,1078
"p330","ssp126","FGOALS-g3","2075",0.38,0,0,20,87.69,4.4923,0.1333,0,0.65,0,0,0,0,0,0,0.15,0,0,0,0,0.4,11.818,7.0097,12.1957,16.1311,1079
"p330","ssp126","FGOALS-g3","2075",0.24,0,0,33,82.14,4.8391,0.35,0,0.1,0,0.17,0,0,0,0,0,0,0,0.05,0,0.35,13.9363,9.8443,12.2102,14.0224,1080
"p330","ssp126","FGOALS-g3","2075",0.24,0,0,47,100.25,4.5299,0.15,0,0.3,0,0.05,0,0,0,0,0,0,0,0,0,0.4,14.6978,9.7747,12.869,13.529,1081
"p330","ssp126","FGOALS-g3","2075",0.22,0.15,0,41,92.14,4.8623,0.0667,0,1,0,0.05,0,0,0,0,0.1,0,0.05,0,0,0.15,15.0683,4.6134,11.2852,16.5411,1082
"p330","ssp126","FGOALS-g3","2075",0.25,0,0,24,106.38,4.9451,0.1,0,0.7,0.05,0.1,0,0,0,0,0,0,0.1,0.05,0,0.1,13.0631,6.0358,11.6832,15.1079,1083
"p330","ssp126","FGOALS-g3","2075",0.29,0,0,20,95.99,5.13,0.1667,0,0.5,0,0.05,0,0,0,0,0,0,0,0,0.15,0.25,11.6208,7.3671,10.0795,16.8541,1084
"p330","ssp126","FGOALS-g3","2075",0.22,0.55,0,40,100.7,4.8377,0.0833,0,0.7,0,0.06,0,0,0,0,0,0,0,0,0,0.1,14.269,5.7665,14.3035,14.4166,1085
"p330","ssp126","FGOALS-g3","2075",0.22,0.15,0,34,91.09,4.6792,0.1,0,0.9,0,0.14,0,0,0,0,0.1,0,0,0.05,0,0.05,14.1035,6.052,13.1837,14.955,1086
"p330","ssp126","FGOALS-g3","2075",0.36,0,0,34,100.63,5.0856,0.1,0,0.75,0,0.09,0,0,0,0,0,0,0,0,0,0.5,13.2952,6.1218,13.5738,15.6108,1087
"p330","ssp126","FGOALS-g3","2075",0.32,0.25,0,44,104.94,4.8137,0.1833,0,0.2,0,0.1,0,0,0,0,0,0,0,0,0,0.15,14.7435,8.0349,13.0823,14.9635,1088
"p330","ssp126","FGOALS-g3","2075",0.32,0,0,25,103.27,5.2788,0.2,0,0.4,0,0.11,0,0,0,0,0,0,0,0,0,0.05,12.9804,7.4417,11.9962,13.7199,1089
"p330","ssp126","FGOALS-g3","2075",0.19,0,0,19,96.72,4.7766,0.0333,0,1,0,0.06,0,0,0,0,0,0,0,0,0,0.05,11.7313,4.0349,12.2817,13.4656,1090
"p330","ssp126","FGOALS-g3","2075",0.21,0,0,38,100.65,4.8753,0.0667,0,0.95,0,0.06,0,0,0,0,0,0,0,0,0,0.1,13.8604,6.2496,13.1932,12.0235,1091
"p330","ssp126","FGOALS-g3","2075",0.16,0,0,16,92.45,4.7055,0.0833,0,0.75,0,0.16,0,0,0,0,0,0,0,0,0,0.25,11.6198,6.3404,12.3067,15.2676,1092
"p330","ssp126","FGOALS-g3","2075",0.06,0,0,27,93.54,5.2648,0.4333,0,0.45,0,0.1,0,0,0,0,0,0,0,0,0,0,11.9764,9.4864,11.3358,13.3456,1093
"p330","ssp126","FGOALS-g3","2075",0.27,0,0,41,99.47,4.6955,0.0833,0,0.15,0,0.09,0,0,0,0,0,0,0,0,0,0.05,14.2656,6.964,11.3668,12.9571,1094
"p330","ssp126","FGOALS-g3","2075",0,0,0,24,100.37,4.9028,0.2,0,0.75,0,0.13,0,0,0,0,0,0,0,0,0.3,0.05,13.5107,8.4083,14.2447,15.2267,1095
"p330","ssp126","FGOALS-g3","2075",0.32,0,0,50,106.47,4.8081,0.0667,0,1,0,0.11,0,0,0,0,0,0,0,0,0,0.1,15.0609,4.7147,15.1435,15.9829,1096
"p330","ssp126","FGOALS-g3","2075",0.13,0,0,33,103.3,4.8247,0.15,0,0.95,0,0.08,0,0,0,0,0.1,0,0,0,0,0.05,14.1234,5.5539,15.7508,13.5284,1097
"p330","ssp126","FGOALS-g3","2075",0.2,0,0,34,102.31,4.8501,0.25,0,0.2,0,0.15,0,0,0,0,0,0,0,0,0,0,12.7662,8.3687,13.4363,11.6089,1098
"p330","ssp126","FGOALS-g3","2075",0.27,0,0,31,86.81,4.5557,0.0833,0,0.7,0,0,0,0,0,0,0,0,0,0,0,0.1,14.5629,7.6542,9.935,15.1541,1099
"p330","ssp126","FGOALS-g3","2075",0.3,0,0,50,97.68,4.8336,0.05,0,0.5,0,0.1,0,0,0,0,0,0,0,0,0,0.15,15.3275,6.5711,12.176,11.9261,1100
"p330","ssp126","FIO-ESM-2-0","2075",0.16,0,0,37,97.76,4.9721,0.1167,0,0.9,0,0,0,0,0,0,0,0,0,0,0,0.25,14.3133,6.1828,10.8545,14.7263,1101
"p330","ssp126","FIO-ESM-2-0","2075",0.05,0.1,0,37,102.72,5.2567,0.05,0,0.1,0,0.13,0,0,0,0,0,0,0,0,0,0.25,14.1543,7.2285,12.5318,16.0255,1102
"p330","ssp126","FIO-ESM-2-0","2075",0.15,0,0,38,104.14,5.0111,0.1167,0,0.75,0,0.26,0,0,0,0,0,0,0,0,0,0.25,13.7675,6.2419,15.318,15.7473,1103
"p330","ssp126","FIO-ESM-2-0","2075",0.31,0,0,21,104.11,4.9693,0.1667,0,0.2,0,0.08,0,0,0,0,0.2,0,0,0,0,0.2,12.7064,8.0732,10.541,15.1332,1104
"p330","ssp126","FIO-ESM-2-0","2075",0.19,0,0,48,103,5.11,0.1,0,0.45,0.05,0.09,0,0,0,0,0,0,0,0,0,0.15,14.342,6.8832,13.9593,14.6287,1105
"p330","ssp126","FIO-ESM-2-0","2075",0.28,0,0,31,112.56,5.2329,0.0667,0,0.8,0.1,0,0,0,0,0,0,0,0,0,0,0.15,13.2746,6.58,8.7325,14.5483,1106
"p330","ssp126","FIO-ESM-2-0","2075",0.22,0.1,0,36,91.57,5.0302,0.0333,0,0.85,0,0.12,0,0,0,0,0,0,0,0,0,0.05,14.1685,6.0203,10.539,12.7824,1107
"p330","ssp126","FIO-ESM-2-0","2075",0.34,0.4,0,33,105.78,5.1916,0.1,0,0.5,0,0.06,0,0,0,0,0,0,0.05,0,0,0.5,12.9058,6.9409,11.6833,19.0582,1108
"p330","ssp126","FIO-ESM-2-0","2075",0.41,0,0,45,88.15,4.4557,0.05,0,1,0,0.1,0,0,0,0,0,0,0,0.05,0,0.05,15.4533,4.5252,13.9515,14.9101,1109
"p330","ssp126","FIO-ESM-2-0","2075",0.3,0.1,0,53,97.55,5.2674,0.15,0,1,0,0.16,0,0,0,0,0,0,0,0,0,0.1,14.8287,5.5163,13.572,14.9941,1110
"p330","ssp126","FIO-ESM-2-0","2075",0.13,0.15,0,45,92.76,5.0542,0.1,0,0.35,0,0.14,0,0,0,0,0,0,0,0,0,0.05,15.5322,7.9578,14.547,15.4365,1111
"p330","ssp126","FIO-ESM-2-0","2075",0.24,0,0,11,99.94,4.9917,0.0333,0,0.8,0,0,0,0,0,0,0,0,0,0,0,0.1,11.6534,6.5816,11.9773,16.8773,1112
"p330","ssp126","FIO-ESM-2-0","2075",0.24,0.25,0,47,97.49,5.1787,0.2667,0,0.25,0,0.1,0,0,0,0,0,0,0,0,0,0.25,15.0107,8.9118,14.7767,14.075,1113
"p330","ssp126","FIO-ESM-2-0","2075",0.26,0,0,39,97.79,5.4198,0.2333,0,0.25,0,0.12,0,0,0,0,0.15,0,0,0,0,0.2,13.0364,8.8581,13.9938,15.1564,1114
"p330","ssp126","FIO-ESM-2-0","2075",0.1,0,0,37,101.41,5.0668,0.0833,0,0.5,0,0.05,0,0,0,0,0.15,0,0.05,0,0,0.3,13.6529,6.9693,13.4768,18.3047,1115
"p330","ssp126","FIO-ESM-2-0","2075",0.17,0,0,28,103.51,5.0166,0.0833,0,0.4,0,0.12,0,0,0,0,0.25,0,0,0,0,0.5,13.2981,6.6256,14.9925,16.2982,1116
"p330","ssp126","FIO-ESM-2-0","2075",0.13,0,0,39,96.56,4.9664,0.1333,0,0.2,0,0.11,0,0,0,0,0,0,0,0,0,0.3,13.3915,8.1165,15.2685,15.2571,1117
"p330","ssp126","FIO-ESM-2-0","2075",0.18,0,0,34,84.43,4.8128,0.0167,0,1,0.05,0,0,0,0,0,0,0,0,0,0,0.1,12.5185,3.9781,9.2172,14.0368,1118
"p330","ssp126","FIO-ESM-2-0","2075",0.32,0.15,0,32,94.02,4.7043,0.0667,0,1,0.05,0.07,0,0,0,0,0,0,0,0,0,0.1,13.6407,5.1321,10.4268,14.8206,1119
"p330","ssp126","FIO-ESM-2-0","2075",0.17,0,0,43,99.09,5.4821,0.0333,0,1,0,0,0,0,0,0,0,0,0,0,0,0.55,14.8912,5.2672,12.8243,17.6386,1120
"p330","ssp126","FIO-ESM-2-0","2075",0.2,0.1,0,43,93.11,4.6039,0.0833,0,0.45,0,0.07,0,0,0,0,0.1,0,0,0.05,0,0.75,14.7635,6.2701,13.1542,16.6372,1121
"p330","ssp126","FIO-ESM-2-0","2075",0.16,0,0,22,91.65,4.8775,0.1,0,0.2,0,0.06,0,0,0,0,0,0,0,0,0,0.25,11.9982,8.0338,15.8517,17.8795,1122
"p330","ssp126","FIO-ESM-2-0","2075",0.16,0,0,26,106.77,4.893,0.15,0,0.45,0.05,0.06,0,0,0,0,0,0,0,0,0,0.05,13.1788,8.083,9.9658,13.2424,1123
"p330","ssp126","FIO-ESM-2-0","2075",0.43,0,0,25,94.7,4.4926,0.0167,0,0.85,0,0,0,0,0,0,0,0,0,0,0.15,0.15,13.1714,5.6518,12.3115,17.2758,1124
"p330","ssp126","FIO-ESM-2-0","2075",0.16,0,0,31,102.19,5.185,0.0667,0,0.8,0.05,0,0,0,0,0,0,0,0,0,0,0.15,13.8249,6.2092,10.485,14.3244,1125
"p330","ssp126","FIO-ESM-2-0","2075",0.25,0.25,0,41,103.3,4.9297,0.0833,0,0.35,0,0.06,0,0,0,0,0,0,0,0,0,0.25,15.4402,5.9417,14.278,15.4824,1126
"p330","ssp126","FIO-ESM-2-0","2075",0.32,0,0,34,85.47,5.0999,0.0833,0,0.9,0,0.11,0,0,0,0,0,0,0.05,0,0,0.35,12.4421,5.3927,14.908,17.4117,1127
"p330","ssp126","FIO-ESM-2-0","2075",0,0,0,31,103.76,5.0142,0.0833,0,0.2,0,0.05,0,0,0,0,0.15,0,0,0,0,0.15,12.7454,8.2358,10.713,15.3582,1128
"p330","ssp126","FIO-ESM-2-0","2075",0.22,0,0,29,100.23,5.1291,0.0667,0,0.7,0,0,0,0,0,0,0,0,0,0,0,0.05,14.1257,6.1084,12.0907,13.7285,1129
"p330","ssp126","FIO-ESM-2-0","2075",0.32,0,0,25,103.81,5.0814,0.0333,0,1,0,0.12,0,0,0,0,0,0,0,0,0,0.2,12.6132,2.7453,13.3262,16.2679,1130
"p330","ssp126","FIO-ESM-2-0","2075",0.15,0,0,33,106.44,5.0703,0.0667,0,1,0,0.05,0,0,0,0,0,0,0,0,0,0.1,13.5957,4.1224,13.8095,12.4033,1131
"p330","ssp126","FIO-ESM-2-0","2075",0.41,0,0,50,92.36,5.1513,0.0333,0,0.4,0,0.12,0,0,0,0,0,0,0,0,0,0.25,14.7662,6.377,9.0203,14.4445,1132
"p330","ssp126","FIO-ESM-2-0","2075",0.32,0,0,34,100.68,5.2674,0.1,0,0.7,0,0,0,0,0,0,0.15,0,0,0,0,0.3,13.8924,7.2065,15.8358,15.4832,1133
"p330","ssp126","FIO-ESM-2-0","2075",0.22,0,0,31,88.79,5.0546,0.1167,0,0.6,0,0.12,0,0,0,0,0,0,0,0,0,0.35,13.1441,8.5507,13.6482,16.5042,1134
"p330","ssp126","FIO-ESM-2-0","2075",0.43,0,0,37,93.91,5.2316,0.1,0,0.6,0.05,0.06,0,0,0,0,0,0,0,0,0,0.55,13.8639,6.3849,10.038,15.4873,1135
"p330","ssp126","FIO-ESM-2-0","2075",0.37,0.2,0,42,104.71,5.3147,0.1,0,0.75,0,0.12,0,0,0,0,0,0,0,0,0,0,14.37,6.2463,12.3875,11.1642,1136
"p330","ssp126","FIO-ESM-2-0","2075",0.25,0,0,32,88.15,4.8514,0.1667,0,0.75,0,0.07,0,0,0,0,0.3,0,0,0,0,0.2,13.2964,7.2536,14.4538,15.3147,1137
"p330","ssp126","FIO-ESM-2-0","2075",0.15,0,0,30,91.66,4.3142,0.0167,0,1,0,0.06,0,0,0,0,0.1,0,0,0,0,0.25,12.8632,3.9288,12.9068,17.0338,1138
"p330","ssp126","FIO-ESM-2-0","2075",0.27,0.1,0,32,89.48,4.7492,0.0167,0,1,0.05,0.05,0,0,0,0,0,0,0,0,0,0.3,13.7513,1.634,15.647,17.1679,1139
"p330","ssp126","FIO-ESM-2-0","2075",0.33,0,0,25,102.2,5.1709,0.0667,0,0.45,0,0.21,0,0,0,0,0,0,0,0,0,0.25,12.4389,7.4362,15.8577,15.9479,1140
"p330","ssp126","FIO-ESM-2-0","2075",0.29,0.1,0,46,76.09,4.9313,0.1167,0,0.85,0,0.05,0,0,0,0,0,0,0,0,0,0.1,14.9865,6.4539,10.6188,16.2468,1141
"p330","ssp126","FIO-ESM-2-0","2075",0.16,0,0,25,91.83,5.0703,0.15,0,0.7,0.05,0,0,0,0,0,0,0,0.05,0,0,0.2,13.5216,6.25,12.9833,15.0317,1142
"p330","ssp126","FIO-ESM-2-0","2075",0.16,0.15,0,25,100.85,4.7432,0.1,0,0.85,0.05,0,0,0,0,0,0,0,0,0,0,0.2,12.9737,5.5018,10.6175,15.16,1143
"p330","ssp126","FIO-ESM-2-0","2075",0.29,0,0,50,97.37,5.2223,0.0833,0,0.4,0.05,0.07,0,0,0,0,0,0,0,0,0,0.05,15.3791,6.9459,11.4542,13.1902,1144
"p330","ssp126","FIO-ESM-2-0","2075",0.15,0,0,24,103.71,4.9498,0.0167,0,1,0,0.06,0,0,0,0,0.2,0,0,0,0,0.2,11.8374,2.9773,12.5962,13.1019,1145
"p330","ssp126","FIO-ESM-2-0","2075",0.23,0,0,38,98.34,5.285,0.1,0,0.15,0,0.05,0,0,0,0,0,0,0,0,0,0.2,13.6414,7.1982,9.8158,14.3255,1146
"p330","ssp126","FIO-ESM-2-0","2075",0.4,0,0,38,88.04,5.1861,0.2333,0,0.4,0,0.07,0,0,0,0,0.1,0,0,0,0,0.1,13.9531,8.61,12.4002,14.7071,1147
"p330","ssp126","FIO-ESM-2-0","2075",0.19,0.15,0,37,104.9,5.3675,0.0833,0,0.15,0,0.05,0,0,0,0,0,0,0,0,0,0.5,13.5326,7.2385,11.491,16.3039,1148
"p330","ssp126","FIO-ESM-2-0","2075",0.15,0,0,26,106.29,5.2323,0.0833,0,0.2,0,0.17,0,0,0,0,0.1,0,0,0,0,0.25,13.7827,7.548,13.3002,14.8134,1149
"p330","ssp126","FIO-ESM-2-0","2075",0.11,0,0,23,90.99,4.984,0.1,0,1,0.05,0.17,0,0,0,0,0,0,0,0.1,0,0.3,13.4613,1.3335,11.8225,18.0823,1150
"p330","ssp126","FIO-ESM-2-0","2075",0.43,0,0,27,96.42,4.8113,0,0,1,0,0.1,0.05,0,0,0,0.1,0,0.05,0,0,0.2,12.9295,3.4236,14.2602,16.4044,1151
"p330","ssp126","FIO-ESM-2-0","2075",0.12,0,0,21,92.41,4.8062,0.0167,0,1,0,0.05,0,0,0,0,0,0,0,0,0,0.05,12.3598,4.2494,12.5475,13.1886,1152
"p330","ssp126","FIO-ESM-2-0","2075",0.11,0,0,36,97.56,4.3867,0.1167,0,1,0,0.17,0,0,0,0,0.25,0,0,0,0,0.15,14.0271,3.9895,15.29,15.9491,1153
"p330","ssp126","FIO-ESM-2-0","2075",0.29,0.1,0,23,98.64,4.6697,0.0167,0,1,0,0.06,0,0,0,0,0,0,0,0,0,0.2,12.5881,2.2758,10.9233,16.4939,1154
"p330","ssp126","FIO-ESM-2-0","2075",0.39,0.1,0,28,96.51,4.9604,0.05,0,0.85,0,0.1,0,0,0,0,0,0,0,0,0,0.35,14.2851,7.8852,13.8333,14.8126,1155
"p330","ssp126","FIO-ESM-2-0","2075",0.23,0,0,39,94.17,5.1044,0.1167,0,0.55,0,0.07,0,0,0,0,0,0,0.2,0,0,0.15,14.3773,6.4574,12.0578,17.3077,1156
"p330","ssp126","FIO-ESM-2-0","2075",0.12,0,0,33,96.91,5.0148,0.15,0,0.05,0,0.06,0,0,0,0,0,0,0,0,0,0.45,13.5004,9.7137,9.7415,15.2412,1157
"p330","ssp126","FIO-ESM-2-0","2075",0.33,0,0,17,106.93,5.2999,0.0833,0,0.75,0,0.07,0,0,0,0,0,0,0,0.05,0,0.35,11.6833,6.7158,17.2712,15.4432,1158
"p330","ssp126","FIO-ESM-2-0","2075",0.12,0,0,32,97.9,4.9036,0.0667,0,0.5,0,0.08,0,0,0,0,0,0,0,0,0,0.35,13.9382,5.3377,12.2395,16.4583,1159
"p330","ssp126","FIO-ESM-2-0","2075",0.37,0.25,0,47,103.29,4.9158,0.0833,0,1,0,0.1,0,0,0,0,0,0,0,0,0,0.55,13.939,4.2295,12.3567,16.7433,1160
"p330","ssp126","FIO-ESM-2-0","2075",0.37,0.25,0,35,84.24,5.446,0.0833,0,0.7,0.1,0.15,0,0,0,0,0,0,0,0,0,0.2,14.7024,6.075,11.9122,14.4421,1161
"p330","ssp126","FIO-ESM-2-0","2075",0.29,0,0,25,101.47,5.3317,0.2167,0,0.05,0.25,0.09,0,0,0,0,0,0,0,0,0,0,12.6736,8.5994,12.4788,12.1205,1162
"p330","ssp126","FIO-ESM-2-0","2075",0.33,0,0,10,95.73,5.1709,0.05,0,1,0,0.05,0,0,0,0,0.1,0,0,0,0,0.25,10.0113,5.3301,13.9993,16.2268,1163
"p330","ssp126","FIO-ESM-2-0","2075",0.36,0,0,19,100.62,5.2189,0.0833,0,0.15,0,0.06,0,0,0,0,0,0,0,0,0,0.1,11.1715,7.8316,12.1945,16.528,1164
"p330","ssp126","FIO-ESM-2-0","2075",0.1,0,0,34,107.18,4.7574,0.1,0,0.5,0,0,0,0,0,0,0,0,0.15,0,0,0.25,13.1551,6.5727,11.2115,20.0682,1165
"p330","ssp126","FIO-ESM-2-0","2075",0.15,0,0,26,104.26,5.253,0.0667,0,0.75,0,0,0,0,0,0,0.1,0,0,0,0,0.15,12.9653,5.6752,15.2578,17.8779,1166
"p330","ssp126","FIO-ESM-2-0","2075",0.35,0.15,0,33,96.99,4.6943,0.05,0,0.4,0,0.13,0,0,0,0,0,0,0,0.05,0,0.1,13.3571,6.4049,12.3767,16.5433,1167
"p330","ssp126","FIO-ESM-2-0","2075",0.14,0.1,0.1,32,100.41,5.1525,0.0833,0,1,0,0.12,0,0,0,0,0,0,0.05,0.05,0,0.3,14.306,5.5038,10.1675,17.0606,1168
"p330","ssp126","FIO-ESM-2-0","2075",0.29,0,0,37,99.29,4.8209,0.0833,0,0.35,0.1,0.07,0.05,0,0,0,0,0,0,0,0,0.35,13.4095,7.7858,12.519,17.8982,1169
"p330","ssp126","FIO-ESM-2-0","2075",0.45,0,0,52,98.24,5.0271,0.1833,0,0.95,0,0.14,0,0,0,0,0,0,0,0,0,0.05,15.2441,6.7478,13.038,15.5659,1170
"p330","ssp126","FIO-ESM-2-0","2075",0.21,0,0.1,22,87.45,4.8659,0.1333,0,1,0.05,0.12,0,0,0,0,0,0,0,0,0,0.4,13.0095,5.1177,11.6978,14.6583,1171
"p330","ssp126","FIO-ESM-2-0","2075",0.23,0,0,40,106.12,4.6036,0.0833,0,0.3,0,0,0,0,0,0,0,0,0.05,0.05,0,0.35,13.5822,7.2393,10.5558,16.8494,1172
"p330","ssp126","FIO-ESM-2-0","2075",0.11,0,0.15,38,102.41,5.1354,0.0167,0,1,0,0.13,0,0,0,0,0,0,0.1,0,0,0.7,14.4368,4.3148,14.5333,18.0309,1173
"p330","ssp126","FIO-ESM-2-0","2075",0.33,0.25,0,42,99.81,4.957,0.15,0,0.35,0,0.12,0,0,0,0,0,0,0,0,0,0.15,14.9986,8.2015,13.517,17.488,1174
"p330","ssp126","FIO-ESM-2-0","2075",0.3,0,0,33,96.41,4.8572,0.1167,0,0.3,0,0.12,0,0,0,0,0.15,0,0,0,0,0.1,13.6539,7.6738,13.5808,14.028,1175
"p330","ssp126","FIO-ESM-2-0","2075",0.12,0,0,18,103.3,5.504,0.1167,0,0.4,0,0.05,0,0,0,0,0,0,0,0,0,0.2,13.0359,6.677,13.898,14.8227,1176
"p330","ssp126","FIO-ESM-2-0","2075",0.2,0,0,40,94.47,4.9979,0.15,0,0.5,0,0.06,0,0,0,0,0,0,0,0.05,0,0.15,14.3295,6.6072,12.7718,14.7271,1177
"p330","ssp126","FIO-ESM-2-0","2075",0.43,0,0,42,90.94,4.9293,0.0333,0,0.55,0,0.1,0,0,0,0,0.15,0,0,0,0,0.45,14.1586,6.2709,12.8422,16.3956,1178
"p330","ssp126","FIO-ESM-2-0","2075",0.38,0,0,24,86.98,4.6636,0.0833,0,0.6,0.05,0,0,0,0,0,0.15,0,0,0,0,0.45,11.9903,6.4433,12.1403,17.132,1179
"p330","ssp126","FIO-ESM-2-0","2075",0.24,0,0,35,83.13,4.9856,0.2333,0,0.2,0,0.17,0,0,0,0,0,0,0,0.05,0,0.6,14.1082,9.2824,12.1453,15.0209,1180
"p330","ssp126","FIO-ESM-2-0","2075",0.24,0,0,46,101.43,4.7319,0.1167,0,0.2,0,0.05,0,0,0,0,0,0,0,0,0,0.4,14.871,9.1956,12.8372,14.5331,1181
"p330","ssp126","FIO-ESM-2-0","2075",0.3,0.15,0,41,90.77,5.0828,0.0667,0,1,0,0.05,0,0,0,0,0.1,0,0.1,0,0,0.15,15.242,4.0376,11.243,17.5489,1182
"p330","ssp126","FIO-ESM-2-0","2075",0.25,0,0,24,106.49,5.1528,0.0667,0,0.8,0.05,0.1,0,0,0,0,0.1,0,0.2,0,0,0.1,13.2362,5.4654,11.632,16.113,1183
"p330","ssp126","FIO-ESM-2-0","2075",0.29,0.2,0,20,94.8,5.3047,0.1333,0,0.65,0,0.05,0,0,0,0,0,0,0,0,0,0.3,11.793,6.8048,10.0163,17.8529,1184
"p330","ssp126","FIO-ESM-2-0","2075",0.24,0.55,0,39,101.72,5.0249,0.0833,0,1,0,0.06,0,0,0,0,0,0,0,0,0,0.05,14.443,5.1857,14.2735,15.4203,1185
"p330","ssp126","FIO-ESM-2-0","2075",0.23,0.15,0,35,90.51,4.8826,0.0833,0,0.95,0,0.14,0,0,0,0,0,0,0.05,0.05,0,0.05,14.2767,5.4755,13.1437,15.9627,1186
"p330","ssp126","FIO-ESM-2-0","2075",0.36,0,0,36,100.47,5.3058,0.1167,0,0.8,0,0.09,0,0,0,0,0,0,0,0,0,0.4,13.4684,5.5496,13.524,16.617,1187
"p330","ssp126","FIO-ESM-2-0","2075",0.33,0.25,0,44,104.7,5.0026,0.1333,0,0.25,0,0.1,0,0,0,0,0,0,0,0,0,0.2,14.9163,7.4718,13.0215,15.9621,1188
"p330","ssp126","FIO-ESM-2-0","2075",0.32,0,0,27,101.93,5.4713,0.15,0,0.4,0,0.11,0,0,0,0,0,0,0,0,0,0.25,13.1541,6.8605,11.9685,14.7237,1189
"p330","ssp126","FIO-ESM-2-0","2075",0.21,0,0,20,95.83,4.9869,0.0167,0,1,0.05,0.06,0,0,0,0,0,0,0,0,0,0.15,11.9049,3.4578,12.2435,14.4736,1190
"p330","ssp126","FIO-ESM-2-0","2075",0.22,0,0,35,100.44,5.0946,0.0333,0,1,0,0.06,0,0,0,0,0,0,0,0,0,0.15,14.0345,5.6768,13.1452,13.0298,1191
"p330","ssp126","FIO-ESM-2-0","2075",0.16,0,0,17,91.13,4.8832,0.0833,0,0.8,0,0.16,0,0,0,0,0,0,0,0,0,0.3,11.7929,5.7762,12.247,16.2673,1192
"p330","ssp126","FIO-ESM-2-0","2075",0.06,0,0,24,94.1,5.4173,0.2833,0,0.55,0,0.1,0,0,0,0,0,0,0,0,0,0.2,12.1503,8.9046,11.3092,14.3499,1193
"p330","ssp126","FIO-ESM-2-0","2075",0.27,0,0,40,98.04,4.9111,0.0667,0,0.15,0,0.09,0,0,0,0,0,0,0,0,0,0.05,14.4398,6.3857,11.3298,13.9653,1194
"p330","ssp126","FIO-ESM-2-0","2075",0,0,0,27,100.62,5.0828,0.1333,0,0.8,0,0.13,0,0,0,0,0,0,0,0,0.15,0.3,13.6841,7.8339,14.1983,16.2344,1195
"p330","ssp126","FIO-ESM-2-0","2075",0.32,0,0,50,105.24,5.0471,0.0333,0,1,0,0.11,0,0,0,0,0,0,0,0,0,0.1,15.2338,4.1492,15.0857,16.9824,1196
"p330","ssp126","FIO-ESM-2-0","2075",0.13,0,0,35,101.99,5.0527,0.1167,0,1,0,0.08,0,0,0,0,0.1,0,0,0,0,0.05,14.2976,4.9711,15.7272,14.5335,1197
"p330","ssp126","FIO-ESM-2-0","2075",0.2,0,0,33,102.47,5.0649,0.2,0,0.15,0,0.15,0,0,0,0,0,0,0,0,0,0,12.9403,7.7905,13.4025,12.6176,1198
"p330","ssp126","FIO-ESM-2-0","2075",0.27,0,0,40,85.86,4.7406,0.0833,0,0.7,0,0,0,0,0,0,0,0,0,0,0,0.15,14.7366,7.0788,9.8917,16.1609,1199
"p330","ssp126","FIO-ESM-2-0","2075",0.3,0.1,0,53,97.4,5.0173,0.05,0,0.6,0,0.1,0,0,0,0,0,0,0,0,0,0.35,15.5003,6.0052,12.1213,12.9268,1200
"p330","ssp126","GFDL-ESM4","2075",0.16,0,0,39,97.19,4.8616,0.1833,0,0.75,0,0,0,0,0,0,0,0,0,0,0,0.25,14.4693,7.0411,10.4863,14.0574,1201
"p330","ssp126","GFDL-ESM4","2075",0.05,0.1,0,39,102.2,5.1328,0.0667,0,0.05,0,0.08,0,0,0,0,0,0,0,0,0,0.2,14.3084,8.0875,12.1735,15.3561,1202
"p330","ssp126","GFDL-ESM4","2075",0.15,0,0,38,104.2,4.9134,0.15,0,0.7,0,0.26,0,0,0,0,0,0,0,0,0.15,0.2,13.9198,7.1016,14.97,15.0779,1203
"p330","ssp126","GFDL-ESM4","2075",0.31,0,0,24,102.63,4.8864,0.25,0,0.15,0,0.08,0,0,0,0,0.2,0,0,0,0,0.15,12.8578,8.9323,10.211,14.4605,1204
"p330","ssp126","GFDL-ESM4","2075",0.18,0,0,49,102.34,5.003,0.1333,0,0.3,0.05,0.09,0,0,0,0,0,0,0,0,0,0.1,14.4984,7.7409,13.5895,13.9588,1205
"p330","ssp126","GFDL-ESM4","2075",0.28,0,0,32,111.53,5.1159,0.1167,0,0.65,0.1,0,0,0,0,0,0,0,0,0,0,0.3,13.4292,7.4393,8.3725,13.8789,1206
"p330","ssp126","GFDL-ESM4","2075",0.22,0.1,0,38,92.6,4.9412,0.05,0,0.65,0.05,0.12,0,0,0,0,0,0,0,0,0,0.05,14.3214,6.8804,10.1893,12.1129,1207
"p330","ssp126","GFDL-ESM4","2075",0.34,0.2,0,33,105.36,5.0936,0.1167,0,0.45,0,0.06,0,0,0,0,0,0,0.05,0.05,0,0.6,13.0572,7.7994,11.3518,18.3868,1208
"p330","ssp126","GFDL-ESM4","2075",0.41,0,0,47,88.4,4.3611,0.0833,0,0.9,0,0.1,0,0,0,0,0,0,0,0.05,0,0.1,15.6103,5.3828,13.5793,14.2409,1209
"p330","ssp126","GFDL-ESM4","2075",0.3,0.1,0,52,97.9,5.1759,0.25,0,0.95,0.05,0.16,0,0,0,0,0,0,0,0,0,0.1,14.9838,6.3747,13.2092,14.3259,1210
"p330","ssp126","GFDL-ESM4","2075",0.13,0.15,0,46,89.84,4.9367,0.15,0,0.3,0,0.14,0,0,0,0,0,0,0,0,0,0.1,15.6851,8.817,14.1952,14.7668,1211
"p330","ssp126","GFDL-ESM4","2075",0.24,0,0,11,99.41,4.8911,0.05,0,0.65,0,0,0,0,0,0,0,0,0,0,0,0.05,11.8046,7.4404,11.6437,16.2055,1212
"p330","ssp126","GFDL-ESM4","2075",0.24,0.25,0,48,98.02,5.0554,0.3,0,0.2,0,0.1,0,0,0,0,0,0,0,0,0,0.15,15.1666,9.7692,14.4037,13.4059,1213
"p330","ssp126","GFDL-ESM4","2075",0.26,0,0,41,98.08,5.3181,0.25,0,0.25,0,0.12,0,0,0,0,0.15,0,0,0,0.15,0.2,13.191,9.7165,13.6297,14.488,1214
"p330","ssp126","GFDL-ESM4","2075",0.1,0,0,38,99.35,4.9556,0.1333,0,0.35,0,0.05,0,0,0,0,0.15,0,0.05,0,0,0.3,13.8064,7.8285,13.123,17.6361,1215
"p330","ssp126","GFDL-ESM4","2075",0.17,0,0,29,103.15,4.9118,0.1667,0,0.35,0,0.12,0,0,0,0,0.25,0,0,0,0.15,0.7,13.4501,7.4833,14.6573,15.6267,1216
"p330","ssp126","GFDL-ESM4","2075",0.13,0,0,40,95.05,4.8463,0.1667,0,0.2,0,0.11,0,0,0,0,0,0,0,0,0,0.3,13.5485,8.9742,14.8922,14.5876,1217
"p330","ssp126","GFDL-ESM4","2075",0.18,0,0,35,84.79,4.7136,0.0667,0,1,0.05,0,0,0,0,0,0,0,0,0,0,0.1,12.6738,4.8363,8.8513,13.3676,1218
"p330","ssp126","GFDL-ESM4","2075",0.32,0.15,0,37,94.92,4.6319,0.1333,0,0.95,0.05,0.07,0,0,0,0,0,0,0,0,0,0.1,13.7943,5.9915,10.07,14.1523,1219
"p330","ssp126","GFDL-ESM4","2075",0.17,0,0,46,98.63,5.3519,0.0833,0,1,0,0,0,0,0,0,0,0,0,0,0,0.55,15.0435,6.1254,12.4863,16.9664,1220
"p330","ssp126","GFDL-ESM4","2075",0.2,0.1,0,44,92.48,4.5041,0.2167,0,0.4,0,0.07,0,0,0,0,0.1,0,0,0.05,0,0.6,14.9208,7.1278,12.776,15.9685,1221
"p330","ssp126","GFDL-ESM4","2075",0.16,0,0,22,91.04,4.7751,0.1833,0,0.15,0,0.06,0,0,0,0,0,0,0,0,0,0.2,12.1538,8.8919,15.4838,17.2115,1222
"p330","ssp126","GFDL-ESM4","2075",0.16,0,0,29,105.75,4.7827,0.25,0,0.35,0.05,0.06,0,0,0,0,0,0,0,0,0,0.05,13.3327,8.9422,9.6077,12.5738,1223
"p330","ssp126","GFDL-ESM4","2075",0.43,0,0,26,93.93,4.3978,0.0667,0,0.8,0,0,0,0,0,0,0,0,0,0,0.15,0.15,13.3245,6.5102,11.9723,16.6044,1224
"p330","ssp126","GFDL-ESM4","2075",0.16,0,0,32,101.95,5.0848,0.1333,0,0.55,0.05,0,0,0,0,0,0,0,0,0,0,0,13.9822,7.0657,10.1052,13.6559,1225
"p330","ssp126","GFDL-ESM4","2075",0.25,0.25,0,42,103.32,4.8328,0.1833,0,0.25,0,0.06,0,0,0,0,0,0,0,0,0.15,0.15,15.5965,6.7993,13.9072,14.8139,1226
"p330","ssp126","GFDL-ESM4","2075",0.32,0,0,36,84.78,4.9928,0.1,0,0.8,0,0.11,0,0,0,0,0,0,0.05,0,0.15,0.4,12.5968,6.2511,14.5488,16.7427,1227
"p330","ssp126","GFDL-ESM4","2075",0,0,0,32,100.35,4.8989,0.1833,0,0,0,0.05,0,0,0,0,0.15,0,0,0,0,0.15,12.8978,9.0939,10.3713,14.6856,1228
"p330","ssp126","GFDL-ESM4","2075",0.22,0,0,31,101.11,5.0459,0.1167,0,0.6,0.05,0,0,0,0,0,0,0,0,0,0,0.1,14.2833,6.9649,11.71,13.0599,1229
"p330","ssp126","GFDL-ESM4","2075",0.32,0,0,26,105.17,4.9518,0.1,0,1,0,0.12,0,0,0,0,0,0,0,0,0,0.3,12.7702,3.6028,12.954,15.5995,1230
"p330","ssp126","GFDL-ESM4","2075",0.15,0,0,34,105.48,4.976,0.0667,0,0.85,0,0,0,0,0,0,0,0,0,0,0.15,0.05,13.7506,4.9814,13.4467,11.7348,1231
"p330","ssp126","GFDL-ESM4","2075",0.41,0,0,50,91.55,5.0526,0.0833,0,0.25,0,0.12,0,0,0,0,0,0,0,0,0,0.3,14.9193,7.2345,8.6772,13.7723,1232
"p330","ssp126","GFDL-ESM4","2075",0.32,0,0,37,100.8,5.1627,0.1833,0,0.6,0,0,0,0,0,0,0.15,0,0,0,0,0.2,14.0507,8.063,15.4523,14.8153,1233
"p330","ssp126","GFDL-ESM4","2075",0.22,0,0,32,89.15,4.9501,0.1667,0,0.55,0,0.12,0,0,0,0,0,0,0,0.05,0.15,0.45,13.301,9.408,13.275,15.8353,1234
"p330","ssp126","GFDL-ESM4","2075",0.43,0,0,38,92.71,5.1222,0.15,0,0.45,0.05,0.06,0,0,0,0,0,0,0,0,0.15,0.55,14.019,7.2439,9.6743,14.8182,1235
"p330","ssp126","GFDL-ESM4","2075",0.37,0.2,0,45,104.83,5.1958,0.1833,0,0.5,0,0.12,0,0,0,0,0,0,0,0,0,0,14.5232,7.1035,12.043,10.4924,1236
"p330","ssp126","GFDL-ESM4","2075",0.25,0,0,32,87.36,4.7434,0.2667,0,0.55,0,0.07,0,0,0,0,0.35,0,0,0.05,0,0.35,13.4549,8.1101,14.0682,14.6466,1237
"p330","ssp126","GFDL-ESM4","2075",0.15,0,0,30,95.01,4.218,0.0333,0,0.85,0,0.06,0,0,0,0,0,0,0,0,0,0.25,13.0206,4.7867,12.5315,16.3656,1238
"p330","ssp126","GFDL-ESM4","2075",0.27,0.1,0,34,89.79,4.6528,0.05,0,1,0.05,0.05,0,0,0,0,0,0,0,0,0,0.3,13.9068,2.4921,15.281,16.5008,1239
"p330","ssp126","GFDL-ESM4","2075",0.33,0,0,27,100.59,5.0793,0.2,0,0.4,0,0.21,0,0,0,0,0,0,0,0,0,0.2,12.5927,8.2929,15.5103,15.2758,1240
"p330","ssp126","GFDL-ESM4","2075",0.29,0.1,0,48,74.94,4.8219,0.1333,0,0.65,0,0.05,0,0,0,0,0,0,0,0,0.15,0.3,15.1452,7.3105,10.2323,15.5776,1241
"p330","ssp126","GFDL-ESM4","2075",0.16,0,0,27,91.47,4.9797,0.1833,0,0.55,0.05,0,0,0,0,0,0,0,0.05,0,0,0.3,13.6785,7.1068,12.606,14.3633,1242
"p330","ssp126","GFDL-ESM4","2075",0.16,0.15,0,26,100.28,4.6453,0.1667,0,0.85,0.05,0,0,0,0,0,0,0,0,0,0,0.05,13.129,6.3598,10.2497,14.4905,1243
"p330","ssp126","GFDL-ESM4","2075",0.29,0,0,51,97.52,5.1034,0.15,0,0.3,0.05,0.07,0,0,0,0,0,0,0,0,0,0,15.5332,7.8025,11.1052,12.518,1244
"p330","ssp126","GFDL-ESM4","2075",0.15,0,0,24,104.03,4.8414,0.0833,0,1,0,0.06,0,0,0,0,0.2,0.05,0,0,0.15,0.1,11.9964,3.8332,12.2072,12.4343,1245
"p330","ssp126","GFDL-ESM4","2075",0.23,0,0,40,97.57,5.1813,0.2,0,0.1,0,0.05,0,0,0,0,0,0,0,0,0,0.05,13.7988,8.0553,9.4363,13.657,1246
"p330","ssp126","GFDL-ESM4","2075",0.4,0,0,41,86.97,5.0875,0.2833,0,0.4,0,0.06,0,0,0,0,0.1,0,0,0,0,0.05,14.1097,9.4674,12.0308,14.0391,1247
"p330","ssp126","GFDL-ESM4","2075",0.19,0.1,0,42,103.19,5.2508,0.15,0,0,0,0.05,0,0,0,0,0,0,0,0.05,0,0.45,13.6868,8.0958,11.1398,15.6326,1248
"p330","ssp126","GFDL-ESM4","2075",0.15,0,0,28,105.62,5.1126,0.1333,0,0.2,0,0.17,0,0,0,0,0.1,0,0,0,0,0.05,13.942,8.4041,12.9092,14.1449,1249
"p330","ssp126","GFDL-ESM4","2075",0.11,0,0,23,92.26,4.8715,0.15,0,1,0.05,0.17,0,0,0,0,0,0,0,0.1,0,0.55,13.6195,2.1903,11.4403,17.4142,1250
"p330","ssp126","GFDL-ESM4","2075",0.43,0,0,28,95.66,4.6927,0.05,0,1,0,0.1,0.05,0,0,0,0,0,0.05,0,0,0.25,13.086,4.2814,13.8885,15.7356,1251
"p330","ssp126","GFDL-ESM4","2075",0.12,0,0,22,92.33,4.7144,0.05,0,1,0,0.05,0,0,0,0,0,0,0,0,0,0.05,12.5144,5.1063,12.1933,12.5162,1252
"p330","ssp126","GFDL-ESM4","2075",0.11,0,0,39,98.02,4.2806,0.2167,0,1,0,0.17,0,0,0,0,0.3,0,0,0,0.15,0.1,14.1868,4.8452,14.8973,15.2813,1253
"p330","ssp126","GFDL-ESM4","2075",0.29,0.1,0,23,97.81,4.5548,0.0333,0,1,0.05,0.06,0,0,0,0,0,0,0,0,0,0.15,12.7463,3.1324,10.5397,15.8256,1254
"p330","ssp126","GFDL-ESM4","2075",0.39,0.2,0,31,95.23,4.8586,0.1333,0,0.6,0,0.1,0,0,0,0,0,0,0,0,0.15,0.3,14.4416,8.743,13.4598,14.1438,1255
"p330","ssp126","GFDL-ESM4","2075",0.23,0,0,43,93.34,4.9948,0.1833,0,0.4,0,0.07,0,0,0,0,0,0,0.15,0.05,0,0.15,14.5329,7.3142,11.7027,16.6358,1256
"p330","ssp126","GFDL-ESM4","2075",0.12,0,0,34,97.58,4.9265,0.25,0,0,0,0.06,0,0,0,0,0,0,0,0,0,0.3,13.661,10.5689,9.3468,14.5722,1257
"p330","ssp126","GFDL-ESM4","2075",0.33,0,0,17,107.44,5.1828,0.1333,0,0.65,0,0.07,0,0,0,0,0,0,0,0.05,0.15,0.55,11.8416,7.5729,16.886,14.7756,1258
"p330","ssp126","GFDL-ESM4","2075",0.12,0,0,31,95.48,4.7874,0.0667,0,0.4,0,0.08,0,0,0,0,0,0,0,0,0,0.35,14.095,6.1948,11.8643,15.79,1259
"p330","ssp126","GFDL-ESM4","2075",0.37,0.35,0,47,103.63,4.795,0.1,0,1,0,0.1,0,0,0,0,0,0,0,0,0.15,0.35,14.0943,5.0857,11.9985,16.072,1260
"p330","ssp126","GFDL-ESM4","2075",0.37,0.25,0,38,85.49,5.3536,0.1167,0,0.5,0.1,0.14,0,0,0,0,0,0,0,0,0,0.1,14.8629,6.9306,11.5148,13.774,1261
"p330","ssp126","GFDL-ESM4","2075",0.29,0,0,28,101.82,5.2414,0.2667,0,0.05,0.25,0.09,0,0,0,0,0,0,0,0,0,0,12.832,9.4563,12.0908,11.4521,1262
"p330","ssp126","GFDL-ESM4","2075",0.33,0,0,10,94.17,5.0694,0.0667,0,0.75,0,0.05,0,0,0,0,0.1,0,0,0,0.15,0.3,10.1684,6.1876,13.622,15.5589,1263
"p330","ssp126","GFDL-ESM4","2075",0.36,0,0,18,99.94,5.1281,0.0833,0,0.1,0,0.06,0,0,0,0,0,0,0,0,0,0.2,11.3272,8.6878,11.8352,15.8558,1264
"p330","ssp126","GFDL-ESM4","2075",0.1,0,0,35,107.93,4.6386,0.1333,0,0.35,0,0,0,0,0,0,0,0,0.1,0,0,0.35,13.3153,7.4275,10.8127,19.4,1265
"p330","ssp126","GFDL-ESM4","2075",0.15,0,0,29,104.84,5.1421,0.1,0,0.65,0,0,0,0,0,0,0.2,0,0,0,0,0.15,13.1241,6.5311,14.868,17.2103,1266
"p330","ssp126","GFDL-ESM4","2075",0.38,0.15,0,35,92.95,4.5971,0.0833,0,0.25,0,0.13,0,0,0,0,0,0,0,0.05,0.15,0.25,13.5149,7.2622,11.9967,15.8745,1267
"p330","ssp126","GFDL-ESM4","2075",0.14,0,0.1,33,100.95,5.0295,0.0833,0,0.9,0.05,0.11,0,0,0,0,0,0,0,0.05,0,0.2,14.462,6.3599,9.8072,16.3894,1268
"p330","ssp126","GFDL-ESM4","2075",0.29,0,0,37,99.37,4.711,0.1667,0,0.25,0.1,0.07,0.05,0,0,0,0,0,0,0.05,0,0.35,13.5704,8.6398,12.119,17.2294,1269
"p330","ssp126","GFDL-ESM4","2075",0.45,0,0,54,98.98,4.9255,0.2,0,0.85,0,0.14,0,0,0,0,0,0,0,0,0,0.1,15.4038,7.6041,12.6473,14.8976,1270
"p330","ssp126","GFDL-ESM4","2075",0.21,0,0.1,24,87.75,4.7702,0.15,0,1,0.15,0.1,0,0,0,0,0,0,0,0,0.15,0.25,13.1676,5.9744,11.3163,13.9898,1271
"p330","ssp126","GFDL-ESM4","2075",0.23,0,0,41,106.1,4.526,0.15,0,0.2,0,0,0,0,0,0,0,0,0,0.05,0,0.45,13.7387,8.0958,10.1932,16.1776,1272
"p330","ssp126","GFDL-ESM4","2075",0.11,0,0.15,40,103.42,5.0126,0.0333,0,0.95,0,0.13,0,0,0,0,0,0,0.05,0,0,0.4,14.5982,5.1697,14.132,17.3632,1273
"p330","ssp126","GFDL-ESM4","2075",0.33,0.3,0,45,98.83,4.8589,0.1833,0,0.25,0,0.12,0,0,0,0,0,0,0,0,0.15,0.2,15.1585,9.0578,13.1245,16.8197,1274
"p330","ssp126","GFDL-ESM4","2075",0.3,0,0,35,95.85,4.7597,0.2,0,0.2,0,0.12,0,0,0,0,0.1,0,0,0,0,0.25,13.8123,8.5308,13.1982,13.3605,1275
"p330","ssp126","GFDL-ESM4","2075",0.12,0,0,20,102.97,5.3968,0.1333,0,0.25,0,0.05,0,0,0,0,0,0,0,0,0,0.1,13.1923,7.5339,13.5333,14.1526,1276
"p330","ssp126","GFDL-ESM4","2075",0.2,0,0,42,94.14,4.8817,0.1833,0,0.4,0,0.06,0,0,0,0,0,0,0,0.05,0,0.1,14.4908,7.4625,12.3675,14.0588,1277
"p330","ssp126","GFDL-ESM4","2075",0.43,0,0,44,91.26,4.8138,0.1333,0,0.45,0,0.1,0,0,0,0,0.1,0,0,0.05,0,0.4,14.3185,7.1265,12.447,15.7276,1278
"p330","ssp126","GFDL-ESM4","2075",0.38,0,0,23,86.02,4.5798,0.1333,0,0.55,0.05,0,0,0,0,0,0.15,0,0,0,0,0.45,12.1484,7.2995,11.7553,16.4636,1279
"p330","ssp126","GFDL-ESM4","2075",0.24,0,0,36,80.62,4.8957,0.3167,0,0.15,0.05,0.17,0,0,0,0,0,0,0,0.05,0.15,0.35,14.2654,10.1402,11.7695,14.3526,1280
"p330","ssp126","GFDL-ESM4","2075",0.24,0,0,48,101.14,4.6153,0.2,0,0.1,0.05,0.05,0,0,0,0,0,0,0,0,0,0.4,15.0327,10.0513,12.422,13.865,1281
"p330","ssp126","GFDL-ESM4","2075",0.22,0.15,0,41,90.57,4.964,0.1167,0,1,0,0.05,0,0,0,0,0,0,0.05,0,0,0.2,15.4018,4.8944,10.8372,16.8835,1282
"p330","ssp126","GFDL-ESM4","2075",0.25,0,0,25,107.82,5.0436,0.15,0,0.65,0.05,0.1,0,0,0,0,0,0,0.1,0.05,0.15,0.1,13.3941,6.3233,11.2352,15.4482,1283
"p330","ssp126","GFDL-ESM4","2075",0.29,0.15,0,20,94.09,5.2046,0.2,0,0.45,0.05,0.05,0,0,0,0,0,0,0,0,0.15,0.35,11.9502,7.6618,9.6385,17.1845,1284
"p330","ssp126","GFDL-ESM4","2075",0.24,0.55,0,40,101.44,4.917,0.1333,0,0.6,0,0.06,0,0,0,0,0,0,0,0,0,0.05,14.6046,6.0411,13.8568,14.7531,1285
"p330","ssp126","GFDL-ESM4","2075",0.28,0.15,0,38,89.82,4.769,0.15,0,0.9,0,0.14,0,0,0,0,0,0,0,0.05,0,0.1,14.4378,6.3328,12.7358,15.2976,1286
"p330","ssp126","GFDL-ESM4","2075",0.36,0,0,36,99.29,5.1851,0.15,0,0.65,0,0.09,0,0,0,0,0,0,0,0,0.15,0.55,13.6269,6.408,13.1255,15.9512,1287
"p330","ssp126","GFDL-ESM4","2075",0.35,0.25,0,46,103.85,4.9011,0.1833,0,0.25,0,0.1,0,0,0,0,0,0,0,0,0,0.25,15.0736,8.3288,12.6415,15.2948,1288
"p330","ssp126","GFDL-ESM4","2075",0.32,0,0,27,101.98,5.3598,0.2333,0,0.4,0,0.11,0,0,0,0,0,0,0,0,0,0.1,13.3163,7.716,11.5502,14.0557,1289
"p330","ssp126","GFDL-ESM4","2075",0.21,0,0,19,96.28,4.857,0.05,0,1,0.05,0.06,0,0,0,0,0,0,0,0,0,0.1,12.0658,4.3148,11.8337,13.8079,1290
"p330","ssp126","GFDL-ESM4","2075",0.22,0,0,38,100.68,4.977,0.0833,0,0.8,0,0.06,0,0,0,0,0,0,0,0,0,0.2,14.1925,6.5348,12.7448,12.3642,1291
"p330","ssp126","GFDL-ESM4","2075",0.16,0,0,17,89.56,4.7809,0.1333,0,0.7,0,0.16,0,0,0,0,0,0,0,0,0,0.45,11.9504,6.6328,11.8658,15.5989,1292
"p330","ssp126","GFDL-ESM4","2075",0.06,0,0,26,92.73,5.3406,0.4333,0,0.45,0,0.1,0,0,0,0,0,0,0,0,0.15,0.1,12.3131,9.7596,10.8883,13.6819,1293
"p330","ssp126","GFDL-ESM4","2075",0.27,0,0,41,97.03,4.793,0.1167,0,0.2,0,0.09,0,0,0,0,0,0,0,0,0,0.1,14.5999,7.2423,10.9182,13.3009,1294
"p330","ssp126","GFDL-ESM4","2075",0,0,0,27,98,4.9706,0.2,0,0.7,0,0.13,0,0,0,0,0,0,0,0,0.6,0.1,13.8437,8.6918,13.7967,15.5683,1295
"p330","ssp126","GFDL-ESM4","2075",0.32,0,0,53,104.87,4.9215,0.1,0,1,0,0.11,0,0,0,0,0,0,0,0,0,0.2,15.3914,5.0062,14.7012,16.3145,1296
"p330","ssp126","GFDL-ESM4","2075",0.05,0,0,40,102.23,4.9185,0.2,0,0.9,0,0.08,0,0,0,0,0.1,0,0,0,0,0.1,14.46,5.8263,15.3055,13.865,1297
"p330","ssp126","GFDL-ESM4","2075",0.2,0,0,36,102.15,4.9474,0.2667,0,0.15,0,0.15,0,0,0,0,0,0,0,0,0,0,13.1015,8.6467,12.989,11.9524,1298
"p330","ssp126","GFDL-ESM4","2075",0.27,0,0,41,84.12,4.6341,0.0667,0,0.65,0.05,0,0,0,0,0,0,0,0,0,0,0.1,14.8964,7.9362,9.487,15.4961,1299
"p330","ssp126","GFDL-ESM4","2075",0.3,0,0,55,95.95,4.9073,0.05,0,0.45,0,0.1,0,0,0,0,0,0,0,0,0,0.3,15.6587,6.862,11.7362,12.2586,1300
"p330","ssp126","INM-CM4-8","2075",0.16,0,0,39,96.96,4.758,0.15,0,0.8,0,0,0,0,0,0,0,0,0,0,0,0.25,14.3799,6.5275,9.9753,14.3997,1301
"p330","ssp126","INM-CM4-8","2075",0.05,0.15,0,40,102.65,5.0075,0.0667,0,0.1,0,0.08,0,0,0,0,0,0,0,0,0,0.2,14.2234,7.5712,11.6605,15.6829,1302
"p330","ssp126","INM-CM4-8","2075",0.15,0,0,35,104.58,4.834,0.1333,0,0.85,0,0.24,0,0,0,0,0,0,0,0,0,0.2,13.8388,6.5837,14.4565,15.3989,1303
"p330","ssp126","INM-CM4-8","2075",0.31,0,0,27,103.7,4.7834,0.2167,0,0.1,0,0.08,0,0,0,0,0.2,0,0,0,0,0.15,12.7802,8.4113,9.7023,14.7717,1304
"p330","ssp126","INM-CM4-8","2075",0.18,0,0,47,103.12,4.9389,0.0833,0,0.45,0.05,0.05,0,0,0,0,0.1,0,0,0,0,0.15,14.4081,7.228,13.0785,14.3028,1305
"p330","ssp126","INM-CM4-8","2075",0.28,0,0,37,112.35,5.0223,0.0833,0,0.7,0.1,0,0,0,0,0,0,0,0,0,0,0.3,13.3434,6.9241,7.8605,14.2076,1306
"p330","ssp126","INM-CM4-8","2075",0.17,0.1,0,38,95.32,4.8389,0.05,0,0.75,0,0.12,0,0,0,0,0,0,0,0,0,0.05,14.2394,6.3628,9.6748,12.435,1307
"p330","ssp126","INM-CM4-8","2075",0.34,0.4,0,33,107.65,4.963,0.1,0,0.45,0,0.06,0,0,0,0,0,0,0.05,0.05,0,0.55,12.9795,7.2792,10.8432,18.6985,1308
"p330","ssp126","INM-CM4-8","2075",0.41,0,0,41,91.85,4.2729,0.05,0,1,0,0.1,0,0,0,0,0,0,0,0.05,0,0.05,15.5193,4.8702,13.069,14.5853,1309
"p330","ssp126","INM-CM4-8","2075",0.29,0.2,0,53,97.68,5.096,0.1833,0,1,0,0.16,0,0,0,0,0,0,0,0,0,0.1,14.8975,5.8596,12.6977,14.6544,1310
"p330","ssp126","INM-CM4-8","2075",0.13,0.15,0.15,48,93.7,4.8356,0.1167,0,0.3,0,0.14,0,0,0,0,0,0,0,0,0,0.05,15.6026,8.3002,13.6815,15.0905,1311
"p330","ssp126","INM-CM4-8","2075",0.23,0,0,12,99.55,4.8174,0.05,0,0.7,0,0,0,0,0,0,0,0,0,0,0,0.05,11.7263,6.9208,11.1358,16.5185,1312
"p330","ssp126","INM-CM4-8","2075",0.24,0.25,0,49,97.96,4.9585,0.2667,0,0.2,0,0.1,0,0,0,0,0,0,0,0,0,0.15,15.0752,9.2575,13.8933,13.7518,1313
"p330","ssp126","INM-CM4-8","2075",0.26,0,0,40,99.07,5.1942,0.2167,0,0.2,0,0.12,0,0,0,0,0.15,0,0,0,0,0.15,13.1038,9.2019,13.1188,14.8185,1314
"p330","ssp126","INM-CM4-8","2075",0.1,0.1,0,38,101.14,4.8759,0.1,0,0.35,0,0,0,0,0,0,0.15,0,0.05,0,0,0.3,13.7226,7.3122,12.6097,17.9602,1315
"p330","ssp126","INM-CM4-8","2075",0.17,0,0,31,104.53,4.8243,0.1167,0,0.4,0,0.12,0,0,0,0,0.25,0,0,0,0,0.55,13.3698,6.9638,14.1488,15.9409,1316
"p330","ssp126","INM-CM4-8","2075",0.13,0,0,39,96.56,4.7727,0.15,0,0.25,0,0.11,0,0,0,0,0,0,0,0,0,0.3,13.4562,8.4623,14.3823,14.9354,1317
"p330","ssp126","INM-CM4-8","2075",0.18,0,0,38,85.41,4.6209,0.0167,0,1,0.05,0,0,0,0,0,0,0,0,0,0,0.1,12.5857,4.3225,8.3403,13.6995,1318
"p330","ssp126","INM-CM4-8","2075",0.32,0.25,0,36,97.53,4.5428,0.0667,0,1,0.05,0,0,0,0,0,0,0,0,0,0,0.1,13.7103,5.4754,9.5577,14.478,1319
"p330","ssp126","INM-CM4-8","2075",0.17,0,0,46,98.29,5.2691,0.05,0,1,0,0,0,0,0,0,0,0,0,0,0,0.55,14.9633,5.6055,11.9783,17.2823,1320
"p330","ssp126","INM-CM4-8","2075",0.2,0.1,0,46,96.57,4.4397,0.15,0,0.35,0,0.07,0,0,0,0,0.1,0,0,0.05,0,0.6,14.8275,6.6159,12.2668,16.3168,1321
"p330","ssp126","INM-CM4-8","2075",0.16,0,0,22,91.37,4.6917,0.1167,0,0.15,0,0.06,0,0,0,0,0,0,0,0,0,0.15,12.0649,8.3786,14.9727,17.5439,1322
"p330","ssp126","INM-CM4-8","2075",0.16,0.1,0,29,106.53,4.7216,0.1667,0,0.45,0.05,0.06,0,0,0,0,0,0,0,0,0,0.05,13.2476,8.4266,9.0958,12.9011,1323
"p330","ssp126","INM-CM4-8","2075",0.43,0,0,29,94.88,4.3028,0.0167,0,0.8,0,0,0,0,0,0,0,0,0,0,0.15,0.1,13.2432,5.9909,11.4647,16.9208,1324
"p330","ssp126","INM-CM4-8","2075",0.16,0,0,34,103.8,4.983,0.0667,0,0.65,0.05,0,0,0,0,0,0,0,0,0,0,0.1,13.8881,6.5547,9.5965,14.005,1325
"p330","ssp126","INM-CM4-8","2075",0.25,0.25,0,41,103.04,4.7547,0.1,0,0.45,0,0.06,0,0,0,0,0,0,0,0,0,0.2,15.5068,6.2862,13.3972,15.1474,1326
"p330","ssp126","INM-CM4-8","2075",0.32,0,0,36,87.53,4.8703,0.0833,0,1,0,0.06,0,0,0,0,0,0,0.05,0,0,0.4,12.5107,5.7357,14.0367,17.0712,1327
"p330","ssp126","INM-CM4-8","2075",0,0,0,31,107.06,4.8322,0.1333,0,0.2,0,0.05,0,0,0,0,0.15,0,0,0,0,0.15,12.8158,8.5752,9.8637,15.0039,1328
"p330","ssp126","INM-CM4-8","2075",0.22,0,0,29,100.26,4.9444,0.1,0,0.65,0,0,0,0,0,0,0,0,0,0,0,0.05,14.1887,6.4545,11.2013,13.4103,1329
"p330","ssp126","INM-CM4-8","2075",0.32,0,0,26,105.05,4.8293,0.05,0,1,0,0.12,0,0,0,0,0,0,0,0,0,0.2,12.6791,3.0898,12.445,15.9345,1330
"p330","ssp126","INM-CM4-8","2075",0.15,0,0,36,107.07,4.871,0.0667,0,0.85,0,0,0,0,0,0,0,0,0,0,0,0.1,13.664,4.4669,12.9355,12.0644,1331
"p330","ssp126","INM-CM4-8","2075",0.41,0,0,51,93.37,4.9566,0.05,0,0.25,0,0.11,0,0,0,0,0,0,0,0,0,0.1,14.8362,6.717,8.1695,14.0918,1332
"p330","ssp126","INM-CM4-8","2075",0.32,0,0,37,103.92,5.1092,0.1167,0,0.75,0,0,0,0,0,0,0.15,0,0,0,0,0.25,13.9552,7.5535,14.944,15.1674,1333
"p330","ssp126","INM-CM4-8","2075",0.21,0,0,35,91.13,4.8591,0.15,0,0.45,0,0.12,0,0,0,0,0.2,0,0,0.05,0.15,0.4,13.209,8.896,12.7653,16.1727,1334
"p330","ssp126","INM-CM4-8","2075",0.43,0,0,35,92.86,5.0515,0.1,0,0.55,0.05,0.06,0,0,0,0,0,0,0,0,0,0.55,13.9314,6.7288,9.1632,15.1488,1335
"p330","ssp126","INM-CM4-8","2075",0.32,0.4,0,42,106.02,5.0938,0.1,0,0.65,0,0.12,0,0,0,0,0,0,0,0,0,0,14.4399,6.5863,11.5362,10.8133,1336
"p330","ssp126","INM-CM4-8","2075",0.25,0.25,0,31,88.08,4.6707,0.1833,0,0.75,0,0.07,0,0,0,0,0.35,0,0,0.05,0,0.2,13.3588,7.6002,13.5612,14.9988,1337
"p330","ssp126","INM-CM4-8","2075",0.15,0,0,28,92.96,4.1266,0.0167,0,1,0,0.06,0,0,0,0,0,0,0,0,0,0.35,12.9283,4.2744,12.0218,16.7032,1338
"p330","ssp126","INM-CM4-8","2075",0.27,0.1,0,36,92.59,4.5714,0.0167,0,1,0.05,0.05,0,0,0,0,0.1,0,0,0,0,0.3,13.8184,1.9779,14.7695,16.8321,1339
"p330","ssp126","INM-CM4-8","2075",0.33,0,0,32,104.49,4.9816,0.1,0,0.45,0,0.21,0,0,0,0,0.1,0,0,0,0,0.2,12.5084,7.776,15.0038,15.5982,1340
"p330","ssp126","INM-CM4-8","2075",0.29,0.15,0,50,76.94,4.7221,0.1333,0,0.9,0,0.05,0,0,0,0,0,0,0,0,0.15,0.2,15.0484,6.8006,9.7238,15.9316,1341
"p330","ssp126","INM-CM4-8","2075",0.16,0,0,26,94.27,4.8718,0.15,0,0.75,0,0,0,0,0,0,0,0,0.05,0,0,0.15,13.5853,6.5956,12.0963,14.7018,1342
"p330","ssp126","INM-CM4-8","2075",0.16,0.15,0,31,99.58,4.5581,0.1167,0,0.8,0.05,0,0,0,0,0,0,0,0,0,0,0,13.0408,5.8462,9.7387,14.8238,1343
"p330","ssp126","INM-CM4-8","2075",0.29,0.15,0,49,100.02,5.0231,0.1,0,0.4,0.05,0.07,0,0,0,0,0,0,0,0,0,0,15.448,7.2863,10.5995,12.8417,1344
"p330","ssp126","INM-CM4-8","2075",0.15,0.15,0,27,105.2,4.7611,0.05,0,1,0,0.06,0,0,0,0,0.2,0,0,0,0,0.2,11.8983,3.3247,11.7005,12.7888,1345
"p330","ssp126","INM-CM4-8","2075",0.23,0,0,39,99.28,5.0861,0.1,0,0.15,0,0.05,0,0,0,0,0,0,0,0,0,0.2,13.7048,7.5443,8.9287,13.9971,1346
"p330","ssp126","INM-CM4-8","2075",0.4,0,0,43,89.91,5.0197,0.2833,0,0.4,0,0.06,0,0,0,0,0.15,0,0,0,0,0.05,14.0195,8.9549,11.5197,14.3733,1347
"p330","ssp126","INM-CM4-8","2075",0.19,0.15,0,41,105.86,5.144,0.1,0,0,0,0.05,0,0,0,0,0,0,0,0.05,0,0.5,13.6009,7.5794,10.6338,15.9564,1348
"p330","ssp126","INM-CM4-8","2075",0.15,0,0,27,107.02,5.0226,0.1167,0,0.25,0,0.17,0,0,0,0,0.1,0,0,0,0,0.1,13.8435,7.896,12.4023,14.5013,1349
"p330","ssp126","INM-CM4-8","2075",0.11,0,0,28,92.02,4.7922,0.1167,0,1,0,0.17,0,0,0,0,0,0,0,0.05,0,0.5,13.5247,1.6797,10.933,17.7555,1350
"p330","ssp126","INM-CM4-8","2075",0.43,0,0,26,94.99,4.6087,0.0167,0,1,0,0.1,0,0,0,0,0.1,0,0.05,0,0,0.2,12.9953,3.7683,13.379,16.0705,1351
"p330","ssp126","INM-CM4-8","2075",0.12,0,0,27,92.8,4.6066,0.0167,0,1,0,0.05,0,0,0,0,0,0,0,0,0,0.05,12.4279,4.5907,11.6892,12.8421,1352
"p330","ssp126","INM-CM4-8","2075",0.11,0,0,37,98.64,4.2225,0.15,0,1,0,0.14,0,0,0,0,0.35,0,0,0,0,0.1,14.0879,4.337,14.3912,15.6381,1353
"p330","ssp126","INM-CM4-8","2075",0.29,0.15,0,27,99.17,4.4711,0.0167,0,1,0,0.06,0,0,0,0,0,0,0,0,0,0.15,12.6505,2.6218,10.0305,16.1674,1354
"p330","ssp126","INM-CM4-8","2075",0.39,0.1,0,30,98.99,4.786,0.0833,0,0.8,0,0.1,0,0,0,0,0,0,0,0,0.15,0.3,14.3503,8.231,12.9505,14.48,1355
"p330","ssp126","INM-CM4-8","2075",0.17,0,0,42,95.42,4.926,0.1333,0,0.45,0,0.07,0,0,0,0,0,0,0.15,0,0,0.15,14.4446,6.7993,11.1982,16.9615,1356
"p330","ssp126","INM-CM4-8","2075",0.07,0,0,34,96.2,4.8301,0.2,0,0.05,0,0.06,0,0,0,0,0,0,0,0,0,0.3,13.5603,10.0614,8.8405,14.9313,1357
"p330","ssp126","INM-CM4-8","2075",0.33,0,0,20,107.47,5.0844,0.1,0,0.6,0,0.07,0,0,0,0,0,0,0,0,0,0.55,11.7454,7.0627,16.3777,15.1186,1358
"p330","ssp126","INM-CM4-8","2075",0.12,0,0,31,98.3,4.7182,0.0667,0,0.45,0,0.08,0,0,0,0,0,0,0,0,0,0.35,14.0031,5.6832,11.3547,16.127,1359
"p330","ssp126","INM-CM4-8","2075",0.37,0.35,0,48,103.01,4.7364,0.0833,0,1,0,0.1,0,0,0,0,0,0,0,0,0,0.4,14.0059,4.5706,11.4942,16.3992,1360
"p330","ssp126","INM-CM4-8","2075",0.37,0.25,0,35,88.28,5.2487,0.0833,0,0.7,0.1,0.14,0,0,0,0,0,0,0,0,0,0.2,14.7615,6.4235,11.0093,14.1338,1361
"p330","ssp126","INM-CM4-8","2075",0.29,0,0,29,102.44,5.1003,0.2333,0,0.05,0.2,0.09,0,0,0,0,0,0,0,0,0,0,12.7355,8.9467,11.5837,11.7961,1362
"p330","ssp126","INM-CM4-8","2075",0.33,0,0,14,95.26,4.9764,0.05,0,0.85,0,0.05,0,0,0,0,0.1,0,0,0,0,0.3,10.0749,5.676,13.113,15.8976,1363
"p330","ssp126","INM-CM4-8","2075",0.36,0,0,21,99.92,5.0378,0.0833,0,0.1,0,0.06,0,0,0,0,0,0,0,0,0,0.1,11.2385,8.1728,11.3305,16.1853,1364
"p330","ssp126","INM-CM4-8","2075",0.1,0,0,37,107.85,4.5539,0.1167,0,0.4,0,0,0,0,0,0,0,0,0.15,0,0,0.25,13.2138,6.9215,10.3078,19.7607,1365
"p330","ssp126","INM-CM4-8","2075",0.15,0,0,29,105.99,5.0537,0.0833,0,0.7,0,0,0,0,0,0,0.35,0,0,0,0,0.15,13.0265,6.0227,14.3615,17.5559,1366
"p330","ssp126","INM-CM4-8","2075",0.35,0.15,0,33,95.77,4.5486,0.05,0,0.4,0,0.13,0,0,0,0,0,0,0,0,0,0.1,13.4209,6.7512,11.4875,16.215,1367
"p330","ssp126","INM-CM4-8","2075",0.14,0.15,0.1,34,100.42,4.9542,0.0833,0,1,0,0,0,0,0,0,0,0,0,0,0,0.15,14.3719,5.8462,9.3025,16.7186,1368
"p330","ssp126","INM-CM4-8","2075",0.29,0,0,37,100.97,4.6505,0.1333,0,0.25,0.1,0.07,0,0,0,0,0,0,0,0,0,0.3,13.468,8.1341,11.6137,17.5921,1369
"p330","ssp126","INM-CM4-8","2075",0.45,0.15,0,54,99.86,4.815,0.2,0,1,0,0.14,0,0,0,0,0,0,0,0,0,0.05,15.305,7.0953,12.1402,15.2453,1370
"p330","ssp126","INM-CM4-8","2075",0.18,0,0.1,23,87.47,4.6793,0.15,0,1,0.05,0.1,0,0,0,0,0,0,0,0,0,0.4,13.0726,5.4635,10.808,14.3317,1371
"p330","ssp126","INM-CM4-8","2075",0.23,0,0,43,109.26,4.443,0.1167,0,0.4,0,0,0,0,0,0,0,0,0,0.05,0,0.35,13.6479,7.582,9.6892,16.5091,1372
"p330","ssp126","INM-CM4-8","2075",0.11,0,0.15,39,102.79,4.9515,0.0167,0,1,0,0.13,0,0,0,0,0.2,0,0.05,0,0.15,0.45,14.4948,4.6641,13.6278,17.7257,1373
"p330","ssp126","INM-CM4-8","2075",0.33,0.3,0,41,103.08,4.7623,0.1833,0,0.35,0,0.12,0,0,0,0,0,0,0,0,0,0.1,15.0587,8.5493,12.6177,17.1679,1374
"p330","ssp126","INM-CM4-8","2075",0.29,0.1,0,34,98.55,4.7031,0.1667,0,0.2,0,0.12,0,0,0,0,0.15,0,0,0,0,0.1,13.7161,8.0203,12.69,13.7023,1375
"p330","ssp126","INM-CM4-8","2075",0.12,0,0,18,106.02,5.2872,0.1167,0,0.4,0,0,0,0,0,0,0,0,0,0,0,0.05,13.101,7.02,13.0298,14.4842,1376
"p330","ssp126","INM-CM4-8","2075",0.2,0,0,41,92.35,4.7989,0.1667,0,0.6,0,0.06,0,0,0,0,0,0,0,0.05,0,0.15,14.3864,6.9565,11.864,14.4234,1377
"p330","ssp126","INM-CM4-8","2075",0.43,0,0,41,92.12,4.7293,0.05,0,0.5,0,0.1,0,0,0,0,0.1,0,0,0.05,0,0.4,14.2186,6.6187,11.9408,16.0773,1378
"p330","ssp126","INM-CM4-8","2075",0.38,0,0,24,88.4,4.4638,0.1333,0,0.65,0.05,0,0,0,0,0,0.15,0,0,0,0,0.4,12.0523,6.7903,11.2478,16.8065,1379
"p330","ssp126","INM-CM4-8","2075",0.24,0,0,36,85.2,4.8394,0.2833,0,0.1,0.05,0.17,0,0,0,0,0,0,0,0,0,0.4,14.1732,9.628,11.2602,14.6908,1380
"p330","ssp126","INM-CM4-8","2075",0.22,0,0,51,101.59,4.5534,0.1333,0,0.3,0,0.05,0,0,0,0,0,0,0,0,0,0.4,14.9273,9.5467,11.9123,14.2341,1381
"p330","ssp126","INM-CM4-8","2075",0.3,0.15,0,41,91.57,4.8883,0.0667,0,1,0,0,0,0,0,0,0,0,0.05,0,0,0.2,15.3003,4.3889,10.3258,17.2376,1382
"p330","ssp126","INM-CM4-8","2075",0.25,0,0,26,107.38,4.9843,0.0833,0,0.85,0.05,0.05,0,0,0,0,0,0,0.15,0.05,0,0.15,13.2969,5.8156,10.7227,15.7958,1383
"p330","ssp126","INM-CM4-8","2075",0.29,0.2,0,20,96.47,5.1499,0.1667,0,0.55,0.05,0.05,0,0,0,0,0,0,0,0,0.15,0.3,11.8564,7.1506,9.1305,17.5239,1384
"p330","ssp126","INM-CM4-8","2075",0.24,0.55,0,41,102.58,4.836,0.0833,0,0.7,0,0.06,0,0,0,0,0,0,0,0,0,0.05,14.4991,5.5374,13.3477,15.1229,1385
"p330","ssp126","INM-CM4-8","2075",0.23,0.15,0,36,90.98,4.7066,0.1,0,0.85,0,0.14,0,0,0,0,0,0,0.05,0.05,0,0.05,14.3352,5.8267,12.225,15.6535,1386
"p330","ssp126","INM-CM4-8","2075",0.39,0,0,36,99.7,5.0999,0.1167,0,0.8,0,0.09,0,0,0,0,0,0,0,0,0,0.6,13.5288,5.9,12.6128,16.3018,1387
"p330","ssp126","INM-CM4-8","2075",0.33,0.25,0,44,104.7,4.8263,0.15,0,0.2,0,0.1,0,0,0,0,0,0,0,0,0,0.25,14.9793,7.8177,12.1327,15.6347,1388
"p330","ssp126","INM-CM4-8","2075",0.25,0,0,27,103.02,5.277,0.1833,0,0.45,0,0.1,0,0,0,0,0,0,0,0,0,0.15,13.2096,7.2128,11.0407,14.4266,1389
"p330","ssp126","INM-CM4-8","2075",0.21,0,0,23,95.57,4.7987,0.0333,0,1,0,0.06,0,0,0,0,0,0,0,0,0,0.1,11.9631,3.8097,11.3232,14.1652,1390
"p330","ssp126","INM-CM4-8","2075",0.22,0,0,40,100.51,4.8817,0.0667,0,1,0,0.06,0,0,0,0,0,0,0,0,0,0.2,14.0936,6.0271,12.2323,12.7156,1391
"p330","ssp126","INM-CM4-8","2075",0.16,0,0,16,91.78,4.733,0.0833,0,0.75,0,0.09,0,0,0,0,0,0,0,0,0,0.3,11.8553,6.1227,11.3567,15.9403,1392
"p330","ssp126","INM-CM4-8","2075",0.06,0.15,0,30,94.25,5.2703,0.35,0,0.45,0,0.1,0,0,0,0,0,0,0,0,0,0.1,12.2051,9.2564,10.3807,14.0534,1393
"p330","ssp126","INM-CM4-8","2075",0.27,0,0,43,97.94,4.7054,0.0833,0,0.1,0,0.09,0,0,0,0,0,0,0,0,0,0.1,14.4964,6.7373,10.4085,13.6583,1394
"p330","ssp126","INM-CM4-8","2075",0,0.1,0,30,102.02,4.9121,0.1833,0,0.75,0,0.13,0,0,0,0,0,0,0,0,0.3,0.1,13.7435,8.1849,13.2848,15.9209,1395
"p330","ssp126","INM-CM4-8","2075",0.32,0,0,51,105.83,4.8417,0.0667,0,1,0,0.11,0,0,0,0,0,0,0,0,0,0.1,15.2958,4.4958,14.1943,16.6564,1396
"p330","ssp126","INM-CM4-8","2075",0.05,0,0,38,102.4,4.8428,0.15,0,1,0,0.08,0,0,0,0,0.1,0,0,0,0,0.05,14.3517,5.3231,14.7967,14.2382,1397
"p330","ssp126","INM-CM4-8","2075",0.2,0,0,37,103.42,4.8781,0.2333,0,0.2,0,0.15,0,0,0,0,0,0,0,0,0,0,12.9967,8.1421,12.4792,12.3115,1398
"p330","ssp126","INM-CM4-8","2075",0.27,0,0,34,85.48,4.559,0.0833,0,0.7,0.05,0,0,0,0,0,0,0,0,0,0,0.1,14.7953,7.4302,8.9748,15.8489,1399
"p330","ssp126","INM-CM4-8","2075",0.3,0.1,0,53,99.73,4.8487,0.05,0,0.55,0,0.05,0,0,0,0,0,0,0,0,0,0.35,15.5621,6.3519,11.2283,12.602,1400
"p330","ssp126","INM-CM5-0","2075",0.16,0,0,42,98.15,4.3903,0.15,0,0.7,0,0,0,0,0,0,0,0,0,0,0,0.2,14.5156,6.8062,10.3872,13.921,1401
"p330","ssp126","INM-CM5-0","2075",0.05,0.15,0.1,42,102.38,4.6121,0.0667,0,0.1,0,0.13,0,0,0,0,0,0,0,0,0,0.15,14.3588,7.855,12.074,15.2055,1402
"p330","ssp126","INM-CM5-0","2075",0.1,0,0,35,105.88,4.4856,0.15,0,0.7,0,0.26,0,0,0,0,0,0,0,0,0.15,0.2,13.974,6.8716,14.8712,14.9238,1403
"p330","ssp126","INM-CM5-0","2075",0.31,0,0,29,104.31,4.4674,0.2333,0,0.1,0,0.08,0,0,0,0,0.2,0,0,0,0,0.15,12.915,8.7066,10.111,14.3071,1404
"p330","ssp126","INM-CM5-0","2075",0.19,0,0,48,103.82,4.573,0.1167,0,0.3,0.05,0.09,0,0,0,0,0,0,0,0,0,0.1,14.5437,7.506,13.4903,13.8237,1405
"p330","ssp126","INM-CM5-0","2075",0.26,0.1,0,38,113.5,4.6243,0.0833,0,0.6,0.1,0,0,0,0,0,0,0,0,0,0,0.3,13.4793,7.2062,8.2725,13.7292,1406
"p330","ssp126","INM-CM5-0","2075",0.1,0.1,0,36,97.74,4.5144,0.0667,0,0.65,0,0.12,0,0,0,0,0,0,0,0,0,0.05,14.3746,6.6496,10.09,11.9602,1407
"p330","ssp126","INM-CM5-0","2075",0.29,0.45,0,32,108.52,4.6114,0.1167,0,0.45,0,0.06,0,0,0,0,0,0,0.05,0.05,0,0.5,13.1142,7.5738,11.2512,18.2335,1408
"p330","ssp126","INM-CM5-0","2075",0.41,0,0,48,92.81,3.9513,0.05,0,0.9,0,0.1,0,0,0,0,0,0,0,0,0,0.1,15.6549,5.1482,13.4795,14.1062,1409
"p330","ssp126","INM-CM5-0","2075",0.28,0.1,0,53,100.87,4.7435,0.1833,0,0.95,0,0.16,0,0,0,0,0,0,0,0,0,0.1,15.0327,6.1413,13.1097,14.1758,1410
"p330","ssp126","INM-CM5-0","2075",0.13,0.15,0.15,45,92.56,4.4603,0.1167,0,0.25,0,0.14,0,0,0,0,0,0,0,0,0,0.05,15.7377,8.5867,14.0957,14.6145,1411
"p330","ssp126","INM-CM5-0","2075",0.24,0,0,17,100.59,4.4493,0.05,0,0.7,0,0,0,0,0,0,0,0,0,0,0,0.05,11.8612,7.214,11.544,16.0529,1412
"p330","ssp126","INM-CM5-0","2075",0.24,0.3,0,47,99.09,4.5517,0.2667,0,0.2,0,0.1,0,0,0,0,0,0,0,0,0,0.15,15.2108,9.5341,14.304,13.2724,1413
"p330","ssp126","INM-CM5-0","2075",0.26,0,0,36,100.67,4.8228,0.2333,0,0.2,0,0.12,0,0,0,0,0.15,0,0,0,0.15,0.2,13.2398,9.4832,13.5313,14.3388,1414
"p330","ssp126","INM-CM5-0","2075",0.1,0,0,38,101.39,4.4989,0.1,0,0.25,0,0.05,0,0,0,0,0.15,0,0,0,0,0.3,13.8586,7.5972,13.024,17.4835,1415
"p330","ssp126","INM-CM5-0","2075",0.11,0,0,33,106.32,4.4511,0.1167,0,0.4,0,0.12,0,0,0,0,0.2,0,0,0,0.15,0.75,13.505,7.2571,14.5562,15.4744,1416
"p330","ssp126","INM-CM5-0","2075",0.13,0,0,38,96.25,4.374,0.15,0,0.2,0,0.11,0,0,0,0,0,0,0,0,0,0.3,13.5915,8.7382,14.7925,14.4547,1417
"p330","ssp126","INM-CM5-0","2075",0.18,0,0,38,88.1,4.2741,0.0333,0,1,0.05,0,0,0,0,0,0,0,0,0,0,0.1,12.7212,4.6019,8.7518,13.2194,1418
"p330","ssp126","INM-CM5-0","2075",0.32,0.4,0,37,98.74,4.2554,0.1,0,0.95,0.05,0.07,0,0,0,0,0,0,0,0,0,0.05,13.8459,5.7601,9.9708,14.0009,1419
"p330","ssp126","INM-CM5-0","2075",0.17,0,0,44,97.29,4.8255,0.05,0,1,0,0,0,0,0,0,0,0,0,0,0,0.55,15.0983,5.8974,12.3857,16.8155,1420
"p330","ssp126","INM-CM5-0","2075",0.2,0,0,46,96.4,4.0985,0.1333,0,0.4,0,0.07,0,0,0,0,0.1,0,0,0,0,0.6,14.9635,6.8918,12.677,15.8369,1421
"p330","ssp126","INM-CM5-0","2075",0.16,0,0,28,90.91,4.3464,0.1333,0,0.1,0,0.06,0,0,0,0,0,0,0,0,0,0.1,12.2004,8.6572,15.3852,17.0639,1422
"p330","ssp126","INM-CM5-0","2075",0.15,0.1,0,28,105.84,4.3558,0.1667,0,0.4,0.05,0.06,0,0,0,0,0,0,0,0,0,0.05,13.3827,8.7102,9.5085,12.4236,1423
"p330","ssp126","INM-CM5-0","2075",0.42,0,0,33,96.08,3.9917,0.05,0,0.75,0,0,0,0,0,0,0,0,0,0,0.15,0.1,13.3785,6.2824,11.8712,16.4533,1424
"p330","ssp126","INM-CM5-0","2075",0.16,0,0,32,103.41,4.6027,0.0833,0,0.55,0.05,0,0,0,0,0,0,0,0,0,0,0,14.0242,6.8295,10.0058,13.5235,1425
"p330","ssp126","INM-CM5-0","2075",0.2,0.3,0,41,104.9,4.4028,0.1167,0,0.35,0,0.06,0,0,0,0,0,0,0,0,0.15,0.15,15.6421,6.5644,13.808,14.6668,1426
"p330","ssp126","INM-CM5-0","2075",0.32,0,0,36,88.82,4.5039,0.0833,0,0.9,0,0.11,0,0,0,0,0,0,0,0,0.15,0.4,12.6457,6.0187,14.4492,16.5924,1427
"p330","ssp126","INM-CM5-0","2075",0,0,0,33,106.49,4.4454,0.15,0,0.15,0,0.05,0,0,0,0,0.15,0,0,0,0,0.1,12.9515,8.8659,10.2715,14.5358,1428
"p330","ssp126","INM-CM5-0","2075",0.22,0,0,31,101.95,4.6189,0.1,0,0.6,0,0,0,0,0,0,0,0,0,0,0,0.05,14.3248,6.7281,11.61,12.9287,1429
"p330","ssp126","INM-CM5-0","2075",0.32,0,0,25,105.24,4.4168,0.0667,0,1,0,0.12,0,0,0,0,0,0,0,0,0,0.25,12.8153,3.3674,12.8558,15.4533,1430
"p330","ssp126","INM-CM5-0","2075",0.15,0,0.1,37,107.13,4.5113,0.0833,0,0.75,0,0.05,0,0,0,0,0,0,0,0,0.15,0,13.7993,4.748,13.3482,11.5852,1431
"p330","ssp126","INM-CM5-0","2075",0.41,0,0,52,91.75,4.5906,0.0667,0,0.3,0,0.12,0,0,0,0,0,0,0,0,0,0.2,14.9719,7.0062,8.576,13.6232,1432
"p330","ssp126","INM-CM5-0","2075",0.32,0,0,39,104.83,4.7056,0.1667,0,0.6,0,0,0,0,0,0,0.15,0,0,0,0,0.15,14.0912,7.8252,15.353,14.6853,1433
"p330","ssp126","INM-CM5-0","2075",0.22,0,0,34,87.88,4.4953,0.15,0,0.5,0,0.12,0,0,0,0,0,0,0,0.05,0.15,0.35,13.3451,9.1724,13.1753,15.6911,1434
"p330","ssp126","INM-CM5-0","2075",0.42,0,0,36,93.4,4.6617,0.1167,0,0.55,0.05,0.06,0,0,0,0,0,0,0,0,0.15,0.5,14.0666,7.0102,9.5755,14.6691,1435
"p330","ssp126","INM-CM5-0","2075",0.32,0.4,0,42,106.62,4.6974,0.1167,0,0.6,0,0.12,0,0,0,0,0,0,0,0,0,0,14.5751,6.8745,11.9412,10.3444,1436
"p330","ssp126","INM-CM5-0","2075",0.25,0,0,33,88.78,4.3126,0.2167,0,0.55,0,0.07,0,0,0,0,0.3,0,0,0.05,0,0.2,13.4946,7.8717,13.97,14.5163,1437
"p330","ssp126","INM-CM5-0","2075",0.15,0,0,30,96.88,3.8279,0.0167,0,1,0,0.06,0,0,0,0,0,0,0,0,0,0.25,13.064,4.5505,12.432,16.2212,1438
"p330","ssp126","INM-CM5-0","2075",0.27,0.1,0,34,94.07,4.234,0.0167,0,1,0.05,0.05,0,0,0,0,0,0,0,0,0,0.3,13.9534,2.2578,15.1815,16.3518,1439
"p330","ssp126","INM-CM5-0","2075",0.33,0,0,31,104.95,4.6375,0.1,0,0.4,0,0.21,0,0,0,0,0,0,0,0,0,0.2,12.6437,8.0636,15.4097,15.1286,1440
"p330","ssp126","INM-CM5-0","2075",0.34,0.2,0,51,81.19,4.3602,0.1333,0,0.75,0,0.05,0,0,0,0,0,0,0,0,0,0.35,15.1843,7.0718,10.1327,15.449,1441
"p330","ssp126","INM-CM5-0","2075",0.16,0,0,28,93.42,4.5223,0.1833,0,0.6,0,0,0,0,0,0,0,0,0.05,0,0,0.3,13.7211,6.8706,12.5063,14.2191,1442
"p330","ssp126","INM-CM5-0","2075",0.16,0.15,0,29,103.69,4.2317,0.1167,0,0.85,0,0,0,0,0,0,0,0,0,0,0,0.05,13.1757,6.1255,10.1498,14.3432,1443
"p330","ssp126","INM-CM5-0","2075",0.29,0.35,0,47,100.03,4.6281,0.1333,0,0.25,0.05,0.07,0,0,0,0,0,0,0,0,0,0,15.5827,7.5733,11.0042,12.3718,1444
"p330","ssp126","INM-CM5-0","2075",0.15,0.25,0,28,106.52,4.3823,0.05,0,1,0,0.06,0,0,0,0,0.2,0.05,0,0,0.15,0.1,12.0349,3.5939,12.1085,12.3051,1445
"p330","ssp126","INM-CM5-0","2075",0.23,0.1,0,40,101.09,4.7017,0.1333,0,0.1,0,0.05,0,0,0,0,0,0,0,0,0,0.05,13.8406,7.8182,9.337,13.5135,1446
"p330","ssp126","INM-CM5-0","2075",0.35,0,0,43,91.21,4.6679,0.3,0,0.35,0,0.07,0,0,0,0,0.1,0,0,0,0,0.05,14.1554,9.2331,11.9317,13.8915,1447
"p330","ssp126","INM-CM5-0","2075",0.19,0.15,0,39,104.75,4.7368,0.1,0,0,0,0.05,0,0,0,0,0,0,0,0.05,0,0.3,13.7368,7.8656,11.039,15.4862,1448
"p330","ssp126","INM-CM5-0","2075",0.2,0,0,25,110.17,4.606,0.1167,0,0.2,0,0.17,0,0,0,0,0.1,0,0,0,0,0.05,13.9795,8.1655,12.8097,14.0172,1449
"p330","ssp126","INM-CM5-0","2075",0.11,0,0,31,93.67,4.416,0.1167,0,1,0.05,0.17,0,0,0,0,0,0,0,0,0,0.55,13.6607,1.9527,11.3418,17.2718,1450
"p330","ssp126","INM-CM5-0","2075",0.44,0,0,26,97.82,4.2192,0.0167,0,1,0,0.1,0.05,0,0,0,0,0,0,0,0,0.15,13.131,4.0462,13.7895,15.5894,1451
"p330","ssp126","INM-CM5-0","2075",0.12,0,0,27,94.61,4.284,0.0167,0,1,0,0.05,0,0,0,0,0,0,0,0,0,0.05,12.5638,4.8759,12.0925,12.3708,1452
"p330","ssp126","INM-CM5-0","2075",0.11,0,0,39,101.04,3.8768,0.15,0,1,0,0.17,0,0,0,0,0.25,0,0,0,0.15,0.1,14.2241,4.6053,14.798,15.1544,1453
"p330","ssp126","INM-CM5-0","2075",0.29,0.15,0,28,100.38,4.0893,0.0167,0,1,0,0.06,0,0,0,0,0,0,0,0,0,0.15,12.7872,2.8943,10.4405,15.6836,1454
"p330","ssp126","INM-CM5-0","2075",0.44,0.1,0,34,98.89,4.4381,0.0833,0,0.8,0,0.1,0,0,0,0,0,0,0,0,0.15,0.25,14.4861,8.5075,13.3602,13.9986,1455
"p330","ssp126","INM-CM5-0","2075",0.18,0,0,41,94.64,4.5295,0.15,0,0.4,0,0.07,0,0,0,0,0,0,0,0.05,0,0.15,14.5802,7.0834,11.6015,16.4906,1456
"p330","ssp126","INM-CM5-0","2075",0.12,0,0,36,98.63,4.4895,0.2,0,0,0,0.06,0,0,0,0,0,0,0,0,0,0.3,13.6972,10.3292,9.2472,14.4478,1457
"p330","ssp126","INM-CM5-0","2075",0.38,0,0,21,109.91,4.6793,0.0833,0,0.5,0,0.07,0,0,0,0,0,0,0,0,0.15,0.35,11.8811,7.3341,16.7863,14.6348,1458
"p330","ssp126","INM-CM5-0","2075",0.12,0.15,0,33,99.72,4.3297,0.0667,0,0.4,0,0.08,0,0,0,0,0,0,0,0,0,0.3,14.1387,5.9591,11.7647,15.6448,1459
"p330","ssp126","INM-CM5-0","2075",0.38,0.35,0,48,103.67,4.3331,0.0833,0,1,0,0.1,0,0,0,0,0,0,0,0,0.15,0.25,14.1415,4.8539,11.8983,15.9276,1460
"p330","ssp126","INM-CM5-0","2075",0.37,0.25,0,36,90.49,4.8762,0.0833,0,0.6,0.1,0.15,0,0,0,0,0,0,0,0,0,0.05,14.8984,6.6898,11.416,13.6491,1461
"p330","ssp126","INM-CM5-0","2075",0.28,0.2,0,28,103.57,4.746,0.2333,0,0.05,0.2,0.09,0,0,0,0,0,0,0,0,0,0,12.8713,9.2175,11.992,11.3118,1462
"p330","ssp126","INM-CM5-0","2075",0.33,0,0,15,97.2,4.6154,0.05,0,0.75,0,0.1,0,0,0,0,0.1,0,0,0,0.15,0.3,10.2108,5.951,13.5225,15.4142,1463
"p330","ssp126","INM-CM5-0","2075",0.34,0,0,19,102.82,4.6843,0.1167,0,0.1,0,0.06,0,0,0,0,0,0,0,0,0,0.2,11.3744,8.4558,11.7338,15.7123,1464
"p330","ssp126","INM-CM5-0","2075",0.15,0,0,37,111.46,4.1786,0.1167,0,0.3,0,0,0,0,0,0,0,0,0.1,0,0,0.2,13.3498,7.1871,10.7135,19.2756,1465
"p330","ssp126","INM-CM5-0","2075",0.16,0,0.15,30,107.02,4.6546,0.0833,0,0.7,0,0,0,0,0,0,0.1,0,0,0,0,0.15,13.1623,6.292,14.7685,17.0698,1466
"p330","ssp126","INM-CM5-0","2075",0.35,0.15,0,33,92.75,4.2084,0.05,0,0.35,0,0.13,0,0,0,0,0,0,0,0.05,0.15,0.25,13.557,7.0252,11.8972,15.7315,1467
"p330","ssp126","INM-CM5-0","2075",0.14,0.15,0.1,32,101.8,4.517,0.0833,0,0.95,0,0.12,0,0,0,0,0,0,0,0.05,0,0.15,14.5077,6.1277,9.7062,16.2461,1468
"p330","ssp126","INM-CM5-0","2075",0.27,0.1,0,38,102.13,4.2693,0.1167,0,0.25,0.1,0.07,0.05,0,0,0,0,0,0,0.05,0,0.35,13.6046,8.3992,12.0197,17.1054,1469
"p330","ssp126","INM-CM5-0","2075",0.51,0.15,0,55,100.66,4.4619,0.2333,0,0.9,0,0.14,0,0,0,0,0,0,0,0,0,0.1,15.4413,7.3643,12.5478,14.7594,1470
"p330","ssp126","INM-CM5-0","2075",0.22,0,0.1,24,89.97,4.3373,0.15,0,1,0.05,0.12,0,0,0,0,0,0,0,0,0.15,0.25,13.2087,5.7368,11.2172,13.8485,1471
"p330","ssp126","INM-CM5-0","2075",0.23,0,0,41,110.45,4.1503,0.1167,0,0.25,0,0,0,0,0,0,0,0,0,0,0,0.4,13.7836,7.8627,10.0925,16.0364,1472
"p330","ssp126","INM-CM5-0","2075",0.18,0,0.15,37,105.64,4.5413,0.0167,0,0.95,0,0.13,0,0,0,0,0,0,0,0,0,0.4,14.6309,4.9283,14.0323,17.2404,1473
"p330","ssp126","INM-CM5-0","2075",0.33,0.3,0,41,103.73,4.4125,0.1667,0,0.25,0,0.12,0,0,0,0,0,0,0,0,0.15,0.1,15.1952,8.8176,13.0243,16.682,1474
"p330","ssp126","INM-CM5-0","2075",0.29,0.15,0,33,96.87,4.3561,0.1833,0,0.2,0,0.12,0,0,0,0,0.15,0,0,0,0,0.15,13.8526,8.2928,13.0985,13.2186,1475
"p330","ssp126","INM-CM5-0","2075",0.12,0,0,20,108.17,4.8899,0.1333,0,0.25,0,0.05,0,0,0,0,0,0,0,0,0,0.05,13.2366,7.2998,13.432,14.0098,1476
"p330","ssp126","INM-CM5-0","2075",0.2,0,0,41,92.63,4.4062,0.1833,0,0.4,0,0.06,0,0,0,0,0,0,0,0,0,0.1,14.5232,7.2199,12.2683,13.9368,1477
"p330","ssp126","INM-CM5-0","2075",0.43,0,0,39,94.25,4.3575,0.05,0,0.45,0,0.1,0,0,0,0,0.1,0,0,0,0,0.35,14.355,6.8858,12.3477,15.5894,1478
"p330","ssp126","INM-CM5-0","2075",0.38,0,0,32,88.87,4.1715,0.1,0,0.45,0.05,0,0,0,0,0,0.15,0,0,0,0,0.35,12.1888,7.0615,11.6565,16.3227,1479
"p330","ssp126","INM-CM5-0","2075",0.24,0,0,37,82.4,4.4955,0.3167,0,0.1,0,0.17,0,0,0,0,0,0,0,0,0.15,0.35,14.3088,9.9044,11.6707,14.2083,1480
"p330","ssp126","INM-CM5-0","2075",0.22,0.1,0,48,105.13,4.176,0.1333,0,0.1,0,0.05,0,0,0,0,0,0,0,0,0,0.4,15.0617,9.8065,12.3245,13.7419,1481
"p330","ssp126","INM-CM5-0","2075",0.22,0.15,0,40,92.77,4.492,0.0667,0,1,0,0.05,0,0,0,0,0,0,0,0,0,0.25,15.435,4.6522,10.7407,16.7432,1482
"p330","ssp126","INM-CM5-0","2075",0.31,0,0,28,109.35,4.5897,0.0833,0,0.65,0.05,0.1,0,0,0,0,0,0,0.05,0.05,0.15,0.1,13.4317,6.0821,11.1388,15.3041,1483
"p330","ssp126","INM-CM5-0","2075",0.29,0.2,0,21,94.75,4.7709,0.1667,0,0.5,0.05,0.05,0,0,0,0,0,0,0,0,0.15,0.3,11.9904,7.4249,9.5395,17.0412,1484
"p330","ssp126","INM-CM5-0","2075",0.22,0.55,0,39,102.83,4.4885,0.0833,0,0.65,0,0.06,0,0,0.15,0,0,0,0,0,0,0.1,14.6336,5.7959,13.7593,14.6312,1485
"p330","ssp126","INM-CM5-0","2075",0.22,0.15,0,36,93.58,4.3248,0.1167,0,0.8,0,0.14,0,0,0,0,0,0,0,0.05,0,0.1,14.4701,6.0897,12.6388,15.158,1486
"p330","ssp126","INM-CM5-0","2075",0.31,0,0,37,101.86,4.6814,0.1167,0,0.7,0,0.09,0,0,0,0,0,0,0,0,0.15,0.55,13.6631,6.167,13.0285,15.808,1487
"p330","ssp126","INM-CM5-0","2075",0.32,0.25,0,43,105.42,4.4575,0.1833,0,0.2,0,0.1,0,0,0,0,0,0,0,0,0,0.15,15.1136,8.0921,12.5422,15.1518,1488
"p330","ssp126","INM-CM5-0","2075",0.28,0,0,27,103.68,4.8831,0.1833,0,0.35,0,0.11,0,0,0,0,0,0,0,0,0,0,13.3444,7.4705,11.4523,13.9354,1489
"p330","ssp126","INM-CM5-0","2075",0.13,0,0,24,96.91,4.3931,0.0333,0,1,0,0.06,0,0,0,0,0,0,0,0,0,0,12.0974,4.071,11.7355,13.6694,1490
"p330","ssp126","INM-CM5-0","2075",0.21,0,0,37,102.95,4.4982,0.0667,0,0.9,0,0.06,0,0,0,0,0,0,0,0,0,0.15,14.2286,6.2928,12.6468,12.2214,1491
"p330","ssp126","INM-CM5-0","2075",0.18,0,0,19,92.23,4.3624,0.0833,0,0.75,0,0.16,0,0,0,0,0,0,0,0,0,0.25,11.9896,6.3961,11.7653,15.4571,1492
"p330","ssp126","INM-CM5-0","2075",0.06,0.15,0,30,95.98,4.9162,0.4333,0,0.35,0,0.1,0,0,0,0,0,0,0,0,0.15,0,12.3401,9.5139,10.791,13.5621,1493
"p330","ssp126","INM-CM5-0","2075",0.27,0,0,43,99.48,4.3197,0.0833,0,0.1,0,0.09,0,0,0,0,0,0,0,0,0,0.05,14.6312,6.9988,10.821,13.162,1494
"p330","ssp126","INM-CM5-0","2075",0,0.1,0,32,100.62,4.5369,0.1833,0,0.7,0,0.13,0,0,0,0,0,0,0,0,0.6,0.05,13.8781,8.4492,13.6993,15.4267,1495
"p330","ssp126","INM-CM5-0","2075",0.32,0.15,0,48,107.79,4.4351,0.0667,0,1,0,0.11,0,0,0,0,0,0,0,0,0,0.2,15.4296,4.7685,14.603,16.1729,1496
"p330","ssp126","INM-CM5-0","2075",0.13,0,0,42,104.43,4.4334,0.1333,0,0.95,0,0.08,0,0,0,0,0.1,0,0,0,0,0.1,14.4868,5.58,15.2075,13.7462,1497
"p330","ssp126","INM-CM5-0","2075",0.19,0,0,36,106.54,4.4729,0.2333,0,0.15,0,0.15,0,0,0,0,0,0,0,0,0,0,13.1316,8.402,12.8907,11.8142,1498
"p330","ssp126","INM-CM5-0","2075",0.27,0,0,39,87.75,4.2197,0.0833,0,0.65,0.05,0,0,0,0,0,0,0,0,0,0,0.05,14.9303,7.694,9.3897,15.3552,1499
"p330","ssp126","INM-CM5-0","2075",0.3,0.15,0,54,100.3,4.4705,0.05,0,0.55,0,0.1,0,0,0,0,0,0,0,0,0,0.15,15.6969,6.6234,11.6368,12.1176,1500
"p330","ssp126","IPSL-CM6A-LR","2075",0.16,0,0,50,104.23,4.6951,0.1167,0,0.65,0,0,0,0,0,0,0,0,0,0,0,0.25,15.5006,6.8756,11.205,14.9413,1501
"p330","ssp126","IPSL-CM6A-LR","2075",0.05,0.35,0,50,105.57,4.9487,0.05,0,0.1,0,0.14,0,0,0,0,0,0,0,0,0,0.2,15.3429,7.9209,12.887,16.238,1502
"p330","ssp126","IPSL-CM6A-LR","2075",0.15,0,0,43,109.36,4.7556,0.1167,0,0.7,0,0.26,0,0,0,0,0,0,0,0,0.15,0.25,14.9573,6.9343,15.6768,15.9592,1503
"p330","ssp126","IPSL-CM6A-LR","2075",0.31,0,0,45,106.26,4.7403,0.2,0,0.1,0,0.08,0,0,0,0,0.2,0,0,0,0,0.2,13.8968,8.7651,10.9072,15.3438,1504
"p330","ssp126","IPSL-CM6A-LR","2075",0.21,0,0,60,106.44,4.8589,0.1167,0,0.3,0.05,0.09,0,0,0,0,0,0,0,0,0,0.15,15.5293,7.5759,14.3097,14.8437,1505
"p330","ssp126","IPSL-CM6A-LR","2075",0.28,0.1,0.1,47,113.25,4.9244,0.0833,0,0.6,0.1,0,0,0,0,0,0,0,0,0,0,0.3,14.4638,7.273,9.0863,14.7605,1506
"p330","ssp126","IPSL-CM6A-LR","2075",0.27,0.1,0,44,100.95,4.7693,0.05,0,0.65,0,0.12,0,0,0,0,0,0,0,0,0,0.05,15.3581,6.7131,10.8972,12.9942,1507
"p330","ssp126","IPSL-CM6A-LR","2075",0.34,0.5,0,35,107.46,4.9294,0.1,0,0.4,0,0.06,0,0,0,0,0,0,0.05,0.05,0,0.5,14.096,7.6328,12.0488,19.2695,1508
"p330","ssp126","IPSL-CM6A-LR","2075",0.41,0,0,65,96.9,4.221,0.05,0,0.85,0,0.1,0,0,0,0,0,0,0,0,0,0.05,16.6409,5.2179,14.3005,15.125,1509
"p330","ssp126","IPSL-CM6A-LR","2075",0.3,0.35,0,55,101.99,5.0101,0.1833,0,0.95,0,0.16,0,0,0,0,0,0,0,0,0,0.1,16.0179,6.2088,13.9245,15.207,1510
"p330","ssp126","IPSL-CM6A-LR","2075",0.13,0.15,0.15,65,98.87,4.7745,0.1,0,0.3,0,0.14,0,0,0,0,0,0,0,0,0,0.05,16.7213,8.6502,14.905,15.648,1511
"p330","ssp126","IPSL-CM6A-LR","2075",0.24,0,0,23,102.79,4.735,0.05,0,0.65,0,0,0,0,0,0,0,0,0,0,0,0.15,12.8432,7.2742,12.3427,17.0888,1512
"p330","ssp126","IPSL-CM6A-LR","2075",0.24,0.3,0,54,102.91,4.8789,0.2667,0,0.2,0,0.1,0,0,0,0,0.1,0,0,0,0,0.15,16.1969,9.6047,15.1265,14.2904,1513
"p330","ssp126","IPSL-CM6A-LR","2075",0.26,0,0,47,102.76,5.1351,0.2333,0,0.2,0,0.12,0,0,0,0,0.15,0,0,0,0.15,0.15,14.224,9.551,14.347,15.37,1514
"p330","ssp126","IPSL-CM6A-LR","2075",0.1,0.15,0,47,106.41,4.7969,0.1,0,0.25,0,0.05,0,0,0,0,0.3,0,0.05,0,0,0.3,14.8415,7.662,13.834,18.5165,1515
"p330","ssp126","IPSL-CM6A-LR","2075",0.17,0,0,42,107.66,4.7314,0.0833,0,0.25,0,0.12,0,0,0,0,0.25,0,0,0,0.15,0.7,14.4879,7.3172,15.3563,16.5098,1516
"p330","ssp126","IPSL-CM6A-LR","2075",0.13,0,0,46,103.84,4.6813,0.1333,0,0.2,0,0.11,0,0,0,0,0,0,0,0,0,0.35,14.578,8.81,15.6162,15.4724,1517
"p330","ssp126","IPSL-CM6A-LR","2075",0.18,0.1,0,43,93.92,4.5574,0.0167,0,1,0,0,0,0,0,0,0,0,0,0,0,0.1,13.7062,4.6706,9.569,14.2492,1518
"p330","ssp126","IPSL-CM6A-LR","2075",0.33,0.4,0,45,103.17,4.4896,0.0667,0,0.95,0.05,0.07,0,0,0,0,0,0,0,0,0,0.1,14.8294,5.8251,10.783,15.0332,1519
"p330","ssp126","IPSL-CM6A-LR","2075",0.17,0.25,0,55,102.93,5.1843,0.0333,0,1,0,0,0,0,0,0,0,0,0,0,0,0.6,16.0811,5.9591,13.187,17.8498,1520
"p330","ssp126","IPSL-CM6A-LR","2075",0.2,0.15,0,53,98.03,4.365,0.1,0,0.35,0,0.07,0,0,0,0,0.1,0,0,0,0,0.8,15.9503,6.9633,13.5012,16.8525,1521
"p330","ssp126","IPSL-CM6A-LR","2075",0.16,0,0,31,96.22,4.6258,0.1167,0,0.1,0,0.06,0,0,0,0,0,0,0,0,0,0.3,13.1851,8.7268,16.2025,18.093,1522
"p330","ssp126","IPSL-CM6A-LR","2075",0.16,0.35,0,40,111.74,4.634,0.15,0,0.45,0.05,0.06,0,0,0,0,0,0,0,0,0,0.1,14.3673,8.7757,10.3207,13.4552,1523
"p330","ssp126","IPSL-CM6A-LR","2075",0.49,0,0,46,102.04,4.2528,0.0333,0,0.8,0,0,0,0,0,0,0,0,0,0,0.15,0.2,14.3612,6.3436,12.674,17.4873,1524
"p330","ssp126","IPSL-CM6A-LR","2075",0.16,0,0,36,107.85,4.8748,0.0833,0,0.55,0.05,0,0,0,0,0,0,0,0,0,0,0.15,15.0109,6.9021,10.8313,14.5397,1525
"p330","ssp126","IPSL-CM6A-LR","2075",0.25,0.3,0,50,107.17,4.6591,0.1,0,0.3,0,0.06,0,0,0,0,0,0,0,0,0.15,0.25,16.6279,6.6342,14.6277,15.6948,1526
"p330","ssp126","IPSL-CM6A-LR","2075",0.32,0,0,39,92.98,4.826,0.0833,0,0.75,0,0.15,0,0,0,0,0,0,0.05,0,0.15,0.5,13.6301,6.0852,15.2618,17.6239,1527
"p330","ssp126","IPSL-CM6A-LR","2075",0,0,0,41,108.04,4.743,0.0833,0,0,0,0.05,0,0,0,0,0.15,0,0,0,0,0.15,13.9346,8.9282,11.0747,15.5697,1528
"p330","ssp126","IPSL-CM6A-LR","2075",0.22,0.15,0,40,104.5,4.8716,0.1,0,0.65,0,0,0,0,0,0,0,0,0,0,0,0.1,15.3117,6.8019,12.4365,13.9444,1529
"p330","ssp126","IPSL-CM6A-LR","2075",0.32,0,0,35,106.93,4.7613,0.05,0,1,0,0.12,0,0,0,0,0,0,0,0,0,0.3,13.8008,3.4377,13.6767,16.4809,1530
"p330","ssp126","IPSL-CM6A-LR","2075",0.15,0,0.1,46,110.06,4.7976,0.0833,0,0.75,0,0.05,0,0,0,0,0,0,0,0,0.15,0.1,14.7835,4.8152,14.1628,12.6168,1531
"p330","ssp126","IPSL-CM6A-LR","2075",0.41,0,0,58,97.56,4.8894,0.0667,0,0.15,0,0.12,0,0,0,0,0,0,0,0,0,0.2,15.955,7.0693,9.3812,14.6556,1532
"p330","ssp126","IPSL-CM6A-LR","2075",0.32,0,0,52,105.44,4.9933,0.15,0,0.6,0,0,0,0,0,0,0.15,0,0,0,0,0.3,15.0781,7.8994,16.1805,15.6994,1533
"p330","ssp126","IPSL-CM6A-LR","2075",0.22,0,0,42,94.08,4.7859,0.1333,0,0.45,0,0.12,0,0,0,0,0,0,0,0.05,0.15,0.4,14.3312,9.2432,13.9967,16.7176,1534
"p330","ssp126","IPSL-CM6A-LR","2075",0.43,0,0,49,100.86,4.9572,0.1167,0,0.45,0.05,0.06,0,0,0,0,0,0,0,0,0.15,0.55,15.0521,7.0776,10.3915,15.7,1535
"p330","ssp126","IPSL-CM6A-LR","2075",0.37,0.55,0,50,111.43,5.0273,0.1167,0,0.5,0,0.12,0,0,0,0,0,0,0,0,0,0,15.5589,6.9381,12.7473,11.3764,1536
"p330","ssp126","IPSL-CM6A-LR","2075",0.25,0.25,0,41,93.81,4.6025,0.1833,0,0.5,0,0.07,0,0,0,0,0.3,0,0,0.05,0,0.3,14.4824,7.9464,14.7988,15.5312,1537
"p330","ssp126","IPSL-CM6A-LR","2075",0.2,0.15,0,35,100.86,4.0676,0.0167,0,0.9,0,0.06,0,0,0,0,0.1,0,0,0,0,0.35,14.0502,4.6221,13.2553,17.2477,1538
"p330","ssp126","IPSL-CM6A-LR","2075",0.27,0.1,0,46,95.12,4.4869,0.0167,0,1,0,0.05,0,0,0,0,0,0,0,0,0,0.45,14.9391,2.3264,15.999,17.3815,1539
"p330","ssp126","IPSL-CM6A-LR","2075",0.33,0,0,44,106.95,4.9149,0.0667,0,0.4,0,0.21,0,0,0,0,0,0,0,0,0,0.25,13.6276,8.1282,16.2167,16.16,1540
"p330","ssp126","IPSL-CM6A-LR","2075",0.39,0.2,0,60,85.81,4.667,0.1333,0,0.65,0,0.05,0,0,0,0,0,0,0,0,0,0.3,16.1721,7.1473,10.9622,16.4621,1541
"p330","ssp126","IPSL-CM6A-LR","2075",0.16,0,0,34,95.8,4.7952,0.1667,0,0.55,0,0,0,0,0,0,0,0,0.05,0,0,0.15,14.7076,6.943,13.3305,15.2456,1542
"p330","ssp126","IPSL-CM6A-LR","2075",0.16,0.15,0,35,104.55,4.4999,0.1167,0,0.85,0,0,0,0,0,0,0,0,0,0,0,0.2,14.1614,6.1946,10.9688,15.3721,1543
"p330","ssp126","IPSL-CM6A-LR","2075",0.29,0.35,0,61,102.7,4.9415,0.1,0,0.3,0,0.07,0,0,0,0,0.35,0,0,0,0,0.05,16.5674,7.6381,11.8128,13.4024,1544
"p330","ssp126","IPSL-CM6A-LR","2075",0.15,0.5,0,35,108.91,4.6656,0.0167,0,1,0,0.06,0,0,0,0,0.2,0,0,0,0.15,0.2,13.0226,3.6699,12.939,13.3185,1545
"p330","ssp126","IPSL-CM6A-LR","2075",0.23,0.1,0,46,103.23,5.0004,0.1333,0,0.1,0,0.05,0,0,0,0,0,0,0,0,0,0.2,14.8273,7.8914,10.1622,14.5397,1546
"p330","ssp126","IPSL-CM6A-LR","2075",0.4,0.1,0,55,95.41,4.9413,0.2333,0,0.4,0,0.07,0,0,0,0,0.1,0,0,0,0,0.1,15.1409,9.303,12.751,14.9203,1547
"p330","ssp126","IPSL-CM6A-LR","2075",0.19,0.15,0,45,109.86,5.0635,0.0833,0,0,0,0.05,0,0,0,0,0,0,0,0.05,0,0.55,14.7206,7.9308,11.8488,16.5164,1548
"p330","ssp126","IPSL-CM6A-LR","2075",0.2,0,0,39,110.44,4.9195,0.1,0,0.2,0,0.17,0,0,0,0,0.1,0,0,0,0,0.1,14.9678,8.2418,13.6423,15.0297,1549
"p330","ssp126","IPSL-CM6A-LR","2075",0.11,0,0,37,98.03,4.7058,0.1,0,1,0,0.17,0,0,0,0,0,0,0,0.05,0,0.5,14.6476,2.0267,12.1682,18.2962,1550
"p330","ssp126","IPSL-CM6A-LR","2075",0.44,0,0,40,101.45,4.5205,0,0,0.95,0,0.1,0.05,0,0,0,0,0,0.05,0,0,0.35,14.1167,4.1163,14.6102,16.6171,1551
"p330","ssp126","IPSL-CM6A-LR","2075",0.12,0,0,34,98.31,4.5539,0.0167,0,0.95,0,0.05,0,0,0,0,0.15,0,0,0,0,0.05,13.548,4.9429,12.9035,13.4006,1552
"p330","ssp126","IPSL-CM6A-LR","2075",0.11,0,0,51,103.79,4.1419,0.1333,0,1,0,0.17,0,0,0,0,0.25,0,0,0,0.15,0.15,15.2119,4.6827,15.6308,16.1659,1553
"p330","ssp126","IPSL-CM6A-LR","2075",0.29,0.15,0,33,103.6,4.3953,0.0167,0,1,0,0.06,0,0,0,0,0,0,0,0,0,0.2,13.7742,2.9688,11.2678,16.708,1554
"p330","ssp126","IPSL-CM6A-LR","2075",0.46,0.2,0,47,103.15,4.7104,0.05,0,0.7,0,0.1,0,0,0,0,0,0,0,0,0.15,0.4,15.472,8.5787,14.183,15.0264,1555
"p330","ssp126","IPSL-CM6A-LR","2075",0.23,0,0,53,99.32,4.8291,0.1333,0,0.4,0,0.07,0,0,0,0,0,0,0.15,0.05,0,0.15,15.5654,7.1507,12.4142,17.5197,1556
"p330","ssp126","IPSL-CM6A-LR","2075",0.12,0,0,40,101.24,4.7656,0.1667,0,0,0,0.06,0,0,0,0,0,0,0,0,0,0.4,14.6857,10.4071,10.082,15.4579,1557
"p330","ssp126","IPSL-CM6A-LR","2075",0.38,0,0,27,112.06,4.9943,0.0833,0,0.55,0,0.07,0,0,0.1,0,0,0,0,0.05,0.15,0.35,12.869,7.4094,17.6152,15.658,1558
"p330","ssp126","IPSL-CM6A-LR","2075",0.12,0.25,0,41,103.33,4.6374,0.0667,0,0.4,0,0.08,0,0,0,0,0,0,0,0,0,0.4,15.125,6.0305,12.588,16.6712,1559
"p330","ssp126","IPSL-CM6A-LR","2075",0.38,0.35,0,52,106.91,4.6393,0.0833,0,1,0,0.1,0,0,0,0,0,0,0,0,0.15,0.55,15.1266,4.9218,12.7113,16.9553,1560
"p330","ssp126","IPSL-CM6A-LR","2075",0.37,0.25,0,47,92.54,5.1715,0.0833,0,0.5,0.05,0.15,0,0,0,0,0,0,0,0,0,0.15,15.8871,6.7684,12.2502,14.6593,1561
"p330","ssp126","IPSL-CM6A-LR","2075",0.29,0.2,0,37,107.54,5.053,0.2333,0,0.05,0.15,0.09,0,0,0,0,0,0,0,0,0,0,13.8592,9.2922,12.8225,12.3341,1562
"p330","ssp126","IPSL-CM6A-LR","2075",0.33,0,0,19,99.25,4.9221,0.05,0,0.8,0,0.1,0,0,0,0,0.1,0,0,0,0.15,0.3,11.198,6.0229,14.3463,16.4408,1563
"p330","ssp126","IPSL-CM6A-LR","2075",0.36,0,0,24,104.34,4.9548,0.1167,0,0.1,0,0.06,0,0,0,0,0.1,0,0,0,0,0.25,12.3597,8.5242,12.5487,16.7406,1564
"p330","ssp126","IPSL-CM6A-LR","2075",0.15,0,0,42,112.7,4.4795,0.1,0,0.25,0,0,0,0,0,0,0,0,0.15,0,0,0.3,14.339,7.2662,11.5498,20.2854,1565
"p330","ssp126","IPSL-CM6A-LR","2075",0.16,0,0.15,38,109.23,4.9703,0.0833,0,0.65,0,0,0,0,0,0,0.1,0,0,0,0,0.15,14.1505,6.3686,15.6,18.0923,1566
"p330","ssp126","IPSL-CM6A-LR","2075",0.38,0.15,0,43,101.79,4.4646,0.05,0,0.25,0,0.13,0,0,0,0,0,0,0,0.05,0.15,0.15,14.5436,7.0982,12.7227,16.7571,1567
"p330","ssp126","IPSL-CM6A-LR","2075",0.14,0.15,0.2,42,103.62,4.8373,0.0833,0,0.9,0,0.12,0,0,0,0,0,0,0,0.05,0,0.3,15.4933,6.1968,10.5215,17.2732,1568
"p330","ssp126","IPSL-CM6A-LR","2075",0.31,0.1,0,45,103.04,4.5582,0.0833,0,0.25,0,0.07,0.05,0,0,0,0,0,0,0,0,0.35,14.5932,8.4787,12.8568,18.1146,1569
"p330","ssp126","IPSL-CM6A-LR","2075",0.51,0.15,0,58,100.9,4.7502,0.2333,0,0.8,0,0.14,0,0,0,0,0,0,0,0,0,0.1,16.4298,7.4416,13.3798,15.7805,1570
"p330","ssp126","IPSL-CM6A-LR","2075",0.22,0,0.1,38,93.81,4.6068,0.1333,0,1,0,0.12,0,0,0,0,0,0,0,0,0.15,0.4,14.1961,5.811,12.0438,14.8729,1571
"p330","ssp126","IPSL-CM6A-LR","2075",0.23,0,0,49,111.26,4.3867,0.1,0,0.2,0,0,0,0,0,0,0,0,0,0.05,0,0.4,14.7691,7.9322,10.9088,17.0617,1572
"p330","ssp126","IPSL-CM6A-LR","2075",0.19,0,0.15,48,108.46,4.855,0.0167,0,0.95,0,0.13,0,0,0,0,0,0,0.1,0,0,0.7,15.621,5.0085,14.8708,18.2485,1573
"p330","ssp126","IPSL-CM6A-LR","2075",0.33,0.55,0,49,105.34,4.6924,0.1333,0,0.25,0,0.12,0,0,0,0,0,0,0,0,0.15,0.15,16.1835,8.8948,13.8578,17.7029,1574
"p330","ssp126","IPSL-CM6A-LR","2075",0.3,0.15,0,39,102.16,4.6238,0.15,0,0.2,0,0.12,0,0,0,0,0.15,0,0,0,0,0.1,14.8396,8.3672,13.9255,14.242,1575
"p330","ssp126","IPSL-CM6A-LR","2075",0.12,0,0,30,108.4,5.2055,0.1,0,0.3,0,0.05,0,0,0,0,0,0,0,0,0,0.15,14.223,7.3698,14.251,15.0362,1576
"p330","ssp126","IPSL-CM6A-LR","2075",0.2,0,0,50,98.61,4.7148,0.1667,0,0.4,0,0.06,0,0,0,0,0.2,0,0,0.05,0,0.15,15.5135,7.3009,13.1085,14.9449,1577
"p330","ssp126","IPSL-CM6A-LR","2075",0.43,0.1,0,49,98.64,4.6691,0.05,0,0.4,0,0.1,0,0,0,0,0.15,0,0,0.05,0,0.45,15.3434,6.9645,13.1827,16.6106,1578
"p330","ssp126","IPSL-CM6A-LR","2075",0.38,0,0,34,94.7,4.4252,0.0833,0,0.5,0,0,0,0,0,0,0.15,0,0,0,0,0.5,13.1757,7.1363,12.4852,17.3458,1579
"p330","ssp126","IPSL-CM6A-LR","2075",0.24,0,0,40,87.18,4.7662,0.2667,0,0.05,0,0.18,0,0,0,0,0,0,0,0,0.15,0.6,15.295,9.9754,12.4937,15.2355,1580
"p330","ssp126","IPSL-CM6A-LR","2075",0.26,0.1,0,55,104.45,4.4634,0.1167,0,0.1,0,0.05,0,0,0,0,0,0,0,0,0,0.4,16.0537,9.8896,13.169,14.7484,1581
"p330","ssp126","IPSL-CM6A-LR","2075",0.3,0.15,0,47,95.9,4.7919,0.0667,0,1,0,0.05,0,0,0,0,0,0,0.1,0,0,0.25,16.4258,4.7318,11.5793,17.7648,1582
"p330","ssp126","IPSL-CM6A-LR","2075",0.37,0,0,36,109.59,4.8608,0.0667,0,0.6,0.05,0.1,0,0,0,0,0.1,0,0.2,0.05,0.15,0.15,14.4208,6.1595,11.9718,16.3282,1583
"p330","ssp126","IPSL-CM6A-LR","2075",0.29,0.2,0,22,97.66,5.0487,0.1333,0,0.45,0,0.05,0,0,0,0,0,0,0,0,0.15,0.35,12.979,7.4978,10.3637,18.0668,1584
"p330","ssp126","IPSL-CM6A-LR","2075",0.24,0.7,0,46,103.91,4.768,0.0833,0,0.55,0,0.06,0,0,0.2,0,0,0,0,0,0,0.05,15.6255,5.8792,14.6048,15.6368,1585
"p330","ssp126","IPSL-CM6A-LR","2075",0.28,0.15,0,47,98.12,4.6113,0.0833,0,0.8,0,0.14,0,0,0,0,0.1,0,0.05,0.05,0,0.1,15.4605,6.1695,13.4793,16.178,1586
"p330","ssp126","IPSL-CM6A-LR","2075",0.42,0,0,42,105.99,5.014,0.1,0,0.65,0,0.09,0,0,0,0,0,0,0,0,0.15,0.6,14.6531,6.2436,13.8632,16.8315,1587
"p330","ssp126","IPSL-CM6A-LR","2075",0.35,0.4,0,49,109.22,4.7397,0.1667,0,0.2,0,0.1,0,0,0,0,0,0,0,0,0,0.2,16.1015,8.165,13.3678,16.1768,1588
"p330","ssp126","IPSL-CM6A-LR","2075",0.33,0,0,35,107.43,5.2018,0.1667,0,0.4,0,0.11,0,0,0,0,0,0,0,0,0,0.25,14.3363,7.5547,12.2995,14.9397,1589
"p330","ssp126","IPSL-CM6A-LR","2075",0.21,0,0,29,102.71,4.7093,0.0333,0,1,0,0.06,0,0,0,0,0,0,0,0,0,0.15,13.0882,4.1518,12.5775,14.6892,1590
"p330","ssp126","IPSL-CM6A-LR","2075",0.22,0,0,47,105.96,4.812,0.0667,0,0.8,0,0.06,0,0,0,0,0,0,0,0,0,0.25,15.2177,6.3705,13.4832,13.2447,1591
"p330","ssp126","IPSL-CM6A-LR","2075",0.18,0,0,25,97.85,4.6315,0.0833,0,0.75,0,0.16,0,0,0,0,0,0,0,0,0,0.45,12.9777,6.4693,12.5925,16.4812,1592
"p330","ssp126","IPSL-CM6A-LR","2075",0.06,0.15,0,34,99.91,5.1759,0.3833,0,0.35,0,0.1,0,0,0,0,0,0,0,0,0.15,0.2,13.3326,9.5978,11.6397,14.5656,1593
"p330","ssp126","IPSL-CM6A-LR","2075",0.27,0,0,49,103.05,4.6289,0.0833,0,0.1,0,0.09,0,0,0,0,0,0,0,0,0,0.1,15.6221,7.0796,11.6635,14.1812,1594
"p330","ssp126","IPSL-CM6A-LR","2075",0,0.1,0,43,105.28,4.8326,0.1833,0,0.65,0,0.13,0,0,0,0,0,0,0,0,0.6,0.2,14.8677,8.5278,14.5365,16.4489,1595
"p330","ssp126","IPSL-CM6A-LR","2075",0.32,0.15,0,58,110.36,4.7407,0.0333,0,1,0,0.11,0,0,0,0,0,0,0,0,0,0.25,16.4186,4.8426,15.4312,17.1974,1596
"p330","ssp126","IPSL-CM6A-LR","2075",0.13,0,0,51,108.24,4.7597,0.1167,0,0.85,0,0.08,0,0,0,0,0.1,0,0,0,0,0.1,15.4788,5.6646,16.0568,14.7487,1597
"p330","ssp126","IPSL-CM6A-LR","2075",0.2,0,0,41,106.92,4.7799,0.2,0,0.15,0,0.15,0,0,0,0,0,0,0,0,0,0,14.123,8.484,13.7352,12.8332,1598
"p330","ssp126","IPSL-CM6A-LR","2075",0.27,0,0,58,90.16,4.4879,0.0833,0,0.65,0,0,0,0,0,0,0,0,0,0,0,0.15,15.9203,7.7728,10.2275,16.3765,1599
"p330","ssp126","IPSL-CM6A-LR","2075",0.36,0.25,0,61,104.81,4.7609,0.05,0,0.45,0,0.1,0,0,0,0,0,0,0,0,0,0.35,16.6853,6.6978,12.4657,13.1412,1600
"p330","ssp126","MIROC-ES2L","2075",0.16,0,0,45,102.38,4.6705,0.15,0,0.55,0,0,0,0,0,0,0,0,0,0,0,0.25,15.0916,7.5096,11.242,14.5162,1601
"p330","ssp126","MIROC-ES2L","2075",0.05,0.15,0.1,45,103.94,4.8936,0.0667,0,0,0,0.13,0,0,0,0,0,0,0,0,0,0.2,14.9335,8.5562,12.93,15.8102,1602
"p330","ssp126","MIROC-ES2L","2075",0.1,0,0,39,107.95,4.7231,0.1667,0,0.65,0,0.26,0,0,0,0,0,0,0,0,0.15,0.2,14.5473,7.5711,15.7272,15.5317,1603
"p330","ssp126","MIROC-ES2L","2075",0.31,0,0,40,106.39,4.7032,0.25,0,0.1,0,0.08,0,0,0,0,0.2,0,0,0.05,0,0.15,13.4873,9.4039,10.9663,14.9174,1604
"p330","ssp126","MIROC-ES2L","2075",0.18,0,0,52,106.05,4.8178,0.1333,0,0.15,0.05,0.09,0,0,0,0,0,0,0,0,0,0.2,15.1206,8.2096,14.3453,14.4184,1605
"p330","ssp126","MIROC-ES2L","2075",0.2,0.1,0,43,111.78,4.8998,0.0833,0,0.5,0.1,0,0,0,0,0,0,0,0,0,0,0.3,14.0538,7.9082,9.1288,14.3333,1606
"p330","ssp126","MIROC-ES2L","2075",0.1,0.1,0,43,100.69,4.752,0.0667,0,0.5,0,0.12,0,0,0,0,0,0,0,0,0,0.05,14.9483,7.3495,10.9455,12.5667,1607
"p330","ssp126","MIROC-ES2L","2075",0.29,0.45,0,33,105.55,4.8713,0.1167,0,0.3,0,0.06,0,0,0,0,0,0,0.05,0.05,0,0.5,13.6863,8.2705,12.1057,18.8433,1608
"p330","ssp126","MIROC-ES2L","2075",0.41,0,0,56,97.06,4.1675,0.05,0,0.8,0,0.1,0,0,0,0,0,0,0,0.05,0,0.1,16.2319,5.8515,14.3352,14.7004,1609
"p330","ssp126","MIROC-ES2L","2075",0.28,0.35,0,55,102.75,4.9912,0.2,0,0.85,0,0.16,0,0,0,0,0,0,0,0,0,0.1,15.6083,6.8436,13.9653,14.7791,1610
"p330","ssp126","MIROC-ES2L","2075",0.13,0.15,0.15,58,97.38,4.7367,0.1,0,0.2,0,0.14,0,0,0,0,0,0,0,0,0,0.1,16.3117,9.2863,14.9512,15.2203,1611
"p330","ssp126","MIROC-ES2L","2075",0.24,0,0,19,103.52,4.6899,0.05,0,0.65,0,0,0,0,0,0,0,0,0,0,0,0.1,12.4333,7.9115,12.3975,16.6627,1612
"p330","ssp126","MIROC-ES2L","2075",0.24,0.1,0,52,101.75,4.8387,0.2833,0,0.2,0,0.1,0,0,0,0,0.1,0,0,0,0,0.15,15.7882,10.2378,15.1587,13.8662,1613
"p330","ssp126","MIROC-ES2L","2075",0.25,0,0,44,100.99,5.1076,0.2667,0,0.05,0,0.12,0,0,0,0,0.15,0,0,0,0.15,0.2,13.8152,10.1854,14.386,14.942,1614
"p330","ssp126","MIROC-ES2L","2075",0.1,0,0,44,103.86,4.755,0.1,0,0.2,0,0.05,0,0,0,0,0.15,0,0.05,0,0,0.3,14.4323,8.2978,13.8797,18.0894,1615
"p330","ssp126","MIROC-ES2L","2075",0.11,0,0,34,107.47,4.7141,0.1167,0,0.25,0,0.12,0,0,0,0,0.25,0,0,0,0.15,0.7,14.0779,7.9544,15.4098,16.0839,1616
"p330","ssp126","MIROC-ES2L","2075",0.13,0,0,43,102.08,4.6467,0.1667,0,0.2,0,0.11,0,0,0,0,0,0,0,0,0,0.3,14.1691,9.4425,15.648,15.0472,1617
"p330","ssp126","MIROC-ES2L","2075",0.14,0,0,41,91.77,4.5002,0.0333,0,0.9,0,0,0,0,0,0,0,0,0,0,0,0.1,13.2973,5.305,9.6072,13.822,1618
"p330","ssp126","MIROC-ES2L","2075",0.32,0.4,0,44,102.61,4.4531,0.1,0,0.95,0.05,0.07,0,0,0,0,0,0,0,0,0,0.1,14.4199,6.4613,10.8265,14.6053,1619
"p330","ssp126","MIROC-ES2L","2075",0.17,0.1,0,46,99.71,5.1194,0.0667,0,0.95,0,0,0,0,0,0,0,0,0,0,0,0.55,15.6708,6.5965,13.2393,17.4245,1620
"p330","ssp126","MIROC-ES2L","2075",0.2,0.1,0,47,98.38,4.3219,0.15,0,0.2,0,0.07,0,0,0,0,0.1,0,0,0.05,0,0.6,15.541,7.596,13.532,16.4287,1621
"p330","ssp126","MIROC-ES2L","2075",0.16,0,0,27,93.67,4.5873,0.15,0,0.1,0,0.06,0,0,0,0,0,0,0,0,0,0.15,12.7765,9.3607,16.2398,17.6658,1622
"p330","ssp126","MIROC-ES2L","2075",0.15,0.35,0,35,108.05,4.604,0.1667,0,0.3,0.05,0.06,0,0,0,0,0,0,0,0,0,0.05,13.958,9.4116,10.3637,13.0276,1623
"p330","ssp126","MIROC-ES2L","2075",0.36,0,0,42,100.06,4.2181,0.0667,0,0.6,0,0,0,0,0,0,0,0,0,0,0.15,0.15,13.9514,6.9812,12.7245,17.0609,1624
"p330","ssp126","MIROC-ES2L","2075",0.16,0,0,34,106.35,4.8553,0.1,0,0.5,0.05,0,0,0,0,0,0,0,0,0,0,0.05,14.6026,7.5342,10.86,14.1156,1625
"p330","ssp126","MIROC-ES2L","2075",0.15,0.3,0,46,106.39,4.6297,0.1333,0,0.1,0,0.06,0,0,0,0,0,0,0,0,0.15,0.2,16.219,7.2682,14.6633,15.2679,1626
"p330","ssp126","MIROC-ES2L","2075",0.32,0,0,37,92.23,4.7723,0.1,0,0.7,0,0.11,0,0,0,0,0,0,0.05,0,0.15,0.45,13.2213,6.72,15.3045,17.197,1627
"p330","ssp126","MIROC-ES2L","2075",0,0,0,37,106.79,4.6926,0.15,0,0,0,0.05,0,0,0,0,0.15,0,0,0,0,0.15,13.5249,9.5643,11.1245,15.1433,1628
"p330","ssp126","MIROC-ES2L","2075",0.22,0,0,38,103.96,4.8501,0.1,0,0.55,0,0,0,0,0,0,0,0,0,0,0,0.1,14.903,7.4335,12.4657,13.5204,1629
"p330","ssp126","MIROC-ES2L","2075",0.29,0,0,29,107.14,4.7036,0.05,0,1,0,0.12,0,0,0,0,0,0,0,0,0,0.3,13.3921,4.0708,13.7108,16.0532,1630
"p330","ssp126","MIROC-ES2L","2075",0.15,0,0.1,40,109.59,4.7731,0.1167,0,0.65,0,0,0,0,0,0,0,0,0,0,0.15,0.1,14.3745,5.4501,14.2033,12.1895,1631
"p330","ssp126","MIROC-ES2L","2075",0.41,0,0,55,93.79,4.8249,0.0833,0,0,0,0.12,0,0,0,0,0,0,0,0,0,0.3,15.5453,7.7057,9.4307,14.2295,1632
"p330","ssp126","MIROC-ES2L","2075",0.32,0,0,46,105.61,4.9479,0.1667,0,0.45,0,0,0,0,0,0,0.15,0,0,0,0,0.25,14.6702,8.5312,16.2075,15.2756,1633
"p330","ssp126","MIROC-ES2L","2075",0.22,0,0,42,91.62,4.7566,0.1667,0,0.4,0,0.12,0,0,0,0,0,0,0,0.05,0.15,0.4,13.9224,9.8768,14.0307,16.2902,1634
"p330","ssp126","MIROC-ES2L","2075",0.35,0,0,42,95.97,4.9395,0.1167,0,0.4,0.05,0.06,0,0,0,0,0,0,0,0,0.15,0.55,14.6427,7.7124,10.4303,15.2727,1635
"p330","ssp126","MIROC-ES2L","2075",0.32,0.4,0,48,109.9,4.9701,0.1167,0,0.5,0,0.12,0,0,0,0,0,0,0,0,0,0,15.1493,7.5748,12.7957,10.9497,1636
"p330","ssp126","MIROC-ES2L","2075",0.25,0.25,0,38,91.59,4.5596,0.2167,0,0.4,0,0.07,0,0,0,0,0.3,0,0,0.05,0,0.4,14.0736,8.5781,14.8242,15.1068,1637
"p330","ssp126","MIROC-ES2L","2075",0.15,0,0,34,101.04,4.0562,0.0167,0,0.75,0,0.06,0,0,0,0,0.1,0,0,0,0,0.35,13.6414,5.2548,13.2868,16.8203,1638
"p330","ssp126","MIROC-ES2L","2075",0.27,0.1,0,40,96.57,4.4634,0.0333,0,1,0,0.05,0,0,0,0,0,0,0,0,0,0.3,14.5299,2.9611,16.0373,16.9536,1639
"p330","ssp126","MIROC-ES2L","2075",0.33,0,0,40,105.79,4.8855,0.1,0,0.35,0,0.21,0,0,0,0,0,0,0,0,0,0.2,13.2179,8.7638,16.2638,15.7332,1640
"p330","ssp126","MIROC-ES2L","2075",0.28,0.2,0,56,84.34,4.6437,0.1333,0,0.4,0,0.05,0,0,0,0,0,0,0,0,0,0.3,15.7635,7.7784,10.9877,16.0385,1641
"p330","ssp126","MIROC-ES2L","2075",0.16,0,0,32,94.19,4.7554,0.1833,0,0.5,0,0,0,0,0,0,0,0,0.05,0,0,0.2,14.2991,7.575,13.361,14.8176,1642
"p330","ssp126","MIROC-ES2L","2075",0.16,0.1,0,34,104.76,4.478,0.15,0,0.7,0,0,0,0,0,0,0,0,0,0,0,0.1,13.7523,6.8282,11.0055,14.9452,1643
"p330","ssp126","MIROC-ES2L","2075",0.29,0.35,0,54,100.41,4.8979,0.15,0,0.2,0.05,0.07,0,0,0,0,0.35,0,0,0,0,0,16.1579,8.2737,11.8583,12.9765,1644
"p330","ssp126","MIROC-ES2L","2075",0.15,0.25,0,31,108.14,4.638,0.0667,0,1,0,0.06,0,0,0,0,0.2,0,0,0,0.15,0.2,12.6145,4.3014,12.9623,12.895,1645
"p330","ssp126","MIROC-ES2L","2075",0.23,0,0,44,103.37,4.965,0.1333,0,0.05,0,0.05,0,0,0,0,0,0,0,0,0,0.1,14.419,8.5235,10.192,14.1126,1646
"p330","ssp126","MIROC-ES2L","2075",0.35,0,0,53,94.07,4.9037,0.3167,0,0.3,0,0.07,0,0,0,0,0.1,0,0,0,0,0.05,14.7319,9.937,12.7862,14.4929,1647
"p330","ssp126","MIROC-ES2L","2075",0.19,0.15,0,44,106.86,5.0204,0.1,0,0,0,0.05,0,0,0,0,0,0,0,0.05,0,0.55,14.3115,8.5661,11.8932,16.0905,1648
"p330","ssp126","MIROC-ES2L","2075",0.08,0,0,32,112.36,4.8772,0.1167,0,0.1,0,0.17,0,0,0,0,0.1,0,0,0,0,0.1,14.5597,8.8723,13.6645,14.6063,1649
"p330","ssp126","MIROC-ES2L","2075",0.06,0,0,34,98.72,4.6723,0.1167,0,1,0,0.17,0,0,0,0,0,0,0,0.05,0,0.55,14.2394,2.658,12.1965,17.8691,1650
"p330","ssp126","MIROC-ES2L","2075",0.43,0,0,32,100.91,4.4885,0.0167,0,0.95,0,0.1,0.05,0,0,0,0.1,0,0.05,0,0,0.25,13.7073,4.7496,14.6443,16.1897,1651
"p330","ssp126","MIROC-ES2L","2075",0.12,0,0,30,97.71,4.5183,0.0167,0,0.85,0,0.05,0,0,0,0,0.15,0,0,0,0,0.05,13.1389,5.5768,12.9463,12.9747,1652
"p330","ssp126","MIROC-ES2L","2075",0.11,0,0,46,105.44,4.0974,0.1833,0,0.95,0,0.17,0,0,0,0,0.25,0,0,0,0.15,0.2,14.8042,5.313,15.6522,15.7422,1653
"p330","ssp126","MIROC-ES2L","2075",0.29,0.15,0,33,103.47,4.3444,0.0167,0,1,0,0.06,0,0,0,0,0,0,0,0,0,0.15,13.3657,3.6007,11.2948,16.2815,1654
"p330","ssp126","MIROC-ES2L","2075",0.37,0.1,0,40,100.38,4.6792,0.0833,0,0.6,0,0.1,0,0,0,0,0,0,0,0,0.15,0.35,15.0629,9.2123,14.2158,14.5988,1655
"p330","ssp126","MIROC-ES2L","2075",0.18,0,0,49,98.59,4.7723,0.15,0,0.25,0,0.07,0,0,0,0,0,0,0.15,0.05,0,0.15,15.1557,7.7848,12.4555,17.0944,1656
"p330","ssp126","MIROC-ES2L","2075",0.12,0,0,39,101.06,4.7379,0.2,0,0,0,0.06,0,0,0,0,0,0,0,0,0,0.3,14.2775,11.0373,10.1018,15.0344,1657
"p330","ssp126","MIROC-ES2L","2075",0.33,0,0,23,110.39,4.9683,0.1,0,0.45,0,0.07,0,0,0.1,0,0,0,0,0.05,0.15,0.35,12.4601,8.0406,17.6413,15.2311,1658
"p330","ssp126","MIROC-ES2L","2075",0.12,0.15,0,36,101.11,4.5834,0.0833,0,0.3,0,0.08,0,0,0,0,0,0,0,0,0,0.4,14.7161,6.6632,12.6198,16.2438,1659
"p330","ssp126","MIROC-ES2L","2075",0.37,0.35,0,51,107.31,4.5887,0.0833,0,0.9,0,0.1,0,0,0,0,0,0,0,0,0.15,0.45,14.7175,5.5553,12.7513,16.5297,1660
"p330","ssp126","MIROC-ES2L","2075",0.37,0.25,0,43,92.42,5.1232,0.0833,0,0.45,0.05,0.15,0,0,0,0,0,0,0,0,0,0.15,15.4792,7.3979,12.2707,14.2353,1661
"p330","ssp126","MIROC-ES2L","2075",0.28,0.15,0,35,104.5,5.0101,0.25,0,0.05,0.15,0.09,0,0,0,0,0,0,0,0,0,0,13.451,9.9238,12.8465,11.907,1662
"p330","ssp126","MIROC-ES2L","2075",0.28,0,0,16,99.03,4.8472,0.0667,0,0.6,0,0.05,0,0,0,0,0.1,0,0,0,0.15,0.3,10.789,6.6554,14.3765,16.0129,1663
"p330","ssp126","MIROC-ES2L","2075",0.29,0,0,21,103,4.9258,0.1167,0,0.05,0,0.06,0,0,0,0,0,0,0,0,0,0.2,11.9504,9.1578,12.5885,16.3144,1664
"p330","ssp126","MIROC-ES2L","2075",0.1,0,0,37,112.54,4.4353,0.1167,0,0.2,0,0,0,0,0,0,0,0,0.1,0,0,0.3,13.9313,7.8955,11.5675,19.8624,1665
"p330","ssp126","MIROC-ES2L","2075",0.15,0,0.15,32,109.7,4.9114,0.0833,0,0.45,0,0,0,0,0,0,0.1,0,0,0,0,0.15,13.7422,6.9992,15.6232,17.6653,1666
"p330","ssp126","MIROC-ES2L","2075",0.35,0.1,0,37,97.05,4.4131,0.05,0,0.1,0,0.13,0,0,0,0,0,0,0,0.05,0.15,0.3,14.135,7.7304,12.7518,16.3297,1667
"p330","ssp126","MIROC-ES2L","2075",0.14,0.15,0.1,37,103.94,4.7881,0.0833,0,0.8,0,0.12,0,0,0,0,0,0,0,0.05,0,0.25,15.0846,6.8301,10.5602,16.8474,1668
"p330","ssp126","MIROC-ES2L","2075",0.27,0.1,0,40,103.15,4.5003,0.1333,0,0.2,0.05,0.07,0.05,0,0,0,0,0,0,0.05,0,0.3,14.1858,9.1087,12.8733,17.6913,1669
"p330","ssp126","MIROC-ES2L","2075",0.4,0.15,0,56,99.9,4.7291,0.25,0,0.6,0,0.14,0,0,0,0,0,0,0,0,0,0.1,16.0211,8.0721,13.4022,15.3535,1670
"p330","ssp126","MIROC-ES2L","2075",0.21,0,0.1,33,93.01,4.5707,0.1667,0,0.95,0,0.12,0,0,0,0,0,0,0,0,0.15,0.4,13.7874,6.4429,12.0715,14.445,1671
"p330","ssp126","MIROC-ES2L","2075",0.23,0,0.1,45,111.35,4.3499,0.1167,0,0.15,0,0,0,0,0,0,0,0,0,0.05,0,0.45,14.3606,8.5652,10.9453,16.6365,1672
"p330","ssp126","MIROC-ES2L","2075",0.11,0,0.15,42,109.53,4.8069,0.0167,0,0.9,0,0.13,0,0,0,0,0,0,0.05,0,0,0.65,15.2132,5.6373,14.8862,17.825,1673
"p330","ssp126","MIROC-ES2L","2075",0.33,0.3,0,48,104.36,4.6706,0.1667,0,0.2,0,0.12,0,0,0,0,0,0,0,0,0.15,0.2,15.7754,9.5254,13.8798,17.2755,1674
"p330","ssp126","MIROC-ES2L","2075",0.29,0,0,37,98.12,4.5723,0.1667,0,0.2,0,0.12,0,0,0,0,0.15,0,0,0,0,0.15,14.4307,8.9988,13.9533,13.8153,1675
"p330","ssp126","MIROC-ES2L","2075",0.12,0,0,23,106.95,5.1623,0.1333,0,0.1,0,0.05,0,0,0,0,0,0,0,0,0,0.1,13.8139,8.003,14.2858,14.6111,1676
"p330","ssp126","MIROC-ES2L","2075",0.2,0,0,47,96.61,4.6595,0.1833,0,0.2,0,0.06,0,0,0,0,0.2,0,0,0.05,0,0.15,15.1053,7.9296,13.122,14.521,1677
"p330","ssp126","MIROC-ES2L","2075",0.41,0,0,46,97.71,4.6109,0.0667,0,0.35,0,0.1,0,0,0,0,0.15,0,0,0.05,0,0.45,14.9355,7.5948,13.2023,16.1836,1678
"p330","ssp126","MIROC-ES2L","2075",0.38,0,0,30,92.1,4.3934,0.15,0,0.35,0,0,0,0,0,0,0.15,0,0,0,0,0.5,12.7678,7.7674,12.51,16.9192,1679
"p330","ssp126","MIROC-ES2L","2075",0.24,0,0,39,83.14,4.7363,0.3333,0,0,0,0.17,0,0,0,0,0,0,0,0,0.15,0.35,14.8865,10.6087,12.5253,14.8074,1680
"p330","ssp126","MIROC-ES2L","2075",0.22,0.1,0,52,105.63,4.4359,0.15,0,0.1,0,0.05,0,0,0,0,0,0,0,0,0,0.4,15.6457,10.5177,13.1798,14.3262,1681
"p330","ssp126","MIROC-ES2L","2075",0.22,0.15,0,43,96.28,4.7566,0.0833,0,0.9,0,0.05,0,0,0,0,0.15,0,0.05,0,0,0.25,16.017,5.3612,11.5958,17.3353,1682
"p330","ssp126","MIROC-ES2L","2075",0.18,0,0,32,110.54,4.842,0.0833,0,0.4,0.05,0.1,0,0,0,0,0.1,0,0.1,0.05,0.15,0.15,14.012,6.7901,11.9937,15.8991,1683
"p330","ssp126","MIROC-ES2L","2075",0.29,0,0,21,97.24,5.0161,0.1667,0,0.3,0,0.05,0,0,0,0,0,0,0,0,0.15,0.35,12.5693,8.13,10.3943,17.6395,1684
"p330","ssp126","MIROC-ES2L","2075",0.22,0.55,0,41,105.56,4.7352,0.1,0,0.45,0,0.06,0,0,0,0,0,0,0,0,0,0.05,15.2172,6.5074,14.6145,15.2144,1685
"p330","ssp126","MIROC-ES2L","2075",0.22,0.15,0,44,96.67,4.5715,0.1333,0,0.8,0,0.14,0,0,0,0,0.1,0,0.05,0.05,0,0.1,15.0523,6.7988,13.4948,15.7502,1686
"p330","ssp126","MIROC-ES2L","2075",0.31,0,0,39,104.5,4.9746,0.1167,0,0.55,0,0.09,0,0,0,0,0,0,0,0,0.15,0.65,14.244,6.8744,13.8842,16.4035,1687
"p330","ssp126","MIROC-ES2L","2075",0.27,0.25,0,48,107.41,4.7048,0.2167,0,0.15,0,0.1,0,0,0,0,0,0,0,0,0,0.2,15.6925,8.7968,13.397,15.7508,1688
"p330","ssp126","MIROC-ES2L","2075",0.27,0,0,28,105.18,5.1536,0.1833,0,0.25,0,0.11,0,0,0,0,0,0,0,0,0,0.15,13.9284,8.1828,12.3077,14.5174,1689
"p330","ssp126","MIROC-ES2L","2075",0.13,0,0,27,101.53,4.6668,0.0333,0,1,0,0.06,0,0,0,0,0,0,0,0,0,0.1,12.6803,4.781,12.5917,14.2602,1690
"p330","ssp126","MIROC-ES2L","2075",0.21,0,0,42,105.15,4.7708,0.0833,0,0.7,0,0.06,0,0,0,0,0,0,0,0,0,0.25,14.8092,7.0012,13.503,12.8156,1691
"p330","ssp126","MIROC-ES2L","2075",0.16,0,0,21,95.07,4.6015,0.1,0,0.6,0,0.16,0,0,0,0,0,0,0,0,0,0.45,12.5688,7.1016,12.6205,16.0542,1692
"p330","ssp126","MIROC-ES2L","2075",0.06,0.15,0,31,99.11,5.1647,0.45,0,0.3,0,0.1,0,0,0,0,0,0,0,0,0.15,0.15,12.9247,10.2254,11.6463,14.1435,1693
"p330","ssp126","MIROC-ES2L","2075",0.27,0,0,45,102.09,4.5824,0.0833,0,0.1,0,0.09,0,0,0,0,0,0,0,0,0,0.1,15.2142,7.7084,11.6767,13.7532,1694
"p330","ssp126","MIROC-ES2L","2075",0,0.1,0,40,103.35,4.8023,0.1833,0,0.65,0,0.13,0,0,0,0,0,0,0,0,0.6,0.1,14.4597,9.1579,14.555,16.0205,1695
"p330","ssp126","MIROC-ES2L","2075",0.32,0.15,0,55,108.93,4.7205,0.0833,0,1,0,0.11,0,0,0,0,0,0,0,0,0,0.2,16.0098,5.4747,15.4582,16.7694,1696
"p330","ssp126","MIROC-ES2L","2075",0.05,0,0,48,106.68,4.7257,0.1333,0,0.7,0,0.08,0,0,0,0,0.1,0,0,0,0,0.1,15.0714,6.292,16.0627,14.3271,1697
"p330","ssp126","MIROC-ES2L","2075",0.19,0,0,40,107.77,4.7352,0.2167,0,0.05,0,0.15,0,0,0,0,0,0,0,0,0,0,13.7149,9.1122,13.7478,12.4047,1698
"p330","ssp126","MIROC-ES2L","2075",0.27,0,0.1,50,89.28,4.464,0.0833,0,0.6,0,0,0,0,0,0,0,0,0,0,0,0.15,15.5116,8.4028,10.2452,15.9483,1699
"p330","ssp126","MIROC-ES2L","2075",0.25,0.25,0,59,102.84,4.7074,0.05,0,0.35,0,0.1,0,0,0,0,0,0,0,0,0,0.35,16.2767,7.3298,12.4913,12.7138,1700
"p330","ssp126","MIROC6","2075",0.16,0,0,41,99.89,4.9711,0.1833,0,0.75,0,0.05,0,0,0,0,0,0,0,0,0,0.25,14.6882,7.1931,11.5842,14.4001,1701
"p330","ssp126","MIROC6","2075",0.05,0.15,0.1,44,103.98,5.2226,0.0667,0,0.05,0,0.21,0,0,0,0,0,0,0,0,0,0.25,14.5326,8.2386,13.2693,15.692,1702
"p330","ssp126","MIROC6","2075",0.1,0,0,39,105.9,5.0466,0.1667,0,0.7,0,0.26,0,0,0,0,0,0,0,0,0.15,0.2,14.1487,7.2516,16.0627,15.4148,1703
"p330","ssp126","MIROC6","2075",0.31,0,0,28,103.67,5.0249,0.2667,0,0.15,0,0.08,0,0,0,0,0.1,0,0,0,0,0.1,13.091,9.0822,11.2895,14.8094,1704
"p330","ssp126","MIROC6","2075",0.19,0,0,53,104.17,5.1571,0.15,0,0.3,0.05,0.16,0,0,0,0,0,0,0,0,0,0.15,14.7162,7.8939,14.6872,14.3012,1705
"p330","ssp126","MIROC6","2075",0.26,0.1,0,38,111.57,5.2206,0.1,0,0.65,0.1,0,0,0,0,0,0,0,0,0,0,0.3,13.6527,7.5912,9.4668,14.2144,1706
"p330","ssp126","MIROC6","2075",0.1,0.1,0,38,98.54,5.0572,0.0833,0,0.7,0,0.2,0,0,0,0,0,0,0,0,0,0.05,14.5492,7.0303,11.2817,12.4502,1707
"p330","ssp126","MIROC6","2075",0.34,0.45,0,33,108.54,5.2077,0.15,0,0.4,0,0.07,0,0,0,0,0,0,0.05,0.05,0,0.45,13.2893,7.9495,12.4307,18.7345,1708
"p330","ssp126","MIROC6","2075",0.41,0,0,48,94.97,4.4597,0.0833,0,1,0,0.1,0,0,0,0,0,0,0,0.05,0,0.05,15.8272,5.5359,14.6777,14.5824,1709
"p330","ssp126","MIROC6","2075",0.29,0.1,0,54,100.34,5.3203,0.25,0,0.95,0,0.16,0,0,0,0,0,0,0,0,0,0.1,15.2061,6.5261,14.3052,14.6611,1710
"p330","ssp126","MIROC6","2075",0.13,0.15,0.15,52,95.27,5.0506,0.1333,0,0.3,0,0.19,0,0,0,0,0,0,0,0,0,0.05,15.9121,8.9678,15.2883,15.1038,1711
"p330","ssp126","MIROC6","2075",0.24,0,0,16,100.88,5.0227,0.05,0,0.65,0,0,0,0,0,0,0,0,0,0,0,0.05,12.0363,7.5912,12.723,16.5533,1712
"p330","ssp126","MIROC6","2075",0.24,0.25,0,48,97.49,5.1653,0.3167,0,0.2,0,0.16,0,0,0,0,0.1,0,0,0,0,0.15,15.383,9.9224,15.5025,13.7482,1713
"p330","ssp126","MIROC6","2075",0.26,0,0,40,100.8,5.4391,0.2667,0,0.25,0,0.15,0,0,0,0,0.15,0,0,0,0.15,0.15,13.4124,9.8687,14.7275,14.8229,1714
"p330","ssp126","MIROC6","2075",0.1,0,0,39,102.36,5.0874,0.15,0,0.4,0,0.05,0,0,0,0,0.1,0,0.05,0,0,0.3,14.0322,7.9791,14.2175,17.9723,1715
"p330","ssp126","MIROC6","2075",0.11,0,0,32,104.95,5.0216,0.1667,0,0.3,0,0.12,0,0,0,0,0.1,0,0,0,0.15,0.7,13.6803,7.6347,15.7365,15.9738,1716
"p330","ssp126","MIROC6","2075",0.13,0,0,39,98.23,4.9664,0.2167,0,0.2,0,0.11,0,0,0,0,0,0,0,0,0,0.3,13.7638,9.1277,15.9905,14.9297,1717
"p330","ssp126","MIROC6","2075",0.18,0,0,39,90.39,4.8272,0.0667,0,1,0,0,0,0,0,0,0,0,0,0,0,0.1,12.8938,4.9886,9.9485,13.7027,1718
"p330","ssp126","MIROC6","2075",0.32,0.35,0,38,101.37,4.7632,0.1333,0,0.95,0.05,0.07,0,0,0,0,0,0,0,0,0,0.1,14.0195,6.1427,11.1647,14.4885,1719
"p330","ssp126","MIROC6","2075",0.17,0,0,46,100.18,5.4882,0.1,0,1,0,0,0,0,0,0,0,0,0,0,0,0.55,15.2734,6.2761,13.5662,17.3147,1720
"p330","ssp126","MIROC6","2075",0.2,0.1,0,48,98.04,4.6303,0.1667,0,0.4,0,0.1,0,0,0,0,0,0,0,0.05,0,0.65,15.135,7.2818,13.8752,16.311,1721
"p330","ssp126","MIROC6","2075",0.16,0,0,23,92.1,4.9025,0.1667,0,0.1,0,0.07,0,0,0,0,0,0,0,0,0,0.15,12.3726,9.0447,16.5813,17.5461,1722
"p330","ssp126","MIROC6","2075",0.15,0.1,0,31,107.66,4.9197,0.2,0,0.4,0.05,0.07,0,0,0,0,0,0,0,0,0,0.05,13.557,9.0939,10.7023,12.91,1723
"p330","ssp126","MIROC6","2075",0.42,0,0,33,98.54,4.5011,0.1167,0,0.8,0,0,0,0,0,0,0,0,0,0,0.15,0.1,13.5533,6.6612,13.0532,16.9515,1724
"p330","ssp126","MIROC6","2075",0.16,0,0,33,104.36,5.165,0.1333,0,0.6,0.05,0,0,0,0,0,0,0,0,0,0,0,14.1957,7.2207,11.205,13.9978,1725
"p330","ssp126","MIROC6","2075",0.2,0.3,0,44,106.07,4.9383,0.15,0,0.25,0,0.06,0,0,0,0,0,0,0,0,0.15,0.15,15.8146,6.9522,15.0058,15.148,1726
"p330","ssp126","MIROC6","2075",0.32,0,0,36,89.61,5.0963,0.1,0,0.75,0,0.15,0,0,0,0,0,0,0.05,0,0.15,0.4,12.8194,6.4029,15.6437,17.0789,1727
"p330","ssp126","MIROC6","2075",0,0,0,34,108.72,5.0304,0.1667,0,0,0,0.05,0,0,0,0,0,0,0,0,0,0.15,13.1259,9.2452,11.4528,15.0335,1728
"p330","ssp126","MIROC6","2075",0.22,0,0,32,100.84,5.1681,0.1167,0,0.65,0,0,0,0,0,0,0,0,0,0,0,0.1,14.496,7.1192,12.8105,13.4016,1729
"p330","ssp126","MIROC6","2075",0.32,0,0,27,105.24,5.0212,0.1,0,1,0,0.14,0,0,0,0,0,0,0,0,0,0.3,12.9876,3.7558,14.053,15.9344,1730
"p330","ssp126","MIROC6","2075",0.15,0,0,37,110.06,5.0849,0.1167,0,0.75,0,0.07,0,0,0,0,0,0,0,0,0.15,0.1,13.9724,5.1332,14.5428,12.0702,1731
"p330","ssp126","MIROC6","2075",0.41,0,0,51,95.05,5.1745,0.1167,0,0.25,0,0.12,0,0,0,0,0,0,0,0,0,0.2,15.1464,7.3863,9.7585,14.1185,1732
"p330","ssp126","MIROC6","2075",0.32,0,0,40,105.28,5.3117,0.2,0,0.5,0,0,0,0,0,0,0,0,0,0,0,0.25,14.2623,8.218,16.5532,15.1575,1733
"p330","ssp126","MIROC6","2075",0.22,0,0,35,89.97,5.0711,0.2,0,0.55,0,0.12,0,0,0,0,0,0,0,0.05,0.15,0.35,13.5175,9.5616,14.3738,16.1705,1734
"p330","ssp126","MIROC6","2075",0.41,0,0,39,93.34,5.2711,0.15,0,0.45,0.05,0.11,0,0,0,0,0,0,0,0,0.15,0.55,14.2403,7.3953,10.7708,15.1542,1735
"p330","ssp126","MIROC6","2075",0.32,0.4,0,44,108.82,5.3202,0.15,0,0.5,0,0.13,0,0,0,0,0,0,0,0,0,0,14.7492,7.2554,13.1248,10.8397,1736
"p330","ssp126","MIROC6","2075",0.25,0,0,32,90.33,4.8794,0.2667,0,0.5,0,0.07,0,0,0,0,0.25,0,0,0.05,0,0.35,13.6655,8.265,15.17,14.9879,1737
"p330","ssp126","MIROC6","2075",0.15,0,0,31,99.46,4.3068,0.05,0,0.9,0,0.06,0,0,0,0,0,0,0,0,0,0.25,13.2357,4.9403,13.63,16.7002,1738
"p330","ssp126","MIROC6","2075",0.27,0.1,0,36,95.12,4.7596,0.0333,0,1,0,0.11,0,0,0.2,0,0,0,0,0,0,0.3,14.1267,2.6437,16.378,16.8347,1739
"p330","ssp126","MIROC6","2075",0.33,0,0,32,102.98,5.2154,0.2,0,0.4,0,0.21,0,0,0,0,0,0,0,0,0,0.2,12.8175,8.4452,16.5923,15.6224,1740
"p330","ssp126","MIROC6","2075",0.28,0.2,0,53,80.64,4.9468,0.15,0,0.65,0,0.12,0,0,0,0,0,0,0,0,0,0.3,15.3554,7.4652,11.3332,15.9201,1741
"p330","ssp126","MIROC6","2075",0.16,0,0,30,96.6,5.0785,0.2,0,0.55,0,0.05,0,0,0,0,0,0,0.05,0,0,0.25,13.8934,7.2613,13.7053,14.6979,1742
"p330","ssp126","MIROC6","2075",0.16,0.1,0,28,102.57,4.7685,0.1833,0,0.85,0,0.07,0,0,0,0,0,0,0,0,0,0.05,13.3485,6.5126,11.3475,14.825,1743
"p330","ssp126","MIROC6","2075",0.29,0.35,0,50,99.99,5.2418,0.1833,0,0.3,0.05,0.12,0,0,0,0,0.35,0,0,0,0,0,15.7571,7.956,12.1877,12.8656,1744
"p330","ssp126","MIROC6","2075",0.15,0.2,0,27,107.83,4.9505,0.0833,0,1,0,0.09,0,0,0,0,0.2,0.05,0,0,0.15,0.15,12.205,3.9886,13.3092,12.7759,1745
"p330","ssp126","MIROC6","2075",0.23,0,0,39,102.07,5.3036,0.1667,0,0.05,0,0.05,0,0,0,0,0,0,0,0,0,0.05,14.0123,8.2088,10.5368,13.9909,1746
"p330","ssp126","MIROC6","2075",0.38,0,0,45,93.19,5.2487,0.3167,0,0.4,0,0.07,0,0,0,0,0,0,0,0,0,0.05,14.3276,9.6209,13.1275,14.3733,1747
"p330","ssp126","MIROC6","2075",0.19,0.15,0,39,105.9,5.3591,0.1333,0,0,0,0.13,0,0,0,0,0,0,0,0.05,0,0.55,13.9096,8.2488,12.2237,15.9789,1748
"p330","ssp126","MIROC6","2075",0.15,0,0,28,110.35,5.2045,0.1333,0,0.15,0,0.21,0,0,0,0,0.1,0,0,0,0,0.1,14.1497,8.5602,14.0123,14.4863,1749
"p330","ssp126","MIROC6","2075",0.11,0,0,30,97.52,4.9891,0.1333,0,1,0,0.24,0,0,0,0,0,0,0,0.05,0,0.55,13.8316,2.3447,12.541,17.7479,1750
"p330","ssp126","MIROC6","2075",0.44,0,0,29,99.3,4.787,0.0333,0,1,0,0.14,0.05,0,0,0,0,0,0.05,0,0,0.2,13.3036,4.4347,14.987,16.07,1751
"p330","ssp126","MIROC6","2075",0.12,0,0,26,96.04,4.8252,0.0333,0,0.95,0,0.11,0,0,0,0,0,0,0,0,0,0.05,12.7368,5.2596,13.2778,12.8629,1752
"p330","ssp126","MIROC6","2075",0.11,0,0,42,101.59,4.3881,0.2,0,1,0,0.17,0,0,0,0,0.1,0,0,0,0.15,0.1,14.394,5.0012,16.0005,15.6229,1753
"p330","ssp126","MIROC6","2075",0.29,0.15,0,27,101.64,4.6501,0.0167,0,1,0,0.06,0,0,0,0,0,0,0,0,0,0.15,12.9581,3.2867,11.6407,16.1602,1754
"p330","ssp126","MIROC6","2075",0.37,0.1,0,34,100.85,4.9989,0.1,0,0.6,0,0.1,0,0,0,0,0,0,0,0,0.15,0.35,14.658,8.8968,14.5587,14.4788,1755
"p330","ssp126","MIROC6","2075",0.23,0,0,43,96.28,5.1221,0.2,0,0.35,0,0.12,0,0,0,0,0,0,0.15,0,0,0.15,14.7535,7.4682,12.7873,16.982,1756
"p330","ssp126","MIROC6","2075",0.12,0,0,36,97.56,5.0552,0.2,0,0,0,0.06,0,0,0,0,0,0,0,0,0,0.3,13.8668,10.7261,10.4492,14.9143,1757
"p330","ssp126","MIROC6","2075",0.33,0,0,21,107.65,5.2883,0.1167,0,0.65,0,0.23,0,0,0.1,0,0,0,0,0.05,0.15,0.3,12.0524,7.7275,17.9872,15.1089,1758
"p330","ssp126","MIROC6","2075",0.12,0.15,0,33,101.53,4.9179,0.0833,0,0.4,0,0.08,0,0,0,0,0,0,0,0,0,0.4,14.3108,6.3484,12.9628,16.1236,1759
"p330","ssp126","MIROC6","2075",0.37,0.35,0,49,103.06,4.9252,0.1,0,1,0,0.1,0,0,0,0,0,0,0,0,0.15,0.4,14.3147,5.2398,13.0842,16.417,1760
"p330","ssp126","MIROC6","2075",0.37,0.25,0,39,90.96,5.4801,0.1,0,0.5,0.05,0.15,0,0,0,0,0,0,0,0,0,0.15,15.0678,7.0872,12.6183,14.116,1761
"p330","ssp126","MIROC6","2075",0.28,0.15,0,28,105.35,5.3416,0.3,0,0.05,0.15,0.09,0,0,0,0,0,0,0,0,0,0,13.0426,9.6109,13.193,11.7861,1762
"p330","ssp126","MIROC6","2075",0.28,0,0,14,98.39,5.2042,0.0667,0,0.8,0,0.1,0,0,0,0,0.1,0,0,0,0.15,0.3,10.3828,6.3415,14.722,15.8932,1763
"p330","ssp126","MIROC6","2075",0.36,0,0,21,100.62,5.255,0.1167,0,0.1,0,0.06,0,0,0,0,0.1,0,0,0,0,0.2,11.5466,8.8416,12.9207,16.2018,1764
"p330","ssp126","MIROC6","2075",0.1,0,0,37,109.83,4.7387,0.15,0,0.3,0,0.05,0,0,0,0,0,0,0.1,0,0,0.3,13.5195,7.5845,11.9165,19.7424,1765
"p330","ssp126","MIROC6","2075",0.15,0,0,31,107.97,5.2649,0.0833,0,0.65,0,0,0,0,0,0,0.1,0,0,0,0,0.15,13.3329,6.6864,15.9705,17.5436,1766
"p330","ssp126","MIROC6","2075",0.35,0.15,0,36,99.6,4.7429,0.1,0,0.2,0,0.17,0,0,0,0,0,0,0,0,0.15,0.1,13.728,7.4164,13.0968,16.2091,1767
"p330","ssp126","MIROC6","2075",0.14,0.15,0.1,35,102.08,5.126,0.0833,0,0.9,0,0.13,0,0,0,0,0,0,0,0.05,0,0.25,14.6803,6.5143,10.893,16.7344,1768
"p330","ssp126","MIROC6","2075",0.27,0.1,0,41,101.5,4.8305,0.1667,0,0.25,0.05,0.1,0,0,0,0,0,0,0,0,0,0.3,13.7733,8.7979,13.2223,17.5715,1769
"p330","ssp126","MIROC6","2075",0.45,0.15,0,55,100.84,5.025,0.2833,0,0.9,0,0.14,0,0,0,0,0,0,0,0,0,0.1,15.6113,7.7601,13.7497,15.2318,1770
"p330","ssp126","MIROC6","2075",0.21,0,0.1,25,90.16,4.8822,0.1833,0,1,0,0.16,0,0,0,0,0,0,0,0,0.15,0.25,13.3801,6.1285,12.4173,14.3242,1771
"p330","ssp126","MIROC6","2075",0.23,0,0,42,109.22,4.6538,0.15,0,0.2,0,0.05,0,0,0,0,0,0,0,0.05,0,0.4,13.9565,8.2501,11.2783,16.5235,1772
"p330","ssp126","MIROC6","2075",0.11,0,0.15,41,106.91,5.1521,0.0833,0,0.9,0,0.13,0,0,0,0,0,0,0.05,0,0,0.65,14.7999,5.3268,15.2357,17.7049,1773
"p330","ssp126","MIROC6","2075",0.33,0.3,0,44,103.17,4.9758,0.1667,0,0.25,0,0.12,0,0,0,0,0,0,0,0,0.15,0.15,15.3649,9.2136,14.2265,17.1532,1774
"p330","ssp126","MIROC6","2075",0.3,0,0,35,96.48,4.9113,0.2167,0,0.2,0,0.16,0,0,0,0,0.15,0,0,0,0,0.1,14.0232,8.6852,14.2982,13.6938,1775
"p330","ssp126","MIROC6","2075",0.12,0,0,21,106.84,5.5155,0.1667,0,0.35,0,0.07,0,0,0,0,0,0,0,0,0,0.1,13.4087,7.6883,14.6203,14.4974,1776
"p330","ssp126","MIROC6","2075",0.2,0,0,42,95.18,4.9903,0.1833,0,0.4,0,0.06,0,0,0,0,0.1,0,0,0.05,0,0.1,14.6921,7.6193,13.4733,14.4006,1777
"p330","ssp126","MIROC6","2075",0.43,0,0,44,95.66,4.9415,0.1,0,0.4,0,0.12,0,0,0,0,0.1,0,0,0.05,0,0.4,14.5246,7.2826,13.551,16.0615,1778
"p330","ssp126","MIROC6","2075",0.38,0,0,29,88.97,4.681,0.15,0,0.55,0,0,0,0,0,0,0.15,0,0,0,0,0.45,12.3591,7.4544,12.8568,16.7982,1779
"p330","ssp126","MIROC6","2075",0.24,0,0,37,83.39,5.0731,0.35,0,0.15,0,0.18,0,0,0,0,0,0,0,0,0.15,0.35,14.481,10.2938,12.8692,14.6874,1780
"p330","ssp126","MIROC6","2075",0.22,0,0,50,102.46,4.7368,0.1833,0,0.1,0,0.08,0,0,0,0,0,0,0,0,0,0.4,15.2339,10.208,13.5398,14.2041,1781
"p330","ssp126","MIROC6","2075",0.22,0.15,0,41,95.59,5.0867,0.0833,0,1,0,0.05,0,0,0,0,0,0,0.05,0,0,0.2,15.6077,5.05,11.953,17.2061,1782
"p330","ssp126","MIROC6","2075",0.25,0,0,27,108.33,5.1653,0.1167,0,0.55,0.05,0.13,0,0,0,0,0,0,0.1,0.05,0.15,0.15,13.6055,6.4778,12.35,15.7712,1783
"p330","ssp126","MIROC6","2075",0.29,0.2,0,20,97.23,5.3709,0.2167,0,0.4,0,0.05,0,0,0,0,0,0,0,0,0.15,0.35,12.1652,7.8155,10.7387,17.5189,1784
"p330","ssp126","MIROC6","2075",0.22,0.55,0,40,102.6,5.0533,0.1,0,0.6,0,0.08,0,0,0.3,0,0,0,0,0,0,0.05,14.8048,6.198,14.9748,15.0925,1785
"p330","ssp126","MIROC6","2075",0.22,0.15,0,38,96.92,4.8912,0.1333,0,0.85,0,0.17,0,0,0,0,0.1,0,0,0.05,0,0.05,14.6421,6.4878,13.8527,15.6206,1786
"p330","ssp126","MIROC6","2075",0.31,0,0,38,101.1,5.3171,0.15,0,0.55,0,0.09,0,0,0,0,0,0,0,0,0.15,0.6,13.8369,6.5618,14.2402,16.2752,1787
"p330","ssp126","MIROC6","2075",0.32,0.25,0,46,106.63,5.0266,0.2333,0,0.2,0,0.1,0,0,0,0,0,0,0,0,0,0.2,15.2878,8.4832,13.7422,15.6288,1788
"p330","ssp126","MIROC6","2075",0.27,0,0,29,104.24,5.5135,0.2333,0,0.35,0,0.19,0,0,0,0,0,0,0,0,0,0.15,13.5152,7.8732,12.668,14.3956,1789
"p330","ssp126","MIROC6","2075",0.13,0,0,24,99.61,4.9942,0.0333,0,1,0,0.1,0,0,0,0,0,0,0,0,0,0.1,12.2694,4.4707,12.9498,14.1308,1790
"p330","ssp126","MIROC6","2075",0.21,0,0,39,102.66,5.0923,0.0833,0,0.8,0,0.06,0,0,0,0,0,0,0,0,0,0.2,14.4018,6.6888,13.8595,12.6873,1791
"p330","ssp126","MIROC6","2075",0.16,0,0,20,94.96,4.924,0.1,0,0.7,0,0.16,0,0,0,0,0,0,0,0,0,0.35,12.1631,6.7873,12.9657,15.9327,1792
"p330","ssp126","MIROC6","2075",0.06,0.15,0,29,97.48,5.5127,0.4667,0,0.4,0,0.14,0,0,0,0,0,0,0,0,0.15,0.1,12.511,9.9173,12.0083,14.0215,1793
"p330","ssp126","MIROC6","2075",0.27,0,0,44,98.85,4.8995,0.0833,0,0.15,0,0.14,0,0,0,0,0,0,0,0,0,0.1,14.8034,7.3978,12.0355,13.6232,1794
"p330","ssp126","MIROC6","2075",0,0.1,0,36,100,5.1344,0.2333,0,0.7,0,0.16,0,0,0,0,0,0,0,0,0.6,0.1,14.0511,8.8469,14.9122,15.8914,1795
"p330","ssp126","MIROC6","2075",0.32,0.15,0,51,109.5,5.0283,0.1,0,1,0,0.11,0,0,0,0,0,0,0,0,0,0.1,15.6042,5.1611,15.8035,16.6482,1796
"p330","ssp126","MIROC6","2075",0.13,0,0,45,104.44,5.0446,0.2,0,0.85,0,0.08,0,0,0,0,0,0,0,0,0,0.1,14.6572,5.9838,16.4235,14.2044,1797
"p330","ssp126","MIROC6","2075",0.2,0,0,38,103.4,5.0673,0.2667,0,0.15,0,0.19,0,0,0,0,0,0,0,0,0,0,13.3035,8.8028,14.1063,12.2748,1798
"p330","ssp126","MIROC6","2075",0.27,0,0,44,88.51,4.7543,0.1,0,0.6,0,0.05,0,0,0,0,0,0,0,0,0,0.1,15.103,8.0912,10.6028,15.8188,1799
"p330","ssp126","MIROC6","2075",0.3,0.15,0,57,101.65,5.052,0.05,0,0.5,0,0.1,0,0,0,0,0,0,0,0,0,0.3,15.8706,7.0167,12.8375,12.5924,1800
"p330","ssp126","MPI-ESM1-2-LR","2075",0.16,0,0,37,97.99,4.6415,0.0833,0,0.85,0,0,0,0,0,0,0,0,0,0,0,0.1,14.2546,6.2623,9.805,13.3707,1801
"p330","ssp126","MPI-ESM1-2-LR","2075",0.05,0.1,0,38,103.79,4.889,0.05,0,0.1,0,0.08,0,0,0,0,0,0,0,0,0,0.15,14.0947,7.3105,11.4913,14.6602,1802
"p330","ssp126","MPI-ESM1-2-LR","2075",0.1,0,0,35,105.43,4.6995,0.1167,0,0.7,0,0.26,0,0,0,0,0,0,0,0,0,0.2,13.707,6.3265,14.286,14.38,1803
"p330","ssp126","MPI-ESM1-2-LR","2075",0.31,0,0,22,103.7,4.6553,0.1667,0,0.15,0,0.08,0,0,0,0,0.2,0,0,0,0,0.1,12.6449,8.1595,9.5212,13.7639,1804
"p330","ssp126","MPI-ESM1-2-LR","2075",0.19,0,0,45,102.71,4.7968,0.0667,0,0.3,0.05,0.09,0,0,0,0,0,0,0,0,0,0.1,14.2835,6.9624,12.91,13.2725,1805
"p330","ssp126","MPI-ESM1-2-LR","2075",0.26,0,0,29,112.56,4.8889,0.0667,0,0.7,0.1,0,0,0,0,0,0,0,0,0,0,0.3,13.2156,6.6622,7.6903,13.183,1806
"p330","ssp126","MPI-ESM1-2-LR","2075",0.15,0.1,0,38,94.24,4.6954,0.0333,0,0.85,0,0.12,0,0,0,0,0,0,0,0,0,0,14.1084,6.1048,9.5048,11.4148,1807
"p330","ssp126","MPI-ESM1-2-LR","2075",0.34,0.1,0,32,106.71,4.8446,0.0667,0,0.5,0,0.06,0,0,0,0,0,0,0,0,0,0.35,12.8446,7.0268,10.6623,17.6909,1808
"p330","ssp126","MPI-ESM1-2-LR","2075",0.41,0,0,44,90.05,4.159,0.05,0,1,0,0.1,0,0,0,0,0,0,0,0,0,0.1,15.3957,4.6031,12.8998,13.5541,1809
"p330","ssp126","MPI-ESM1-2-LR","2075",0.29,0.1,0,51,98.35,4.9401,0.1333,0,1,0.05,0.16,0,0,0,0,0,0,0,0,0,0.05,14.7698,5.5971,12.5275,13.6298,1810
"p330","ssp126","MPI-ESM1-2-LR","2075",0.13,0.15,0,41,93.07,4.7213,0.0833,0,0.3,0,0.14,0,0,0,0,0,0,0,0,0,0,15.4718,8.0413,13.5108,14.0691,1811
"p330","ssp126","MPI-ESM1-2-LR","2075",0.24,0,0,8,98.96,4.6834,0.0333,0,0.75,0,0,0,0,0,0,0,0,0,0,0,0.05,11.5921,6.6677,10.9543,15.51,1812
"p330","ssp126","MPI-ESM1-2-LR","2075",0.24,0.25,0,47,97.89,4.8336,0.2333,0,0.2,0,0.1,0,0,0,0,0,0,0,0,0,0.1,14.9524,8.9892,13.7247,12.7209,1813
"p330","ssp126","MPI-ESM1-2-LR","2075",0.26,0,0,38,98.4,5.0657,0.2167,0,0.25,0,0.12,0,0,0,0,0.15,0,0,0,0.15,0.15,12.9774,8.9381,12.9498,13.7927,1814
"p330","ssp126","MPI-ESM1-2-LR","2075",0.1,0,0,38,101.94,4.7472,0.0833,0,0.45,0,0.05,0,0,0,0,0.15,0,0,0,0,0.3,13.5926,7.0529,12.4403,16.9383,1815
"p330","ssp126","MPI-ESM1-2-LR","2075",0.17,0,0,27,104.66,4.694,0.0667,0,0.35,0,0.12,0,0,0,0,0.25,0,0,0,0.15,0.7,13.2371,6.71,13.9677,14.9303,1816
"p330","ssp126","MPI-ESM1-2-LR","2075",0.13,0,0,41,96.13,4.6561,0.1,0,0.2,0,0.11,0,0,0,0,0,0,0,0,0,0.35,13.3337,8.1942,14.213,13.9028,1817
"p330","ssp126","MPI-ESM1-2-LR","2075",0.18,0,0,35,85.1,4.5091,0.0167,0,1,0.05,0,0,0,0,0,0,0,0,0,0,0.05,12.46,4.0576,8.1703,12.6735,1818
"p330","ssp126","MPI-ESM1-2-LR","2075",0.32,0.15,0,34,94.52,4.4042,0.0333,0,0.95,0.05,0.07,0,0,0,0,0,0,0,0,0,0.1,13.581,5.2152,9.3882,13.4553,1819
"p330","ssp126","MPI-ESM1-2-LR","2075",0.17,0,0,44,99.39,5.1338,0.0333,0,1,0,0,0,0,0,0,0,0,0,0,0,0.5,14.831,5.3512,11.7978,16.2715,1820
"p330","ssp126","MPI-ESM1-2-LR","2075",0.2,0.1,0,41,94.13,4.3225,0.0667,0,0.4,0,0.07,0,0,0,0,0.1,0,0,0,0,0.4,14.7057,6.3471,12.0978,15.2846,1821
"p330","ssp126","MPI-ESM1-2-LR","2075",0.16,0,0,20,91.46,4.5597,0.1,0,0.1,0,0.06,0,0,0,0,0,0,0,0,0,0.15,11.9397,8.1131,14.8042,16.5171,1822
"p330","ssp126","MPI-ESM1-2-LR","2075",0.15,0,0,28,106.68,4.5868,0.1333,0,0.45,0.05,0.06,0,0,0,0,0,0,0,0,0,0.05,13.1192,8.1657,8.9252,11.8773,1823
"p330","ssp126","MPI-ESM1-2-LR","2075",0.42,0,0,22,93.99,4.1888,0,0,0.85,0,0,0,0,0,0,0,0,0,0,0.15,0.1,13.1113,5.7361,11.2833,15.9091,1824
"p330","ssp126","MPI-ESM1-2-LR","2075",0.16,0,0,31,103,4.8425,0.0667,0,0.7,0.05,0,0,0,0,0,0,0,0,0,0,0,13.7674,6.2848,9.4272,12.9713,1825
"p330","ssp126","MPI-ESM1-2-LR","2075",0.25,0.25,0,42,102.76,4.6043,0.0833,0,0.35,0,0.06,0,0,0,0,0,0,0,0,0,0.1,15.3819,6.02,13.227,14.1192,1826
"p330","ssp126","MPI-ESM1-2-LR","2075",0.32,0,0,36,86.6,4.7549,0.0667,0,0.9,0,0.11,0,0,0,0,0,0,0,0,0,0.3,12.3826,5.4738,13.8663,16.047,1827
"p330","ssp126","MPI-ESM1-2-LR","2075",0,0,0,33,104.13,4.7012,0.0667,0,0.1,0,0.05,0,0,0,0,0.15,0,0,0,0,0.1,12.6848,8.3193,9.6837,13.9908,1828
"p330","ssp126","MPI-ESM1-2-LR","2075",0.22,0,0,29,99.8,4.8023,0.0333,0,0.65,0,0,0,0,0,0,0,0,0,0,0,0.05,14.0679,6.1837,11.0323,12.3762,1829
"p330","ssp126","MPI-ESM1-2-LR","2075",0.32,0,0,25,104.21,4.7218,0.0167,0,1,0,0.12,0,0,0,0,0,0,0,0,0,0.15,12.556,2.8232,12.275,14.9058,1830
"p330","ssp126","MPI-ESM1-2-LR","2075",0.15,0,0,32,107.36,4.7333,0.0667,0,0.9,0,0,0,0,0,0,0,0,0,0,0.15,0,13.5364,4.2032,12.7655,11.0392,1831
"p330","ssp126","MPI-ESM1-2-LR","2075",0.41,0,0,52,93.09,4.8295,0.0333,0,0.3,0,0.12,0,0,0,0,0,0,0,0,0,0.15,14.7059,6.4602,7.9898,13.0783,1832
"p330","ssp126","MPI-ESM1-2-LR","2075",0.32,0,0,36,101.97,4.9607,0.05,0,0.65,0,0,0,0,0,0,0.15,0,0,0,0,0.15,13.8351,7.2815,14.7755,14.1316,1833
"p330","ssp126","MPI-ESM1-2-LR","2075",0.22,0,0,31,90.79,4.7221,0.1,0,0.55,0,0.12,0,0,0,0,0,0,0,0.05,0.15,0.3,13.0862,8.629,12.596,15.1429,1834
"p330","ssp126","MPI-ESM1-2-LR","2075",0.42,0,0,37,94.5,4.9148,0.0667,0,0.6,0.05,0.06,0,0,0,0,0,0,0,0,0,0.5,13.8047,6.4654,8.994,14.1235,1835
"p330","ssp126","MPI-ESM1-2-LR","2075",0.37,0.2,0,43,106.44,4.9703,0.0667,0,0.6,0,0.12,0,0,0,0,0,0,0,0,0,0,14.3102,6.3278,11.355,9.7989,1836
"p330","ssp126","MPI-ESM1-2-LR","2075",0.25,0.25,0,31,89.3,4.5555,0.1333,0,0.75,0,0.07,0,0,0,0,0.35,0,0,0,0,0.15,13.2392,7.3279,13.3923,13.9638,1837
"p330","ssp126","MPI-ESM1-2-LR","2075",0.15,0,0,28,93.33,4.0133,0.0167,0,1,0,0.06,0,0,0,0,0,0,0,0,0,0.2,12.8057,4.006,11.8528,15.6729,1838
"p330","ssp126","MPI-ESM1-2-LR","2075",0.27,0.1,0,33,91.33,4.443,0.0167,0,1,0.05,0.05,0,0,0,0,0,0,0,0,0,0.2,13.6923,1.7137,14.6002,15.8047,1839
"p330","ssp126","MPI-ESM1-2-LR","2075",0.33,0,0,23,102.99,4.8491,0.05,0,0.4,0,0.21,0,0,0,0,0,0,0,0,0,0.2,12.3789,7.5175,14.824,14.5827,1840
"p330","ssp126","MPI-ESM1-2-LR","2075",0.29,0.1,0,45,77.1,4.612,0.1,0,0.85,0,0.05,0,0,0,0,0,0,0,0,0.15,0.3,14.9299,6.528,9.5555,14.8953,1841
"p330","ssp126","MPI-ESM1-2-LR","2075",0.16,0,0,23,93.42,4.7448,0.1333,0,0.6,0,0,0,0,0,0,0,0,0.05,0,0,0.15,13.4637,6.3268,11.9278,13.6711,1842
"p330","ssp126","MPI-ESM1-2-LR","2075",0.16,0.15,0,28,100.58,4.4352,0.0833,0,0.85,0.05,0,0,0,0,0,0,0,0,0,0,0,12.9148,5.5809,9.569,13.7967,1843
"p330","ssp126","MPI-ESM1-2-LR","2075",0.29,0,0,49,98.28,4.8953,0.05,0,0.35,0.05,0.07,0,0,0,0,0,0,0,0,0,0,15.3193,7.027,10.4185,11.8261,1844
"p330","ssp126","MPI-ESM1-2-LR","2075",0.15,0,0,24,104.71,4.6321,0.0167,0,1,0,0.06,0,0,0,0,0.2,0.05,0,0,0,0.1,11.7809,3.0505,11.5318,11.7526,1845
"p330","ssp126","MPI-ESM1-2-LR","2075",0.23,0,0,40,99.39,4.9445,0.1,0,0.1,0,0.05,0,0,0,0,0,0,0,0,0,0.05,13.5836,7.2745,8.7592,12.9647,1846
"p330","ssp126","MPI-ESM1-2-LR","2075",0.38,0,0,38,88.13,4.8691,0.2,0,0.4,0,0.06,0,0,0,0,0.1,0,0,0,0,0.05,13.8955,8.6887,11.3505,13.345,1847
"p330","ssp126","MPI-ESM1-2-LR","2075",0.19,0.1,0,41,104.72,5.0056,0.0833,0,0.05,0,0.05,0,0,0,0,0,0,0,0,0,0.3,13.4729,7.3196,10.4538,14.9411,1848
"p330","ssp126","MPI-ESM1-2-LR","2075",0.15,0,0.1,27,108.13,4.8794,0.0667,0,0.2,0,0.17,0,0,0,0,0.1,0,0,0,0,0.05,13.7263,7.6214,12.2332,13.4635,1849
"p330","ssp126","MPI-ESM1-2-LR","2075",0.11,0,0,23,91.97,4.6612,0.0833,0,1,0.05,0.17,0,0,0,0,0,0,0,0,0,0.5,13.4043,1.4092,10.7637,16.7224,1850
"p330","ssp126","MPI-ESM1-2-LR","2075",0.44,0,0,26,96.24,4.4963,0,0,1,0,0.1,0,0,0,0,0.1,0,0,0,0,0.15,12.8712,3.5017,13.2095,15.0421,1851
"p330","ssp126","MPI-ESM1-2-LR","2075",0.12,0,0,20,94.54,4.4994,0.0167,0,1,0,0.05,0,0,0,0,0,0,0,0,0,0.05,12.3008,4.3301,11.5082,11.8245,1852
"p330","ssp126","MPI-ESM1-2-LR","2075",0.11,0,0,34,98.61,4.1013,0.1167,0,1,0,0.17,0,0,0,0,0.3,0,0,0,0.15,0.05,13.9714,4.0615,14.223,14.599,1853
"p330","ssp126","MPI-ESM1-2-LR","2075",0.29,0.1,0,24,99.17,4.3662,0,0,1,0,0.06,0,0,0,0,0,0,0,0,0,0.15,12.531,2.351,9.8618,15.1345,1854
"p330","ssp126","MPI-ESM1-2-LR","2075",0.39,0.2,0,26,97.41,4.6472,0.05,0,0.75,0,0.1,0,0,0,0,0,0,0,0,0.15,0.2,14.2272,7.9636,12.781,13.4503,1855
"p330","ssp126","MPI-ESM1-2-LR","2075",0.23,0,0,40,94.2,4.7955,0.1,0,0.55,0,0.07,0,0,0,0,0,0,0,0.05,0,0.15,14.3185,6.5373,11.0188,15.9445,1856
"p330","ssp126","MPI-ESM1-2-LR","2075",0.12,0,0,33,98.7,4.6961,0.1167,0,0,0,0.06,0,0,0,0,0,0,0,0,0,0.2,13.4449,9.7852,8.6723,13.8926,1857
"p330","ssp126","MPI-ESM1-2-LR","2075",0.33,0,0,18,108.01,4.9485,0.0833,0,0.7,0,0.07,0,0,0,0,0,0,0,0,0.15,0.5,11.6263,6.7908,16.2083,14.0847,1858
"p330","ssp126","MPI-ESM1-2-LR","2075",0.12,0,0,27,98.07,4.6007,0.0667,0,0.4,0,0.08,0,0,0,0,0,0,0,0,0,0.15,13.8809,5.4148,11.1852,15.0967,1859
"p330","ssp126","MPI-ESM1-2-LR","2075",0.37,0.35,0,47,102.88,4.6171,0.0833,0,1,0,0.1,0,0,0,0,0,0,0,0,0.15,0.25,13.8802,4.3084,11.3142,15.3806,1860
"p330","ssp126","MPI-ESM1-2-LR","2075",0.37,0.25,0,35,86.05,5.1022,0.0667,0,0.6,0.1,0.14,0,0,0,0,0,0,0,0,0,0.05,14.6472,6.1468,10.841,13.0937,1861
"p330","ssp126","MPI-ESM1-2-LR","2075",0.28,0,0,29,103.25,4.9691,0.1667,0,0.05,0.3,0.09,0,0,0,0,0,0,0,0,0,0,12.617,8.6736,11.4155,10.7618,1862
"p330","ssp126","MPI-ESM1-2-LR","2075",0.33,0,0,8,95.01,4.8369,0.05,0,0.95,0,0.05,0,0,0,0,0.1,0,0,0,0,0.3,9.9535,5.4073,12.9435,14.8664,1863
"p330","ssp126","MPI-ESM1-2-LR","2075",0.36,0,0,18,101.04,4.8829,0.0667,0,0.15,0,0.06,0,0,0,0,0,0,0,0,0,0.15,11.1132,7.9102,11.151,15.1659,1864
"p330","ssp126","MPI-ESM1-2-LR","2075",0.1,0,0,34,108.32,4.4444,0.0667,0,0.35,0,0,0,0,0,0,0,0,0.05,0,0,0.2,13.0991,6.6437,10.1385,18.7199,1865
"p330","ssp126","MPI-ESM1-2-LR","2075",0.15,0,0,25,105.3,4.9234,0.05,0,0.7,0,0,0,0,0,0,0.3,0,0,0,0,0.15,12.9081,5.7488,14.1928,16.5202,1866
"p330","ssp126","MPI-ESM1-2-LR","2075",0.38,0.15,0,33,94.98,4.4123,0.05,0,0.4,0,0.13,0,0,0,0,0,0,0,0,0,0.25,13.2995,6.4809,11.3187,15.1823,1867
"p330","ssp126","MPI-ESM1-2-LR","2075",0.14,0,0.1,31,100.83,4.8171,0.0833,0,1,0.05,0.11,0,0,0,0,0,0,0,0,0,0.15,14.2474,5.5818,9.123,15.6985,1868
"p330","ssp126","MPI-ESM1-2-LR","2075",0.29,0,0,34,100.45,4.5217,0.05,0,0.3,0.1,0.07,0,0,0,0,0,0,0,0.05,0,0.3,13.3538,7.8562,11.4452,16.5504,1869
"p330","ssp126","MPI-ESM1-2-LR","2075",0.45,0,0,53,99.33,4.675,0.15,0,0.9,0,0.14,0,0,0,0,0,0,0,0,0,0.1,15.1876,6.821,11.9718,14.2086,1870
"p330","ssp126","MPI-ESM1-2-LR","2075",0.21,0,0.1,25,87.38,4.5466,0.1167,0,1,0.05,0.1,0,0,0,0,0,0,0,0,0,0.15,12.9525,5.1929,10.6393,13.2986,1871
"p330","ssp126","MPI-ESM1-2-LR","2075",0.23,0,0,40,107.35,4.3155,0.0833,0,0.3,0,0,0,0,0,0,0,0,0,0,0,0.25,13.524,7.3172,9.5095,15.4882,1872
"p330","ssp126","MPI-ESM1-2-LR","2075",0.11,0,0.15,38,103.39,4.822,0.0167,0,1,0,0.13,0,0,0,0,0,0,0,0,0,0.4,14.3812,4.3845,13.4587,16.684,1873
"p330","ssp126","MPI-ESM1-2-LR","2075",0.33,0.25,0,43,101.94,4.6374,0.1167,0,0.3,0,0.12,0,0,0,0,0,0,0,0,0.15,0.05,14.9421,8.2738,12.4488,16.1314,1874
"p330","ssp126","MPI-ESM1-2-LR","2075",0.3,0,0,34,96.67,4.5713,0.0667,0,0.2,0,0.12,0,0,0,0,0.15,0,0,0,0,0,13.597,7.7491,12.521,12.6691,1875
"p330","ssp126","MPI-ESM1-2-LR","2075",0.12,0,0,16,104.63,5.145,0.1,0,0.4,0,0.05,0,0,0,0,0,0,0,0,0,0,12.9777,6.7542,12.8502,13.4624,1876
"p330","ssp126","MPI-ESM1-2-LR","2075",0.2,0,0,41,94.37,4.6744,0.1167,0,0.4,0,0.06,0,0,0,0,0,0,0,0,0,0.1,14.2743,6.6767,11.696,13.3804,1877
"p330","ssp126","MPI-ESM1-2-LR","2075",0.43,0,0,41,91.73,4.6073,0,0,0.45,0,0.1,0,0,0,0,0.1,0,0,0,0,0.3,14.1029,6.3428,11.773,15.0389,1878
"p330","ssp126","MPI-ESM1-2-LR","2075",0.38,0,0,22,86.42,4.348,0.05,0,0.6,0.05,0,0,0,0,0,0.15,0,0,0,0,0.3,11.9328,6.5175,11.079,15.7738,1879
"p330","ssp126","MPI-ESM1-2-LR","2075",0.24,0,0,35,83.45,4.6996,0.1333,0,0.15,0.05,0.17,0,0,0,0,0,0,0,0,0,0.35,14.0505,9.3603,11.0912,13.6603,1880
"p330","ssp126","MPI-ESM1-2-LR","2075",0.24,0,0,47,102.17,4.433,0.1167,0,0.2,0,0.05,0,0,0,0,0,0,0,0,0,0.4,14.8156,9.2648,11.7542,13.1884,1881
"p330","ssp126","MPI-ESM1-2-LR","2075",0.22,0.15,0,41,91.19,4.754,0.0667,0,1,0,0.05,0,0,0,0,0,0,0,0,0,0.2,15.1865,4.1104,10.1678,16.1924,1882
"p330","ssp126","MPI-ESM1-2-LR","2075",0.31,0,0,24,106.8,4.8279,0.0667,0,0.7,0.05,0.1,0,0,0,0,0,0,0.05,0.05,0,0.1,13.1793,5.5401,10.5632,14.7533,1883
"p330","ssp126","MPI-ESM1-2-LR","2075",0.29,0,0,19,96.38,4.9938,0.1333,0,0.6,0.05,0.05,0,0,0,0,0,0,0,0,0.15,0.3,11.7354,6.8816,8.9608,16.492,1884
"p330","ssp126","MPI-ESM1-2-LR","2075",0.22,0.55,0,41,100.97,4.6933,0.0833,0,0.9,0,0.06,0,0,0,0,0,0,0,0,0,0.05,14.3882,5.2543,13.1887,14.0757,1885
"p330","ssp126","MPI-ESM1-2-LR","2075",0.27,0.15,0,37,91.15,4.579,0.05,0,0.9,0,0.14,0,0,0,0,0,0,0,0.05,0,0.1,14.2213,5.5478,12.0662,14.6067,1886
"p330","ssp126","MPI-ESM1-2-LR","2075",0.36,0,0,32,100.65,4.9675,0.1,0,0.7,0,0.09,0,0,0,0,0,0,0,0,0.15,0.45,13.4114,5.6244,12.4538,15.2585,1887
"p330","ssp126","MPI-ESM1-2-LR","2075",0.34,0.25,0,45,106.57,4.6858,0.1167,0,0.25,0,0.1,0,0,0,0,0,0,0,0,0,0.1,14.8587,7.5475,11.9635,14.6032,1888
"p330","ssp126","MPI-ESM1-2-LR","2075",0.27,0,0,24,103.46,5.1298,0.1,0,0.4,0,0.11,0,0,0,0,0,0,0,0,0,0,13.0995,6.9293,10.882,13.3794,1889
"p330","ssp126","MPI-ESM1-2-LR","2075",0.13,0,0,17,95.6,4.6721,0,0,1,0,0.06,0,0,0,0,0,0,0,0,0,0,11.8495,3.5293,11.1643,13.1176,1890
"p330","ssp126","MPI-ESM1-2-LR","2075",0.21,0,0,37,101.81,4.7585,0.0333,0,0.95,0,0.06,0,0,0,0,0,0,0,0,0,0.15,13.9778,5.7506,12.0732,11.6714,1891
"p330","ssp126","MPI-ESM1-2-LR","2075",0.18,0,0,15,90.89,4.5916,0.0833,0,0.75,0,0.16,0,0,0,0,0,0,0,0,0,0.35,11.735,5.8522,11.1877,14.9074,1892
"p330","ssp126","MPI-ESM1-2-LR","2075",0.06,0,0,27,95.3,5.104,0.2333,0,0.5,0,0.1,0,0,0,0,0,0,0,0,0,0,12.096,8.9719,10.2212,13.0053,1893
"p330","ssp126","MPI-ESM1-2-LR","2075",0.27,0,0,41,97.97,4.5858,0.05,0,0.2,0,0.09,0,0,0,0,0,0,0,0,0,0,14.384,6.4562,10.2502,12.6105,1894
"p330","ssp126","MPI-ESM1-2-LR","2075",0,0,0,24,100.39,4.7715,0.1333,0,0.7,0,0.13,0,0,0,0,0,0,0,0,0.45,0.05,13.628,7.9079,13.126,14.8756,1895
"p330","ssp126","MPI-ESM1-2-LR","2075",0.32,0,0,51,107.09,4.723,0.0333,0,1,0,0.11,0,0,0,0,0,0,0,0,0,0.2,15.1761,4.2247,14.0255,15.6233,1896
"p330","ssp126","MPI-ESM1-2-LR","2075",0.13,0,0,36,103.41,4.7265,0.1,0,1,0,0.08,0,0,0,0,0.1,0,0,0,0,0.1,14.2434,5.038,14.6388,13.1896,1897
"p330","ssp126","MPI-ESM1-2-LR","2075",0.2,0,0,33,103.69,4.7466,0.1167,0,0.15,0,0.15,0,0,0,0,0,0,0,0,0,0,12.8851,7.8601,12.3205,11.262,1898
"p330","ssp126","MPI-ESM1-2-LR","2075",0.27,0,0,34,85.88,4.426,0.0667,0,0.7,0.05,0,0,0,0,0,0,0,0,0,0,0.05,14.6803,7.1522,8.8168,14.8045,1899
"p330","ssp126","MPI-ESM1-2-LR","2075",0.3,0,0,51,98.14,4.7069,0,0,0.6,0,0.1,0,0,0,0,0,0,0,0,0,0.15,15.4434,6.0793,11.0593,11.568,1900
"p330","ssp126","MRI-ESM2-0","2075",0.16,0,0,41,91.3,5.028,0.1167,0,1,0,0,0,0,0,0,0,0,0,0,0,0.25,14.4758,5.3834,10.4787,14.9569,1901
"p330","ssp126","MRI-ESM2-0","2075",0.05,0.15,0,41,98.76,5.3049,0.0667,0,0.3,0,0.13,0,0,0,0,0,0,0,0,0,0.25,14.3175,6.4268,12.1522,16.2688,1902
"p330","ssp126","MRI-ESM2-0","2075",0.15,0,0,36,98.52,5.0962,0.1,0,0.9,0,0.26,0,0,0,0,0,0,0,0,0.15,0.25,13.9305,5.4375,14.934,15.993,1903
"p330","ssp126","MRI-ESM2-0","2075",0.31,0,0,28,99.98,5.055,0.1833,0,0.4,0.05,0.08,0,0,0,0,0.2,0,0,0,0,0.2,12.8701,7.2669,10.1548,15.3732,1904
"p330","ssp126","MRI-ESM2-0","2075",0.19,0,0,49,96.99,5.2057,0.1,0,0.7,0.05,0.09,0,0,0,0,0,0,0,0,0,0.15,14.5046,6.0847,13.585,14.859,1905
"p330","ssp126","MRI-ESM2-0","2075",0.28,0,0,38,108.57,5.2972,0.0667,0,0.85,0.15,0,0,0,0,0,0,0,0,0,0,0.3,13.4376,5.7802,8.3532,14.7917,1906
"p330","ssp126","MRI-ESM2-0","2075",0.17,0.1,0,38,85.37,5.1038,0.0333,0,1,0,0.12,0,0,0,0,0,0,0,0,0,0.05,14.3319,5.2174,10.1558,13.0276,1907
"p330","ssp126","MRI-ESM2-0","2075",0.34,0.4,0,33,100.98,5.2599,0.1167,0,0.6,0,0.06,0,0,0,0,0,0,0.05,0.05,0,0.5,13.0694,6.1354,11.2992,19.2989,1908
"p330","ssp126","MRI-ESM2-0","2075",0.41,0,0,45,78.22,4.5168,0.05,0,1,0,0.1,0,0,0,0,0,0,0,0.05,0,0.1,15.6165,3.7271,13.5778,15.1399,1909
"p330","ssp126","MRI-ESM2-0","2075",0.3,0.2,0,53,92.94,5.3642,0.15,0,1,0.1,0.16,0,0,0,0,0,0,0,0,0,0.15,14.9923,4.7155,13.1935,15.2376,1910
"p330","ssp126","MRI-ESM2-0","2075",0.13,0.15,0.15,51,82.34,5.1162,0.1,0,0.4,0,0.14,0,0,0,0,0,0,0,0,0,0.15,15.6955,7.1548,14.1647,15.6806,1911
"p330","ssp126","MRI-ESM2-0","2075",0.24,0,0,14,96.52,5.0742,0.0333,0,0.9,0,0,0,0,0,0,0,0,0,0,0,0.15,11.8168,5.7768,11.5942,17.118,1912
"p330","ssp126","MRI-ESM2-0","2075",0.24,0.25,0,49,90.74,5.2345,0.25,0,0.4,0,0.1,0,0,0,0,0,0,0,0,0,0.25,15.1723,8.1144,14.4045,14.305,1913
"p330","ssp126","MRI-ESM2-0","2075",0.26,0,0,39,92.3,5.4914,0.2167,0,0.4,0,0.12,0,0,0,0,0.15,0,0,0,0.15,0.25,13.1987,8.0579,13.617,15.3994,1914
"p330","ssp126","MRI-ESM2-0","2075",0.1,0.1,0,38,95.76,5.1443,0.0833,0,0.75,0,0.05,0,0,0,0,0.15,0,0.05,0.05,0,0.3,13.816,6.1668,13.0957,18.5492,1915
"p330","ssp126","MRI-ESM2-0","2075",0.17,0,0,33,99.29,5.082,0.0833,0,0.7,0,0.12,0,0,0,0,0.3,0,0,0,0.15,0.55,13.4611,5.82,14.6092,16.5385,1916
"p330","ssp126","MRI-ESM2-0","2075",0.13,0,0,39,88.14,5.0283,0.15,0,0.3,0,0.11,0,0,0,0,0,0,0,0,0,0.35,13.5536,7.3196,14.8958,15.4863,1917
"p330","ssp126","MRI-ESM2-0","2075",0.18,0,0,38,75.48,4.8821,0.0167,0,1,0.05,0,0,0,0,0,0,0,0,0,0,0.1,12.6813,3.1785,8.8413,14.2788,1918
"p330","ssp126","MRI-ESM2-0","2075",0.32,0.3,0,37,86.91,4.7956,0.0667,0,1,0.05,0.07,0,0,0,0,0,0,0,0,0,0.1,13.8036,4.3304,10.0468,15.0653,1919
"p330","ssp126","MRI-ESM2-0","2075",0.17,0,0,47,96.92,5.5558,0.0667,0,1,0,0,0,0,0,0,0,0,0,0,0,0.7,15.0546,4.4625,12.4427,17.8783,1920
"p330","ssp126","MRI-ESM2-0","2075",0.2,0.1,0,46,83.78,4.6814,0.1167,0,0.65,0,0.07,0,0,0,0,0.1,0,0,0.05,0,0.85,14.9252,5.4732,12.7835,16.8666,1921
"p330","ssp126","MRI-ESM2-0","2075",0.16,0,0,24,86.45,4.952,0.1,0,0.45,0,0.06,0,0,0,0,0,0,0,0,0,0.45,12.1604,7.2342,15.477,18.1218,1922
"p330","ssp126","MRI-ESM2-0","2075",0.16,0.1,0,29,100.19,4.9723,0.15,0,0.65,0.05,0.06,0,0,0,0,0,0,0,0,0,0.1,13.3419,7.2818,9.586,13.4871,1923
"p330","ssp126","MRI-ESM2-0","2075",0.49,0,0,29,87.08,4.5526,0.0167,0,1,0,0,0,0,0,0,0,0,0,0,0.15,0.2,13.3347,4.8478,11.9305,17.5148,1924
"p330","ssp126","MRI-ESM2-0","2075",0.16,0,0,33,97.57,5.2472,0.0833,0,1,0.05,0,0,0,0,0,0,0,0,0,0,0.2,13.9865,5.4126,10.1153,14.5532,1925
"p330","ssp126","MRI-ESM2-0","2075",0.25,0.25,0,41,98.57,5.007,0.1,0,0.75,0,0.06,0,0,0,0,0,0,0,0,0.15,0.25,15.6028,5.1425,13.9032,15.7235,1926
"p330","ssp126","MRI-ESM2-0","2075",0.32,0,0,36,77.19,5.1563,0.0833,0,1,0,0.11,0,0,0,0,0,0,0.05,0,0.15,0.45,12.6048,4.5921,14.5292,17.6556,1927
"p330","ssp126","MRI-ESM2-0","2075",0,0,0,32,97.58,5.093,0.15,0,0.35,0,0.05,0,0,0,0,0.15,0,0,0,0,0.15,12.9082,7.4318,10.332,15.5967,1928
"p330","ssp126","MRI-ESM2-0","2075",0.22,0,0,29,93.59,5.214,0.05,0,0.8,0,0,0,0,0,0,0,0,0,0,0,0.1,14.2876,5.3122,11.7227,13.9566,1929
"p330","ssp126","MRI-ESM2-0","2075",0.32,0,0,27,100.17,5.1156,0.0167,0,1,0,0.12,0,0,0,0,0,0,0,0,0,0.3,12.776,1.9469,12.953,16.5089,1930
"p330","ssp126","MRI-ESM2-0","2075",0.15,0,0,37,99.83,5.1405,0.0833,0,1,0,0,0,0,0,0,0,0,0,0,0.15,0.1,13.7581,3.3218,13.431,12.6471,1931
"p330","ssp126","MRI-ESM2-0","2075",0.41,0,0,51,87.85,5.2323,0.0167,0,0.65,0.1,0.12,0,0,0,0,0,0,0,0,0,0.3,14.9292,5.5738,8.6408,14.6826,1932
"p330","ssp126","MRI-ESM2-0","2075",0.32,0,0,38,95.87,5.365,0.1333,0,0.95,0,0,0,0,0,0,0.15,0,0,0,0,0.4,14.0543,6.411,15.4677,15.7119,1933
"p330","ssp126","MRI-ESM2-0","2075",0.22,0,0,35,85.92,5.1264,0.1333,0,0.65,0,0.12,0,0,0,0,0,0,0,0.05,0.15,0.4,13.3064,7.7522,13.2762,16.7452,1934
"p330","ssp126","MRI-ESM2-0","2075",0.43,0,0,38,87.41,5.3136,0.0667,0,0.9,0.05,0.06,0,0,0,0,0,0,0,0,0.15,0.55,14.027,5.5846,9.6617,15.7297,1935
"p330","ssp126","MRI-ESM2-0","2075",0.32,0.2,0,42,99.34,5.3843,0.0833,0,0.95,0,0.12,0,0,0,0,0,0,0,0,0,0,14.5329,5.4432,12.0092,11.4027,1936
"p330","ssp126","MRI-ESM2-0","2075",0.25,0.25,0,31,80.84,4.9289,0.1833,0,1,0,0.07,0,0,0,0,0.35,0,0,0.05,0,0.3,13.4583,6.4584,14.0875,15.5419,1937
"p330","ssp126","MRI-ESM2-0","2075",0.15,0,0,29,84.4,4.3637,0.0333,0,1,0,0.06,0,0,0,0,0,0,0,0,0,0.25,13.0261,3.1317,12.5357,17.2741,1938
"p330","ssp126","MRI-ESM2-0","2075",0.27,0.1,0,36,85.25,4.8173,0.0167,0,1,0.05,0.05,0,0,0,0,0,0,0,0,0,0.45,13.914,0.8338,15.2713,17.4105,1939
"p330","ssp126","MRI-ESM2-0","2075",0.33,0,0,32,97.71,5.2563,0.0833,0,0.65,0,0.21,0,0,0,0,0,0,0,0,0,0.15,12.6015,6.634,15.4798,16.1858,1940
"p330","ssp126","MRI-ESM2-0","2075",0.29,0.15,0,51,67.98,4.9944,0.1167,0,1,0,0.05,0,0,0,0,0,0,0,0,0,0.35,15.1486,5.6593,10.2532,16.4732,1941
"p330","ssp126","MRI-ESM2-0","2075",0.16,0,0,29,85.91,5.1386,0.15,0,1,0.05,0,0,0,0,0,0,0,0.05,0,0,0.2,13.6837,5.4531,12.6127,15.2723,1942
"p330","ssp126","MRI-ESM2-0","2075",0.16,0.15,0,30,94.44,4.8144,0.1,0,1,0.05,0,0,0,0,0,0,0,0,0,0,0.2,13.1358,4.7022,10.2423,15.4011,1943
"p330","ssp126","MRI-ESM2-0","2075",0.29,0.15,0,49,91.25,5.2965,0.0833,0,0.8,0.05,0.07,0,0,0,0,0,0,0,0,0,0,15.5418,6.1442,11.0775,13.4276,1944
"p330","ssp126","MRI-ESM2-0","2075",0.15,0.15,0,28,97.73,5.018,0.0333,0,1,0,0.06,0,0,0,0,0.2,0,0,0,0.15,0.2,11.9989,2.1833,12.2315,13.329,1945
"p330","ssp126","MRI-ESM2-0","2075",0.23,0,0,39,89.94,5.3588,0.1,0,0.4,0,0.05,0,0,0,0,0,0,0,0,0,0.2,13.8036,6.4014,9.4463,14.565,1946
"p330","ssp126","MRI-ESM2-0","2075",0.4,0,0,43,80.74,5.2871,0.2833,0,0.75,0,0.07,0,0,0,0,0.1,0,0,0,0,0.15,14.1161,7.8116,12.026,14.9488,1947
"p330","ssp126","MRI-ESM2-0","2075",0.19,0.15,0,41,99.93,5.4323,0.1,0,0.35,0,0.05,0,0,0,0,0,0,0,0.05,0,0.55,13.6953,6.4377,11.116,16.5414,1948
"p330","ssp126","MRI-ESM2-0","2075",0.15,0,0,27,100.11,5.2923,0.0833,0,0.45,0,0.17,0,0,0,0,0.1,0,0,0,0,0.2,13.9448,6.7549,12.9362,15.0391,1949
"p330","ssp126","MRI-ESM2-0","2075",0.11,0,0,28,83.96,5.0518,0.1,0,1,0.05,0.17,0,0,0,0,0,0,0,0.1,0,0.4,13.6236,0.5369,11.4537,18.3214,1950
"p330","ssp126","MRI-ESM2-0","2075",0.44,0,0,27,92.29,4.8612,0,0,1,0,0.1,0.05,0,0,0,0.1,0,0.05,0,0,0.35,13.0922,2.6257,13.8867,16.6453,1951
"p330","ssp126","MRI-ESM2-0","2075",0.12,0,0,27,84.64,4.8719,0.0167,0,1,0,0.05,0,0,0,0,0,0,0,0,0,0.05,12.5225,3.4492,12.1715,13.4244,1952
"p330","ssp126","MRI-ESM2-0","2075",0.11,0,0,39,91.09,4.4538,0.1167,0,1,0,0.17,0,0,0,0,0.25,0,0,0,0.15,0.15,14.1891,3.1957,14.9277,16.1749,1953
"p330","ssp126","MRI-ESM2-0","2075",0.29,0.15,0,25,90.54,4.7193,0.0167,0,1,0,0.06,0,0,0,0,0,0,0,0,0,0.2,12.7502,1.4801,10.5553,16.7329,1954
"p330","ssp126","MRI-ESM2-0","2075",0.45,0.1,0,31,85.4,5.0442,0.0833,0,0.9,0,0.1,0,0,0,0,0,0,0,0,0.15,0.5,14.4472,7.0879,13.4613,15.053,1955
"p330","ssp126","MRI-ESM2-0","2075",0.23,0,0,43,88.07,5.1832,0.1333,0,1,0,0.07,0,0,0,0,0,0,0.2,0.05,0,0.15,14.5401,5.6575,11.6848,17.5433,1956
"p330","ssp126","MRI-ESM2-0","2075",0.12,0,0,34,92.45,5.0996,0.1833,0,0.1,0.05,0.06,0,0,0,0,0,0,0,0,0,0.4,13.6626,8.9214,9.3795,15.4662,1957
"p330","ssp126","MRI-ESM2-0","2075",0.33,0,0,20,103.31,5.3626,0.0833,0,1,0,0.07,0,0,0,0,0,0,0,0.05,0.15,0.35,11.8453,5.9215,16.9042,15.6812,1958
"p330","ssp126","MRI-ESM2-0","2075",0.12,0,0,31,90.85,4.9788,0.0667,0,0.85,0,0.08,0,0,0,0,0,0,0,0,0,0.4,14.1008,4.5404,11.8682,16.6983,1959
"p330","ssp126","MRI-ESM2-0","2075",0.38,0.35,0,48,97.17,4.9883,0.0833,0,1,0,0.1,0,0,0,0,0,0,0,0,0.15,0.6,14.1016,3.4293,11.9827,16.9786,1960
"p330","ssp126","MRI-ESM2-0","2075",0.37,0.25,0,37,79.72,5.5379,0.0833,0,0.9,0.1,0.14,0,0,0,0,0,0,0,0,0,0.2,14.864,5.2827,11.5502,14.6669,1961
"p330","ssp126","MRI-ESM2-0","2075",0.29,0,0,30,96.69,5.3989,0.2167,0,0.15,0.3,0.09,0,0,0,0,0,0,0,0,0,0,12.8356,7.8051,12.1123,12.358,1962
"p330","ssp126","MRI-ESM2-0","2075",0.33,0,0,14,86.92,5.2609,0.0333,0,1,0,0.05,0,0,0,0,0.1,0,0,0,0.15,0.25,10.1738,4.5333,13.6288,16.4665,1963
"p330","ssp126","MRI-ESM2-0","2075",0.36,0,0,21,93.5,5.3049,0.1167,0,0.25,0,0.06,0,0,0,0,0,0,0,0,0,0.25,11.3343,7.0319,11.8217,16.763,1964
"p330","ssp126","MRI-ESM2-0","2075",0.15,0,0,37,102.56,4.8117,0.0833,0,0.75,0,0,0,0,0,0,0,0,0.15,0,0,0.3,13.3163,5.7807,10.8512,20.2919,1965
"p330","ssp126","MRI-ESM2-0","2075",0.15,0,0.15,30,99.7,5.3301,0.0667,0,1,0,0,0,0,0,0,0.2,0,0,0,0,0.2,13.1268,4.8815,14.8925,18.1153,1966
"p330","ssp126","MRI-ESM2-0","2075",0.35,0.15,0,33,91.17,4.785,0.05,0,0.65,0,0.13,0,0,0,0,0,0,0,0.05,0.15,0.2,13.519,5.6091,12.0065,16.7827,1967
"p330","ssp126","MRI-ESM2-0","2075",0.14,0.15,0.1,34,96.58,5.2133,0.0833,0,1,0.05,0.11,0,0,0,0,0,0,0.05,0.05,0,0.4,14.4685,4.7053,9.7958,17.2959,1968
"p330","ssp126","MRI-ESM2-0","2075",0.29,0.1,0,38,95.34,4.8993,0.0833,0,0.55,0.1,0.07,0.05,0,0,0,0,0,0,0,0,0.35,13.571,6.9944,12.1605,18.1209,1969
"p330","ssp126","MRI-ESM2-0","2075",0.5,0.15,0,55,93.69,5.0857,0.2333,0,1,0,0.14,0,0,0,0,0,0,0,0,0,0.1,15.4057,5.954,12.6743,15.8023,1970
"p330","ssp126","MRI-ESM2-0","2075",0.21,0,0.1,24,79.54,4.9368,0.1167,0,1,0.1,0.12,0,0,0,0,0,0,0,0,0.15,0.4,13.1718,4.3214,11.3293,14.898,1971
"p330","ssp126","MRI-ESM2-0","2075",0.23,0,0,42,100.56,4.6891,0.0833,0,0.4,0,0,0,0,0,0,0,0,0.05,0.05,0,0.4,13.7444,6.4408,10.1855,17.0839,1972
"p330","ssp126","MRI-ESM2-0","2075",0.18,0,0.15,41,96.18,5.215,0.0167,0,1,0,0.13,0,0,0,0,0,0,0.1,0,0,0.7,14.5982,3.5236,14.1758,18.2535,1973
"p330","ssp126","MRI-ESM2-0","2075",0.33,0.3,0,41,95.03,5.0278,0.15,0,0.45,0,0.12,0,0,0,0,0,0,0,0,0.15,0.15,15.1602,7.4087,13.1542,17.7245,1974
"p330","ssp126","MRI-ESM2-0","2075",0.3,0.15,0,35,93.08,4.956,0.1333,0,0.45,0,0.12,0,0,0,0,0.15,0,0,0,0,0.1,13.816,6.8789,13.2135,14.267,1975
"p330","ssp126","MRI-ESM2-0","2075",0.12,0,0,19,99.53,5.5793,0.1333,0,0.6,0,0.05,0,0,0,0,0,0,0,0,0,0.25,13.1985,5.8794,13.529,15.058,1976
"p330","ssp126","MRI-ESM2-0","2075",0.2,0,0,41,89.73,5.0592,0.1667,0,1,0,0.06,0,0,0,0,0,0,0,0.05,0,0.15,14.4906,5.8164,12.4148,14.9497,1977
"p330","ssp126","MRI-ESM2-0","2075",0.43,0,0,41,83.36,4.9963,0.0333,0,0.65,0,0.1,0,0,0,0,0.15,0,0,0.05,0,0.45,14.3201,5.4783,12.4797,16.6317,1978
"p330","ssp126","MRI-ESM2-0","2075",0.38,0,0,28,80.76,4.7261,0.1,0,0.95,0.05,0,0,0,0,0,0.15,0,0,0,0,0.5,12.1519,5.6481,11.774,17.37,1979
"p330","ssp126","MRI-ESM2-0","2075",0.24,0,0,36,78.37,5.0949,0.2833,0,0.35,0.05,0.17,0,0,0,0,0,0,0,0.05,0.15,0.6,14.2704,8.4854,11.7743,15.2617,1980
"p330","ssp126","MRI-ESM2-0","2075",0.24,0,0,50,95.73,4.7985,0.1333,0,0.35,0,0.05,0,0,0,0,0,0,0,0,0,0.4,15.0307,8.4054,12.4777,14.7518,1981
"p330","ssp126","MRI-ESM2-0","2075",0.3,0.15,0,41,84.09,5.1481,0.0667,0,1,0,0.05,0,0,0,0,0.1,0,0.1,0,0,0.3,15.4023,3.2456,10.879,17.7909,1982
"p330","ssp126","MRI-ESM2-0","2075",0.31,0,0,27,102.13,5.2342,0.0667,0,1,0.05,0.1,0,0,0,0,0.1,0,0.2,0.05,0.15,0.15,13.3967,4.6708,11.263,16.3577,1983
"p330","ssp126","MRI-ESM2-0","2075",0.29,0.2,0,20,88.85,5.4091,0.1333,0,0.85,0.05,0.05,0,0,0,0,0,0,0,0,0.15,0.35,11.9536,6.0076,9.646,18.0935,1984
"p330","ssp126","MRI-ESM2-0","2075",0.24,0.55,0,40,97.12,5.1029,0.0833,0,1,0.05,0.06,0,0,0,0,0,0,0,0,0,0.05,14.6022,4.3958,13.9153,15.64,1985
"p330","ssp126","MRI-ESM2-0","2075",0.23,0.15,0,38,86.38,4.9558,0.0833,0,1,0,0.14,0,0,0,0,0,0,0.05,0.05,0,0.15,14.4379,4.6843,12.7805,16.2044,1986
"p330","ssp126","MRI-ESM2-0","2075",0.39,0,0,37,93.35,5.3729,0.1,0,1,0,0.09,0,0,0,0,0,0,0,0.05,0.15,0.6,13.6287,4.7559,13.1562,16.8608,1987
"p330","ssp126","MRI-ESM2-0","2075",0.33,0.25,0,44,99.83,5.0832,0.15,0,0.5,0,0.1,0,0,0,0,0,0,0,0,0,0.25,15.0773,6.6749,12.6517,16.2026,1988
"p330","ssp126","MRI-ESM2-0","2075",0.32,0,0,28,98.44,5.5673,0.1167,0,0.85,0,0.11,0,0,0,0,0,0,0,0,0,0.25,13.3139,6.0716,11.6112,14.9422,1989
"p330","ssp126","MRI-ESM2-0","2075",0.21,0,0,23,88.45,5.0593,0.0333,0,1,0.05,0.06,0,0,0,0,0,0,0,0,0,0.2,12.0651,2.6668,11.8803,14.7144,1990
"p330","ssp126","MRI-ESM2-0","2075",0.22,0,0,38,93.1,5.1584,0.0167,0,1,0,0.06,0,0,0,0,0,0,0,0,0,0.2,14.1938,4.8833,12.7775,13.2735,1991
"p330","ssp126","MRI-ESM2-0","2075",0.18,0,0,17,84.18,4.9728,0.0833,0,1,0,0.16,0,0,0,0,0,0,0,0,0,0.5,11.9534,4.9803,11.878,16.5062,1992
"p330","ssp126","MRI-ESM2-0","2075",0.06,0.15,0,29,88.93,5.5359,0.35,0,0.7,0,0.1,0,0,0,0,0,0,0,0,0.15,0.25,12.3102,8.1151,10.9523,14.5674,1993
"p330","ssp126","MRI-ESM2-0","2075",0.27,0,0,43,93.22,4.9707,0.0667,0,0.6,0,0.09,0,0,0,0,0,0,0,0,0,0.1,14.5994,5.5951,10.968,14.2059,1994
"p330","ssp126","MRI-ESM2-0","2075",0,0.1,0,30,95.31,5.176,0.15,0,1,0,0.13,0,0,0,0,0,0,0,0,0.6,0.25,13.8442,7.0413,13.8323,16.4777,1995
"p330","ssp126","MRI-ESM2-0","2075",0.32,0,0,51,99.83,5.1027,0.05,0,1,0,0.11,0,0,0,0,0,0,0,0,0,0.2,15.3943,3.3543,14.7185,17.2211,1996
"p330","ssp126","MRI-ESM2-0","2075",0.13,0,0,42,94.92,5.1121,0.1167,0,1,0,0.08,0,0,0,0,0.1,0,0,0,0,0.1,14.4568,4.1828,15.3715,14.75,1997
"p330","ssp126","MRI-ESM2-0","2075",0.2,0,0,37,97.35,5.1409,0.15,0,0.35,0,0.15,0,0,0,0,0,0,0,0,0,0,13.1003,6.9999,13.0415,12.8573,1998
"p330","ssp126","MRI-ESM2-0","2075",0.27,0,0,36,77.89,4.8134,0.0833,0,0.8,0.05,0,0,0,0,0,0,0,0,0,0,0.2,14.897,6.2864,9.5258,16.4032,1999
"p330","ssp126","MRI-ESM2-0","2075",0.3,0.1,0,55,90.75,5.1073,0.0167,0,0.7,0,0.1,0,0,0,0,0,0,0,0,0,0.35,15.6612,5.2099,11.7547,13.1658,2000
"p330","ssp126","NESM3","2075",0.16,0,0,57,99.6,4.7599,0.0833,0,0.7,0,0,0,0,0,0,0,0,0,0,0,0.2,16.3989,6.6106,10.8617,14.1794,2001
"p330","ssp126","NESM3","2075",0.05,0.35,0,60,104.46,5.0184,0.05,0,0.1,0,0.08,0,0,0,0,0,0,0,0,0,0.15,16.2395,7.6549,12.5498,15.4595,2002
"p330","ssp126","NESM3","2075",0.15,0,0,54,106.18,4.8044,0.1333,0,0.85,0,0.24,0,0,0,0,0,0,0,0,0,0.2,15.8523,6.667,15.3482,15.1776,2003
"p330","ssp126","NESM3","2075",0.31,0,0,50,105.51,4.7584,0.2,0,0.1,0,0.08,0,0,0,0,0.2,0,0,0,0,0.15,14.791,8.4975,10.5887,14.563,2004
"p330","ssp126","NESM3","2075",0.21,0,0,64,104.14,4.9001,0.1,0,0.35,0,0.05,0,0,0,0,0,0,0,0,0,0.15,16.428,7.3122,13.9652,14.0816,2005
"p330","ssp126","NESM3","2075",0.28,0.1,0.1,54,112.82,5.0093,0.0833,0,0.6,0.1,0,0,0,0,0,0,0,0,0,0,0.3,15.3602,7.0073,8.7483,13.9844,2006
"p330","ssp126","NESM3","2075",0.22,0.1,0,52,96.33,4.8115,0.0333,0,0.7,0,0.12,0,0,0,0,0,0,0,0,0,0.05,16.2537,6.446,10.5665,12.2141,2007
"p330","ssp126","NESM3","2075",0.34,0.5,0,39,105.8,4.9611,0.0833,0,0.35,0,0.06,0,0,0,0,0,0,0.05,0.05,0,0.55,14.9907,7.3655,11.7277,18.4895,2008
"p330","ssp126","NESM3","2075",0.41,0,0,79,89.7,4.2577,0.05,0,1,0,0.1,0,0,0,0,0,0,0,0,0,0.1,17.5396,4.9541,13.954,14.3643,2009
"p330","ssp126","NESM3","2075",0.3,0.4,0,59,99.04,5.0509,0.1667,0,0.9,0,0.16,0,0,0,0,0,0,0,0,0,0.1,16.9148,5.9433,13.5853,14.4306,2010
"p330","ssp126","NESM3","2075",0.13,0.2,0.15,71,96.05,4.8387,0.1,0,0.3,0,0.14,0,0,0,0,0,0,0,0,0,0.05,17.6173,8.3837,14.5723,14.868,2011
"p330","ssp126","NESM3","2075",0.24,0,0,28,101.25,4.7862,0.05,0,0.7,0,0,0,0,0,0,0,0,0,0,0,0.05,13.7376,7.007,12.0205,16.3088,2012
"p330","ssp126","NESM3","2075",0.24,0.3,0,63,101.29,4.9542,0.2667,0,0.2,0,0.1,0,0,0,0,0.1,0,0,0,0,0.15,17.0959,9.3407,14.7782,13.5309,2013
"p330","ssp126","NESM3","2075",0.26,0,0,50,100.16,5.1858,0.2167,0,0.15,0,0.12,0,0,0,0,0.15,0,0,0,0,0.15,15.1218,9.2857,14.006,14.5939,2014
"p330","ssp126","NESM3","2075",0.1,0.25,0,56,104.57,4.8555,0.1,0,0.3,0,0,0,0,0,0,0.15,0,0,0,0,0.3,15.7381,7.3958,13.4998,17.7373,2015
"p330","ssp126","NESM3","2075",0.17,0,0,50,106.08,4.8059,0.1,0,0.4,0,0.12,0,0,0,0,0.35,0,0,0,0,0.7,15.3824,7.0503,15.0323,15.7302,2016
"p330","ssp126","NESM3","2075",0.13,0,0,54,100.3,4.7615,0.1167,0,0.25,0,0.11,0,0,0,0,0,0,0,0,0,0.3,15.477,8.5456,15.2662,14.7135,2017
"p330","ssp126","NESM3","2075",0.18,0.1,0,46,88.15,4.6028,0.0167,0,1,0,0,0,0,0,0,0,0,0,0,0,0.1,14.6044,4.4057,9.2262,13.4738,2018
"p330","ssp126","NESM3","2075",0.33,0.4,0,49,96.8,4.5002,0.0333,0,1,0.05,0.07,0,0,0,0,0,0,0,0,0,0.1,15.726,5.5593,10.4472,14.2544,2019
"p330","ssp126","NESM3","2075",0.17,0.35,0,65,99.34,5.2553,0.0333,0,1,0,0,0,0,0,0,0,0,0,0,0,0.55,16.9764,5.6927,12.8615,17.0717,2020
"p330","ssp126","NESM3","2075",0.2,0.15,0,60,94.14,4.4144,0.0833,0,0.35,0,0.07,0,0,0,0,0.2,0,0,0,0,0.5,16.8494,6.6999,13.1502,16.0944,2021
"p330","ssp126","NESM3","2075",0.16,0,0,33,94.91,4.6673,0.1,0,0.1,0,0.06,0,0,0,0,0,0,0,0,0,0.2,14.0835,8.4622,15.8593,17.3186,2022
"p330","ssp126","NESM3","2075",0.16,0.35,0,47,107.11,4.6926,0.15,0,0.45,0.05,0.06,0,0,0,0,0,0,0,0,0,0.05,15.2641,8.5098,9.9835,12.6768,2023
"p330","ssp126","NESM3","2075",0.49,0,0,55,97.2,4.2934,0,0,0.8,0,0,0,0,0,0,0,0,0,0,0.15,0.1,15.2566,6.0773,12.3468,16.7092,2024
"p330","ssp126","NESM3","2075",0.16,0,0,42,104.83,4.9618,0.0667,0,0.6,0.05,0,0,0,0,0,0,0,0,0,0,0,15.9109,6.6393,10.4782,13.7829,2025
"p330","ssp126","NESM3","2075",0.25,0.3,0,60,105.77,4.7152,0.1,0,0.4,0,0.06,0,0,0,0,0,0,0,0,0,0.15,17.5264,6.3696,14.2823,14.9208,2026
"p330","ssp126","NESM3","2075",0.32,0,0,44,90.63,4.8734,0.0667,0,0.95,0,0.11,0,0,0,0,0,0,0,0,0,0.35,14.5273,5.8192,14.9243,16.8471,2027
"p330","ssp126","NESM3","2075",0,0,0,44,103.52,4.8054,0.0667,0,0.2,0,0.05,0,0,0,0,0.15,0,0,0,0,0.15,14.8303,8.6622,10.7463,14.792,2028
"p330","ssp126","NESM3","2075",0.22,0.15,0,53,102.01,4.9113,0.0667,0,0.65,0,0,0,0,0,0,0,0,0,0,0,0.05,16.2116,6.5387,12.0833,13.1878,2029
"p330","ssp126","NESM3","2075",0.32,0,0,39,105.89,4.8525,0.05,0,1,0,0.12,0,0,0,0,0,0,0,0,0,0.15,14.6993,3.1733,13.3285,15.7083,2030
"p330","ssp126","NESM3","2075",0.15,0,0.1,50,106.11,4.8523,0.0667,0,0.8,0,0,0,0,0,0,0,0,0,0,0,0,15.6812,4.55,13.8232,11.8397,2031
"p330","ssp126","NESM3","2075",0.41,0,0,63,92.12,4.9297,0.05,0,0.15,0,0.11,0,0,0,0,0,0,0,0,0,0.25,16.8513,6.8037,9.0515,13.8791,2032
"p330","ssp126","NESM3","2075",0.32,0,0,60,103.31,5.0623,0.0833,0,0.7,0,0,0,0,0,0,0.15,0,0,0,0,0.25,15.979,7.6368,15.8247,14.9446,2033
"p330","ssp126","NESM3","2075",0.22,0,0,50,92.39,4.8397,0.1167,0,0.45,0,0.12,0,0,0,0,0.2,0,0,0.05,0.15,0.4,15.23,8.9795,13.65,15.9458,2034
"p330","ssp126","NESM3","2075",0.43,0,0,55,95.6,5.0237,0.0833,0,0.55,0.05,0.06,0,0,0,0,0,0,0,0,0,0.5,15.9494,6.8123,10.0508,14.9242,2035
"p330","ssp126","NESM3","2075",0.32,0.55,0,54,108.77,5.0862,0.0833,0,0.65,0,0.12,0,0,0,0,0,0,0,0,0,0,16.4552,6.6727,12.4173,10.6011,2036
"p330","ssp126","NESM3","2075",0.25,0.25,0,45,88.97,4.6544,0.1667,0,0.65,0,0.07,0,0,0,0,0.35,0,0,0.05,0,0.15,15.382,7.6839,14.4418,14.776,2037
"p330","ssp126","NESM3","2075",0.2,0.15,0,45,95.56,4.1225,0.0167,0,1,0,0.06,0,0,0,0,0.1,0,0,0,0,0.25,14.9491,4.3582,12.9058,16.4758,2038
"p330","ssp126","NESM3","2075",0.27,0.25,0,51,91.37,4.5462,0.0167,0,1,0,0.05,0,0,0,0,0,0,0,0,0,0.3,15.8367,2.0608,15.6567,16.6062,2039
"p330","ssp126","NESM3","2075",0.33,0,0,50,106.49,4.9552,0.05,0,0.4,0,0.21,0,0,0,0,0.1,0,0,0,0,0.2,14.5241,7.8631,15.885,15.385,2040
"p330","ssp126","NESM3","2075",0.34,0.3,0,67,80.79,4.7215,0.1,0,0.7,0,0.05,0,0,0,0,0,0,0,0,0.15,0.3,17.0721,6.8851,10.605,15.7082,2041
"p330","ssp126","NESM3","2075",0.16,0,0,47,92.08,4.8497,0.15,0,0.7,0,0,0,0,0,0,0,0,0.05,0,0,0.25,15.6073,6.6795,12.9797,14.4745,2042
"p330","ssp126","NESM3","2075",0.16,0.15,0,40,103.56,4.5416,0.0833,0,0.8,0,0,0,0,0,0,0,0,0,0,0,0,15.0592,5.9299,10.6257,14.5985,2043
"p330","ssp126","NESM3","2075",0.29,0.5,0,72,101.16,5.0072,0.0667,0,0.3,0.05,0.07,0,0,0,0,0.35,0,0,0,0,0,17.4641,7.3732,11.4785,12.6282,2044
"p330","ssp126","NESM3","2075",0.15,0.5,0,38,105.77,4.7434,0.0333,0,1,0,0.06,0,0,0,0,0.2,0,0,0,0,0.1,13.9232,3.4087,12.58,12.5659,2045
"p330","ssp126","NESM3","2075",0.23,0.1,0,48,100.17,5.059,0.1,0,0.15,0,0.05,0,0,0,0,0,0,0,0,0,0.05,15.7271,7.6275,9.8103,13.7697,2046
"p330","ssp126","NESM3","2075",0.4,0.15,0,60,89.59,4.9674,0.2,0,0.4,0,0.06,0,0,0,0,0.15,0,0,0,0,0.05,16.039,9.0388,12.4058,14.147,2047
"p330","ssp126","NESM3","2075",0.19,0.15,0,48,107.4,5.1341,0.0833,0,0,0,0.05,0,0,0,0,0,0,0,0.05,0,0.3,15.618,7.6663,11.5138,15.743,2048
"p330","ssp126","NESM3","2075",0.2,0,0,49,108.76,5.0048,0.0833,0,0.25,0,0.17,0,0,0,0,0.1,0,0,0,0,0.05,15.8683,7.9797,13.2822,14.2779,2049
"p330","ssp126","NESM3","2075",0.11,0,0,50,92.39,4.7743,0.1167,0,1,0,0.17,0,0,0,0,0,0,0,0,0,0.55,15.5473,1.7638,11.8142,17.5277,2050
"p330","ssp126","NESM3","2075",0.44,0,0,50,97.66,4.6117,0,0,1,0,0.1,0.05,0,0,0,0.1,0,0,0,0,0.15,15.0153,3.8522,14.2633,15.8447,2051
"p330","ssp126","NESM3","2075",0.12,0,0,40,95.89,4.5976,0.0167,0,1,0,0.05,0,0,0,0,0.15,0,0,0,0,0.05,14.4453,4.6774,12.5673,12.6276,2052
"p330","ssp126","NESM3","2075",0.11,0,0,61,100.36,4.1997,0.1167,0,1,0,0.17,0,0,0,0,0.35,0,0,0,0,0.1,16.1132,4.4212,15.2697,15.4144,2053
"p330","ssp126","NESM3","2075",0.29,0.15,0,36,101.37,4.4721,0,0,1,0,0.06,0,0,0,0,0,0,0,0,0,0.15,14.6739,2.7058,10.9125,15.9398,2054
"p330","ssp126","NESM3","2075",0.46,0.1,0,63,98.5,4.755,0.0667,0,0.85,0,0.1,0,0,0,0,0,0,0,0,0,0.25,16.3708,8.3145,13.8348,14.2538,2055
"p330","ssp126","NESM3","2075",0.18,0,0,62,96.02,4.8997,0.1333,0,0.4,0,0.07,0,0,0,0,0,0,0.05,0,0,0.15,16.4628,6.8858,12.0757,16.748,2056
"p330","ssp126","NESM3","2075",0.12,0,0,48,99,4.8047,0.15,0,0.05,0,0.06,0,0,0,0,0,0,0,0,0,0.3,15.5869,10.1461,9.719,14.7069,2057
"p330","ssp126","NESM3","2075",0.38,0,0,29,109.09,5.0744,0.1,0,0.6,0,0.07,0,0,0,0,0,0,0,0,0,0.55,13.7691,7.1469,17.2587,14.8892,2058
"p330","ssp126","NESM3","2075",0.12,0.25,0.1,51,98.97,4.7013,0.0667,0,0.45,0,0.08,0,0,0,0,0,0,0,0,0,0.35,16.0242,5.7668,12.2383,15.9003,2059
"p330","ssp126","NESM3","2075",0.38,0.35,0,57,105.25,4.7189,0.0833,0,1,0,0.1,0,0,0,0,0,0,0,0,0,0.35,16.024,4.6577,12.3722,16.1845,2060
"p330","ssp126","NESM3","2075",0.37,0.25,0,57,89.99,5.2185,0.0833,0,0.55,0.05,0.14,0,0,0,0,0,0,0,0,0,0.1,16.7886,6.5078,11.886,13.9097,2061
"p330","ssp126","NESM3","2075",0.29,0.2,0,43,104.62,5.0952,0.2167,0,0.05,0.1,0.09,0,0,0,0,0,0,0,0,0,0,14.7595,9.0308,12.464,11.567,2062
"p330","ssp126","NESM3","2075",0.33,0,0,20,97.74,4.949,0.05,0,0.8,0,0.05,0,0,0,0,0.1,0,0,0,0,0.3,12.0969,5.7597,13.9957,15.6705,2063
"p330","ssp126","NESM3","2075",0.36,0,0,29,101.75,4.9986,0.0667,0,0.1,0,0.06,0,0,0,0,0,0,0,0,0,0.15,13.2573,8.26,12.2083,15.9697,2064
"p330","ssp126","NESM3","2075",0.15,0,0,48,110.09,4.5534,0.1,0,0.3,0,0,0,0,0,0,0,0,0.1,0,0,0.3,15.2407,7.0057,11.184,19.5362,2065
"p330","ssp126","NESM3","2075",0.16,0,0.15,45,107.31,5.0313,0.0667,0,0.7,0,0,0,0,0,0,0.35,0,0,0,0,0.15,15.0513,6.1065,15.2408,17.327,2066
"p330","ssp126","NESM3","2075",0.35,0.15,0,55,96.48,4.503,0.05,0,0.35,0,0.13,0,0,0,0,0,0,0,0,0,0.1,15.4431,6.8348,12.3698,15.9864,2067
"p330","ssp126","NESM3","2075",0.14,0.15,0.2,55,101.42,4.9346,0.0833,0,1,0,0,0,0,0,0,0,0,0,0.05,0,0.1,16.392,5.9332,10.1795,16.503,2068
"p330","ssp126","NESM3","2075",0.31,0.1,0,50,101.15,4.6206,0.0833,0,0.25,0,0.07,0.05,0,0,0,0,0,0,0,0,0.3,15.4958,8.2189,12.4895,17.3663,2069
"p330","ssp126","NESM3","2075",0.51,0.15,0,66,100.43,4.8051,0.2,0,0.85,0,0.14,0,0,0,0,0,0,0,0,0,0.05,17.3306,7.1797,13.0197,15.0153,2070
"p330","ssp126","NESM3","2075",0.22,0,0.1,48,89.47,4.6565,0.15,0,1,0,0.1,0,0,0,0,0,0,0,0,0,0.25,15.096,5.5476,11.6905,14.1036,2071
"p330","ssp126","NESM3","2075",0.23,0,0,55,109.42,4.4087,0.1167,0,0.35,0,0,0,0,0,0,0,0,0,0,0,0.35,15.6681,7.6688,10.5647,16.2938,2072
"p330","ssp126","NESM3","2075",0.18,0,0.15,54,104.79,4.927,0.0167,0,1,0,0.13,0,0,0,0,0.2,0,0,0,0.15,0.4,16.5229,4.7487,14.5028,17.5016,2073
"p330","ssp126","NESM3","2075",0.33,0.6,0,58,102.89,4.7492,0.1333,0,0.35,0,0.12,0,0,0,0,0,0,0,0,0,0.1,17.0845,8.634,13.496,16.9382,2074
"p330","ssp126","NESM3","2075",0.3,0.15,0,46,98.63,4.6619,0.1167,0,0.2,0,0.12,0,0,0,0,0.15,0,0,0,0,0.1,15.7396,8.1046,13.57,13.4741,2075
"p330","ssp126","NESM3","2075",0.12,0,0,41,105.22,5.2683,0.1,0,0.35,0,0,0,0,0,0,0,0,0,0,0,0.05,15.1218,7.1072,13.9058,14.2679,2076
"p330","ssp126","NESM3","2075",0.2,0,0,63,96.11,4.7863,0.15,0,0.5,0,0.06,0,0,0,0,0,0,0,0,0,0.1,16.4154,7.0414,12.7383,14.1987,2077
"p330","ssp126","NESM3","2075",0.43,0.2,0,53,94.71,4.7156,0.0167,0,0.5,0,0.1,0,0,0,0,0.15,0,0,0,0,0.35,16.2447,6.7033,12.8192,15.8468,2078
"p330","ssp126","NESM3","2075",0.38,0,0,35,91.11,4.4516,0.0667,0,0.45,0,0,0,0,0,0,0.15,0,0,0,0,0.4,14.076,6.8742,12.1293,16.5785,2079
"p330","ssp126","NESM3","2075",0.24,0,0,47,86.27,4.7915,0.1667,0,0,0,0.17,0,0,0,0,0,0,0,0,0,0.35,16.1943,9.7119,12.144,14.4632,2080
"p330","ssp126","NESM3","2075",0.22,0.1,0,63,104.11,4.5356,0.1167,0,0.2,0,0.05,0,0,0,0,0,0,0,0,0,0.4,16.9596,9.6288,12.7948,14.0035,2081
"p330","ssp126","NESM3","2075",0.3,0.15,0,58,90.89,4.8681,0.0667,0,1,0,0,0,0,0,0,0.15,0,0,0,0,0.2,17.3305,4.4692,11.2115,16.9971,2082
"p330","ssp126","NESM3","2075",0.37,0,0,51,107.85,4.9402,0.0667,0,0.7,0.05,0.05,0,0,0,0,0,0,0.1,0.05,0,0.15,15.3244,5.8958,11.6118,15.557,2083
"p330","ssp126","NESM3","2075",0.29,0.2,0,24,95.12,5.0974,0.15,0,0.45,0,0.05,0,0,0,0,0,0,0,0,0.15,0.25,13.8808,7.2342,10.0132,17.2961,2084
"p330","ssp126","NESM3","2075",0.24,0.75,0,53,102.32,4.8058,0.0833,0,0.65,0,0.06,0,0,0,0,0,0,0,0,0,0.1,16.5314,5.6189,14.2292,14.8929,2085
"p330","ssp126","NESM3","2075",0.23,0.15,0,51,91.75,4.6822,0.0833,0,0.85,0,0.14,0,0,0,0,0.1,0,0,0.05,0,0.05,16.3655,5.9073,13.11,15.4121,2086
"p330","ssp126","NESM3","2075",0.4,0,0,50,102.52,5.0893,0.1167,0,0.75,0,0.09,0,0,0,0,0.1,0,0,0,0,0.5,15.5565,5.9808,13.5013,16.062,2087
"p330","ssp126","NESM3","2075",0.33,0.4,0,53,106.81,4.794,0.1167,0,0.2,0,0.1,0,0,0,0,0,0,0,0,0,0.2,17.0047,7.9018,13.0152,15.407,2088
"p330","ssp126","NESM3","2075",0.33,0,0,44,103.86,5.2462,0.1333,0,0.4,0,0.1,0,0,0,0,0,0,0,0,0,0,15.2427,7.294,11.9215,14.1965,2089
"p330","ssp126","NESM3","2075",0.21,0,0,34,98.21,4.7828,0.0333,0,1,0,0.06,0,0,0,0,0,0,0,0,0,0.1,13.9935,3.891,12.2068,13.9244,2090
"p330","ssp126","NESM3","2075",0.22,0,0,54,101.9,4.874,0.0667,0,1,0,0.06,0,0,0,0,0,0,0,0,0,0.15,16.1222,6.1074,13.119,12.4756,2091
"p330","ssp126","NESM3","2075",0.18,0,0,31,93.76,4.6909,0.0833,0,0.75,0,0.15,0,0,0,0,0,0,0,0,0,0.2,13.8809,6.2065,12.2392,15.7127,2092
"p330","ssp126","NESM3","2075",0.06,0.15,0,41,96.97,5.212,0.2833,0,0.45,0,0.1,0,0,0,0,0,0,0,0,0,0,14.2392,9.3387,11.2603,13.8232,2093
"p330","ssp126","NESM3","2075",0.27,0,0,55,100.35,4.7,0.0667,0,0.1,0,0.09,0,0,0,0,0,0,0,0,0,0.05,16.528,6.8189,11.2918,13.417,2094
"p330","ssp126","NESM3","2075",0,0.1,0,51,102.36,4.8802,0.1833,0,0.65,0,0.13,0,0,0,0,0,0,0,0,0.3,0.1,15.7719,8.2655,14.1707,15.6798,2095
"p330","ssp126","NESM3","2075",0.32,0.15,0,63,107.12,4.8418,0.0333,0,1,0,0.11,0,0,0,0,0,0,0,0,0,0.15,17.3218,4.5799,15.0753,16.4276,2096
"p330","ssp126","NESM3","2075",0.13,0,0,63,104.21,4.8413,0.1167,0,1,0,0.08,0,0,0,0,0.1,0,0,0,0,0.1,16.3863,5.4058,15.6765,14.0075,2097
"p330","ssp126","NESM3","2075",0.2,0,0,45,104.63,4.8609,0.1833,0,0.15,0,0.15,0,0,0,0,0,0,0,0,0,0,15.0288,8.2236,13.3618,12.0697,2098
"p330","ssp126","NESM3","2075",0.27,0,0,66,86.17,4.5395,0.0833,0,0.7,0,0,0,0,0,0,0,0,0,0,0,0.1,16.8251,7.5107,9.8617,15.6086,2099
"p330","ssp126","NESM3","2075",0.36,0.25,0,73,99.66,4.8099,0.0167,0,0.45,0,0.1,0,0,0,0,0,0,0,0,0,0.3,17.5888,6.4357,12.1093,12.3735,2100
"p330","ssp126","UKESM1-0-LL","2075",0.16,0.2,0.15,54,105.25,4.4698,0.15,0,0.55,0,0,0,0,0,0,0,0,0,0,0,0.25,16.5476,7.0432,12.2258,16.8181,2101
"p330","ssp126","UKESM1-0-LL","2075",0.05,0.35,0,58,107.33,4.7081,0.0667,0,0.1,0,0.08,0,0,0,0,0,0,0.05,0,0,0.7,16.3891,8.0887,13.9005,18.1155,2102
"p330","ssp126","UKESM1-0-LL","2075",0.15,0,0,51,111.46,4.5366,0.15,0,0.7,0,0.26,0,0,0,0,0.1,0,0.05,0,0,0.25,16.0028,7.1016,16.685,17.8356,2103
"p330","ssp126","UKESM1-0-LL","2075",0.31,0,0,54,107.82,4.5597,0.2167,0,0.1,0,0.08,0,0,0,0,0.2,0,0.05,0,0,0.35,14.942,8.936,11.9113,17.2135,2104
"p330","ssp126","UKESM1-0-LL","2075",0.19,0,0,65,108.2,4.6464,0.1333,0,0.25,0,0.09,0,0,0,0,0,0,0,0,0,0.5,16.5765,7.7438,15.332,16.7204,2105
"p330","ssp126","UKESM1-0-LL","2075",0.28,0.1,0.1,55,113.68,4.6726,0.0833,0,0.55,0.05,0,0,0,0,0,0,0,0,0,0,0.15,15.5096,7.4405,10.1022,16.6397,2106
"p330","ssp126","UKESM1-0-LL","2075",0.22,0.2,0,50,103.02,4.5665,0.0667,0,0.65,0,0.12,0,0,0,0,0,0,0,0,0,0.2,16.4039,6.881,11.9065,14.8709,2107
"p330","ssp126","UKESM1-0-LL","2075",0.34,0.5,0,36,104.28,4.7215,0.1,0,0.3,0,0.06,0,0,0,0,0,0,0.15,0,0,0.5,15.1415,7.8036,13.0548,21.1394,2108
"p330","ssp126","UKESM1-0-LL","2075",0.41,0,0,79,97.47,4.0358,0.0667,0,0.85,0,0.1,0,0,0,0,0,0,0.1,0.05,0,0.15,17.6886,5.3856,15.3242,17.0029,2109
"p330","ssp126","UKESM1-0-LL","2075",0.3,0.45,0,57,103.58,4.7952,0.2,0,0.95,0,0.16,0,0,0,0,0,0,0.05,0,0,0.25,17.0643,6.3757,14.9425,17.0859,2110
"p330","ssp126","UKESM1-0-LL","2075",0.13,0.2,0.15,72,100.68,4.5458,0.1167,0,0.25,0,0.14,0,0,0,0,0,0,0,0,0,0.2,17.7674,8.818,15.9152,17.5255,2111
"p330","ssp126","UKESM1-0-LL","2075",0.24,0,0.1,33,103.59,4.521,0.05,0,0.65,0,0,0,0,0,0,0.1,0,0,0.05,0,0.3,13.8886,7.4448,13.3488,18.9588,2112
"p330","ssp126","UKESM1-0-LL","2075",0.24,0.4,0,58,107.56,4.6372,0.25,0,0.2,0,0.1,0,0,0,0,0.15,0,0,0,0,0.25,17.2439,9.7723,16.1505,16.1682,2113
"p330","ssp126","UKESM1-0-LL","2075",0.26,0,0,50,104.71,4.9033,0.25,0,0.2,0,0.12,0,0,0,0,0.15,0,0,0,0,0.45,15.2708,9.7182,15.3643,17.2488,2114
"p330","ssp126","UKESM1-0-LL","2075",0.1,0.25,0,55,108.89,4.5687,0.1,0,0.2,0,0.05,0,0,0,0,0.3,0,0.3,0,0,0.3,15.8882,7.8293,14.846,20.3939,2115
"p330","ssp126","UKESM1-0-LL","2075",0.17,0,0.1,51,108.6,4.5021,0.1167,0,0.4,0,0.12,0,0,0,0,0.35,0,0.1,0.05,0,0.5,15.5332,7.4877,16.364,18.3802,2116
"p330","ssp126","UKESM1-0-LL","2075",0.13,0.1,0,52,107.42,4.4406,0.15,0,0.2,0,0.11,0,0,0,0,0,0,0.05,0,0,0.25,15.6255,8.9776,16.6417,17.3504,2117
"p330","ssp126","UKESM1-0-LL","2075",0.18,0.1,0,47,94.65,4.3458,0.0333,0,1,0,0,0,0,0,0,0.1,0,0,0,0,0.2,14.7531,4.8378,10.5885,16.1283,2118
"p330","ssp126","UKESM1-0-LL","2075",0.32,0.4,0,50,103.49,4.3179,0.1167,0,0.95,0.05,0.07,0,0,0,0,0.1,0,0,0,0,0.25,15.8753,5.9921,11.7955,16.9108,2119
"p330","ssp126","UKESM1-0-LL","2075",0.17,0.4,0,63,104.22,4.9385,0.05,0,1,0,0,0,0,0,0,0,0,0.1,0,0,0.75,17.1266,6.1299,14.1963,19.7214,2120
"p330","ssp126","UKESM1-0-LL","2075",0.2,0.15,0,64,98.42,4.1581,0.1333,0,0.35,0,0.07,0,0,0,0,0.1,0,0.05,0.1,0,0.9,16.9979,7.131,14.5287,18.7312,2121
"p330","ssp126","UKESM1-0-LL","2075",0.16,0,0,36,99.38,4.4194,0.1333,0,0.1,0,0.06,0,0,0,0,0,0,0,0,0,0.35,14.2328,8.8942,17.2235,19.9727,2122
"p330","ssp126","UKESM1-0-LL","2075",0.16,0.35,0,47,111.2,4.4216,0.1667,0,0.4,0.05,0.06,0,0,0,0,0,0,0,0,0,0.25,15.4136,8.9433,11.3352,15.3338,2123
"p330","ssp126","UKESM1-0-LL","2075",0.49,0,0,56,104.45,4.0653,0.0667,0,0.75,0,0,0,0,0,0,0,0,0.15,0,0.15,0.25,15.407,6.5149,13.6835,19.3591,2124
"p330","ssp126","UKESM1-0-LL","2075",0.16,0,0,42,109.85,4.629,0.0833,0,0.55,0.05,0,0,0,0,0,0.25,0,0,0,0,0.2,16.0584,7.0697,11.8592,16.4187,2125
"p330","ssp126","UKESM1-0-LL","2075",0.25,0.6,0,57,108.29,4.4484,0.1333,0,0.3,0,0.06,0,0,0,0,0.15,0,0,0.05,0,0.45,17.6747,6.8015,15.65,17.5752,2126
"p330","ssp126","UKESM1-0-LL","2075",0.32,0,0,46,96.75,4.6104,0.0833,0,0.85,0,0.11,0,0,0,0,0,0,0.15,0,0,0.55,14.6765,6.252,16.2785,19.5033,2127
"p330","ssp126","UKESM1-0-LL","2075",0,0,0,47,106.53,4.5158,0.15,0,0.1,0,0.05,0,0,0,0,0.15,0,0,0,0,0.15,14.9805,9.0982,12.086,17.4412,2128
"p330","ssp126","UKESM1-0-LL","2075",0.22,0.4,0,49,109.02,4.6639,0.1,0,0.55,0,0,0,0,0,0,0,0,0,0,0,0.15,16.3599,6.9688,13.4665,15.8231,2129
"p330","ssp126","UKESM1-0-LL","2075",0.32,0,0,41,104.02,4.5171,0.0667,0,1,0,0.12,0,0,0,0,0,0,0.05,0,0,0.2,14.848,3.606,14.6998,18.3608,2130
"p330","ssp126","UKESM1-0-LL","2075",0.15,0,0.1,53,109.58,4.5852,0.1,0,0.75,0,0,0,0,0,0,0.1,0,0,0,0,0.3,15.8307,4.9831,15.1793,14.4959,2131
"p330","ssp126","UKESM1-0-LL","2075",0.42,0,0,60,97.71,4.6789,0.0833,0,0.2,0,0.12,0,0,0,0,0,0,0,0,0,0.35,17.0013,7.2401,10.394,16.5283,2132
"p330","ssp126","UKESM1-0-LL","2075",0.32,0.25,0,58,106.15,4.7586,0.2,0,0.55,0,0,0,0,0,0,0.15,0,0,0,0,0.5,16.1262,8.0678,17.2118,17.579,2133
"p330","ssp126","UKESM1-0-LL","2075",0.22,0,0,51,95.47,4.5718,0.15,0,0.45,0,0.12,0,0,0,0,0,0,0.15,0,0.15,0.25,15.3791,9.4114,15.022,18.5979,2134
"p330","ssp126","UKESM1-0-LL","2075",0.43,0.15,0,55,102.44,4.7205,0.1167,0,0.55,0,0.06,0,0,0,0,0,0,0,0,0,0.3,16.0987,7.2449,11.4098,17.5785,2135
"p330","ssp126","UKESM1-0-LL","2075",0.37,0.65,0,52,112.6,4.7909,0.1167,0,0.55,0,0.12,0,0,0,0,0,0,0,0,0,0,16.6054,7.1091,13.762,13.2494,2136
"p330","ssp126","UKESM1-0-LL","2075",0.25,0.45,0,53,98.63,4.3889,0.2333,0,0.55,0,0.07,0,0,0,0,0.35,0,0.05,0,0,0.45,15.5305,8.1147,15.8303,17.4099,2137
"p330","ssp126","UKESM1-0-LL","2075",0.15,0.25,0,42,104.24,3.8783,0.0333,0,1,0,0.06,0,0,0,0,0.2,0,0.1,0,0,0.2,15.0976,4.7901,14.2808,19.1283,2138
"p330","ssp126","UKESM1-0-LL","2075",0.27,0.5,0,54,96.74,4.2703,0.0167,0,1,0,0.05,0,0,0.2,0,0,0,0,0,0,0.45,15.9861,2.4943,17.0188,19.2608,2139
"p330","ssp126","UKESM1-0-LL","2075",0.33,0,0,52,109.6,4.705,0.1333,0,0.4,0,0.21,0,0,0.15,0,0,0,0.05,0,0,0.15,14.6738,8.299,17.2322,18.0324,2140
"p330","ssp126","UKESM1-0-LL","2075",0.34,0.3,0,68,93.48,4.4437,0.1333,0,0.6,0,0.05,0,0,0,0,0,0,0.05,0,0,0.25,17.2203,7.3152,11.996,18.3425,2141
"p330","ssp126","UKESM1-0-LL","2075",0.16,0,0,50,91.4,4.5792,0.1833,0,0.55,0,0,0,0,0,0,0,0,0.3,0,0,0.3,15.7555,7.1107,14.3585,17.127,2142
"p330","ssp126","UKESM1-0-LL","2075",0.16,0.15,0,38,107.91,4.3009,0.15,0,0.8,0,0,0,0,0,0,0,0,0.15,0,0,0.3,15.2082,6.3622,11.9892,17.2526,2143
"p330","ssp126","UKESM1-0-LL","2075",0.29,0.45,0,71,104.14,4.7046,0.1333,0,0.25,0,0.07,0,0,0,0,0.35,0,0,0,0,0.25,17.6138,7.8094,12.83,15.2759,2144
"p330","ssp126","UKESM1-0-LL","2075",0.15,0.5,0,39,108.35,4.4299,0.0667,0,1,0,0.06,0,0,0,0,0.3,0,0,0,0,0.2,14.0712,3.8383,13.9743,15.1984,2145
"p330","ssp126","UKESM1-0-LL","2075",0.23,0.35,0,47,106.21,4.7748,0.15,0,0.1,0,0.05,0,0,0,0,0,0,0,0,0,0.7,15.8751,8.0587,11.1908,16.4209,2146
"p330","ssp126","UKESM1-0-LL","2075",0.4,0.15,0,64,97.88,4.7308,0.2833,0,0.35,0,0.06,0,0,0,0,0.1,0,0,0,0,0.25,16.1882,9.4704,13.7735,16.8006,2147
"p330","ssp126","UKESM1-0-LL","2075",0.19,0.2,0,49,108.66,4.8287,0.1167,0,0,0,0.05,0,0,0,0,0,0,0.1,0,0,0.45,15.7677,8.1021,12.8665,18.3898,2148
"p330","ssp126","UKESM1-0-LL","2075",0.2,0,0,48,113.15,4.6715,0.1167,0,0.2,0,0.17,0,0,0,0,0.1,0,0.05,0,0,0.25,16.016,8.4096,14.6783,16.9099,2149
"p330","ssp126","UKESM1-0-LL","2075",0.11,0,0,50,98.32,4.4811,0.1333,0,1,0,0.17,0,0,0,0,0,0,0.25,0.15,0,0.15,15.6953,2.1939,13.198,20.1782,2150
"p330","ssp126","UKESM1-0-LL","2075",0.44,0,0,53,104.57,4.2775,0.0333,0,0.95,0,0.1,0.05,0,0,0,0.15,0,0.1,0,0,0.2,15.1645,4.2844,15.6338,18.4971,2151
"p330","ssp126","UKESM1-0-LL","2075",0.12,0.15,0,43,102.81,4.3395,0.0167,0,1,0,0.05,0,0,0,0,0.15,0,0,0,0,0.2,14.5948,5.1127,13.9235,15.2747,2152
"p330","ssp126","UKESM1-0-LL","2075",0.11,0,0,58,106.74,3.9387,0.1667,0,1,0,0.17,0,0,0,0,0.25,0,0,0,0,0.25,16.2608,4.8514,16.6685,18.0462,2153
"p330","ssp126","UKESM1-0-LL","2075",0.29,0.2,0,40,108.07,4.1657,0.0167,0,1,0,0.06,0,0,0,0,0,0,0.05,0,0,0.2,14.8221,3.137,12.2983,18.5897,2154
"p330","ssp126","UKESM1-0-LL","2075",0.46,0.3,0,58,103.85,4.5023,0.0833,0,0.8,0,0.1,0,0,0,0,0,0,0,0.05,0,0.5,16.5196,8.7462,15.2073,16.9064,2155
"p330","ssp126","UKESM1-0-LL","2075",0.23,0,0,61,100.92,4.5944,0.1667,0,0.4,0,0.07,0,0,0,0,0,0,0.3,0,0,0.15,16.6119,7.3211,13.4352,19.3936,2156
"p330","ssp126","UKESM1-0-LL","2075",0.12,0,0,47,104.35,4.5621,0.2,0,0,0,0.06,0,0,0,0,0,0,0.05,0,0,0.85,15.7341,10.5756,11.121,17.339,2157
"p330","ssp126","UKESM1-0-LL","2075",0.38,0,0,36,114.91,4.7412,0.1,0,0.5,0,0.07,0,0,0.3,0,0,0,0,0.1,0,0.55,13.9169,7.5771,18.6477,17.5398,2158
"p330","ssp126","UKESM1-0-LL","2075",0.12,0.3,0.15,51,104.47,4.4096,0.0667,0,0.35,0,0.08,0,0,0,0,0.35,0,0.05,0,0,0.35,16.1723,6.1979,13.6138,18.5518,2159
"p330","ssp126","UKESM1-0-LL","2075",0.38,0.4,0,57,109.66,4.3969,0.0833,0,1,0,0.1,0,0,0,0,0.15,0,0.05,0.05,0,0.9,16.1735,5.0929,13.733,18.8292,2160
"p330","ssp126","UKESM1-0-LL","2075",0.37,0.35,0,59,94.87,4.9484,0.0833,0,0.6,0.05,0.14,0,0,0,0,0,0,0.05,0,0,0.45,16.9358,6.9364,13.2923,16.5403,2161
"p330","ssp126","UKESM1-0-LL","2075",0.29,0.3,0,48,106.74,4.8397,0.25,0,0.05,0.05,0.09,0,0,0,0,0,0,0,0,0,0.15,14.9076,9.4612,13.8562,14.2161,2162
"p330","ssp126","UKESM1-0-LL","2075",0.33,0,0,22,100.12,4.7203,0.05,0,0.75,0,0.05,0,0,0,0,0.1,0,0.2,0,0,0.45,12.2452,6.1905,15.374,18.3215,2163
"p330","ssp126","UKESM1-0-LL","2075",0.36,0,0,34,107.55,4.7471,0.1167,0,0.1,0,0.06,0,0,0,0,0.1,0,0,0,0,0.15,13.4066,8.6952,13.572,18.6147,2164
"p330","ssp126","UKESM1-0-LL","2075",0.15,0,0,47,115.57,4.2562,0.1333,0,0.25,0,0,0,0,0,0,0,0,0.4,0,0,0.15,15.3879,7.4345,12.5918,22.1665,2165
"p330","ssp126","UKESM1-0-LL","2075",0.16,0,0.15,45,111.47,4.7409,0.0833,0,0.7,0,0,0,0,0,0,0.3,0,0.05,0,0,0.2,15.1987,6.5368,16.6353,19.9752,2166
"p330","ssp126","UKESM1-0-LL","2075",0.38,0.4,0,50,99.29,4.2625,0.05,0,0.2,0,0.13,0,0,0,0,0,0,0.1,0.05,0,0.3,15.5912,7.2659,13.7517,18.638,2167
"p330","ssp126","UKESM1-0-LL","2075",0.14,0.15,0.2,56,104.81,4.5811,0.0833,0,0.9,0,0.11,0,0,0,0,0,0,0.05,0.05,0,0.4,16.5401,6.3672,11.5463,19.1476,2168
"p330","ssp126","UKESM1-0-LL","2075",0.29,0.35,0,49,101.88,4.3395,0.1333,0,0.25,0,0.07,0.05,0,0,0,0,0,0.25,0,0,0.5,15.6423,8.6475,13.8997,19.9963,2169
"p330","ssp126","UKESM1-0-LL","2075",0.51,0.15,0,64,102.13,4.5412,0.25,0,0.7,0,0.14,0,0,0,0,0,0,0,0,0,0.3,17.4778,7.6089,14.4163,17.6636,2170
"p330","ssp126","UKESM1-0-LL","2075",0.22,0,0.1,53,95.57,4.3993,0.15,0,1,0,0.1,0,0,0,0,0,0,0,0,0,0.4,15.2432,5.9779,13.0733,16.7541,2171
"p330","ssp126","UKESM1-0-LL","2075",0.23,0,0,58,111.21,4.2083,0.1167,0,0.2,0,0,0,0,0,0,0,0,0.15,0.05,0,0.45,15.8166,8.1033,11.934,18.9376,2172
"p330","ssp126","UKESM1-0-LL","2075",0.18,0,0.15,54,111.03,4.6084,0.0167,0,0.95,0,0.13,0,0,0,0,0,0,0.25,0,0,1,16.6698,5.1771,15.9158,20.1297,2173
"p330","ssp126","UKESM1-0-LL","2075",0.33,0.6,0,55,107.16,4.4761,0.1667,0,0.25,0,0.12,0,0,0,0,0,0,0.25,0,0,0.35,17.232,9.0631,14.896,19.5856,2174
"p330","ssp126","UKESM1-0-LL","2075",0.3,0.15,0,47,102.06,4.4264,0.1667,0,0.2,0,0.12,0,0,0,0,0.15,0,0,0,0,0.15,15.8874,8.5352,14.9572,16.1245,2175
"p330","ssp126","UKESM1-0-LL","2075",0.12,0,0,41,109.49,4.9675,0.1333,0,0.25,0,0.05,0,0,0,0,0,0,0.05,0,0,0.25,15.2704,7.5413,15.2777,16.9123,2176
"p330","ssp126","UKESM1-0-LL","2075",0.2,0,0,60,99.16,4.4837,0.1833,0,0.35,0,0.06,0,0,0,0,0.3,0,0.05,0.05,0,0.1,16.562,7.4697,14.1547,16.8263,2177
"p330","ssp126","UKESM1-0-LL","2075",0.43,0.3,0,52,101.94,4.4568,0.0667,0,0.4,0,0.1,0,0,0,0,0.15,0,0.1,0,0,0.4,16.3919,7.1324,14.2223,18.4941,2178
"p330","ssp126","UKESM1-0-LL","2075",0.38,0,0,37,99.24,4.242,0.1333,0,0.4,0,0,0,0,0,0,0.15,0,0.1,0,0,0.6,14.2238,7.3046,13.518,19.2291,2179
"p330","ssp126","UKESM1-0-LL","2075",0.24,0.15,0,49,88.15,4.5707,0.3167,0,0,0,0.17,0,0,0,0,0,0,0.05,0.05,0,0.85,16.3424,10.1435,13.5198,17.1161,2180
"p330","ssp126","UKESM1-0-LL","2075",0.24,0.25,0,63,108.3,4.2373,0.1667,0,0.1,0,0.05,0,0,0,0,0,0,0.05,0.05,0,0.3,17.1021,10.0543,14.2137,16.6324,2181
"p330","ssp126","UKESM1-0-LL","2075",0.3,0.3,0,56,96.34,4.5625,0.0667,0,1,0,0.05,0,0,0,0,0.15,0,0.25,0,0,0.3,17.4737,4.896,12.6175,19.653,2182
"p330","ssp126","UKESM1-0-LL","2075",0.31,0,0,47,110.76,4.6232,0.0833,0,0.55,0.05,0.1,0,0,0,0,0.1,0,0.55,0,0,0.1,15.468,6.3234,13.0032,18.2156,2183
"p330","ssp126","UKESM1-0-LL","2075",0.29,0.2,0,25,99.68,4.8283,0.1833,0,0.4,0,0.05,0,0,0,0,0,0,0,0,0.15,0.7,14.026,7.6657,11.3913,19.9483,2184
"p330","ssp126","UKESM1-0-LL","2075",0.24,0.9,0,51,104.46,4.5624,0.1,0,0.5,0,0.06,0,0,0.1,0,0,0,0.1,0,0,0.25,16.6741,6.0447,15.6512,17.5201,2185
"p330","ssp126","UKESM1-0-LL","2075",0.28,0.15,0,52,97.69,4.3792,0.1167,0,0.8,0,0.14,0,0,0,0,0.1,0,0.15,0.05,0,0.1,16.5089,6.3342,14.518,18.0671,2186
"p330","ssp126","UKESM1-0-LL","2075",0.41,0,0,46,109.24,4.7739,0.1,0,0.7,0,0.09,0,0,0,0,0,0,0,0,0,0.5,15.7002,6.4083,14.8967,18.7194,2187
"p330","ssp126","UKESM1-0-LL","2075",0.35,0.4,0,50,110.1,4.5285,0.1833,0,0.2,0,0.1,0,0,0,0,0.1,0,0,0,0,0.2,17.1488,8.3332,14.396,18.0583,2188
"p330","ssp126","UKESM1-0-LL","2075",0.33,0,0,46,108.25,4.9797,0.2,0,0.3,0,0.11,0,0,0,0,0,0,0,0,0,0.45,15.3852,7.7202,13.3463,16.824,2189
"p330","ssp126","UKESM1-0-LL","2075",0.21,0,0,36,106.02,4.4763,0.0333,0,1,0,0.06,0,0,0,0,0,0,0,0,0,0.7,14.1372,4.3173,13.6183,16.578,2190
"p330","ssp126","UKESM1-0-LL","2075",0.22,0,0,56,109.29,4.5777,0.0667,0,0.85,0,0.06,0,0,0,0,0.1,0,0,0,0,0.2,16.2655,6.5352,14.5172,15.1327,2191
"p330","ssp126","UKESM1-0-LL","2075",0.18,0,0,32,98.02,4.4179,0.0833,0,0.7,0,0.16,0,0,0,0,0,0,0.1,0,0,0.35,14.0249,6.6373,13.6223,18.3635,2192
"p330","ssp126","UKESM1-0-LL","2075",0.06,0.15,0,39,102.81,4.9685,0.4333,0,0.35,0,0.1,0,0,0,0,0,0,0,0,0,0.4,14.3816,9.7636,12.6887,16.4501,2193
"p330","ssp126","UKESM1-0-LL","2075",0.27,0.3,0,58,105.41,4.4062,0.1,0,0.1,0,0.09,0,0,0,0,0,0,0,0,0,0.3,16.6709,7.2445,12.7055,16.0705,2194
"p330","ssp126","UKESM1-0-LL","2075",0,0.1,0.1,50,109.31,4.608,0.2,0,0.7,0,0.13,0,0,0,0,0,0,0.05,0,0.3,0.8,15.9155,8.6927,15.5725,18.3373,2195
"p330","ssp126","UKESM1-0-LL","2075",0.32,0.2,0,61,110.06,4.4803,0.0667,0,1,0,0.11,0,0,0,0,0,0,0.05,0,0,0.15,17.4657,5.011,16.4617,19.0786,2196
"p330","ssp126","UKESM1-0-LL","2075",0.13,0,0,72,110.18,4.5095,0.15,0,0.9,0,0.08,0,0,0,0,0.2,0,0,0,0,0,16.5285,5.8301,17.1072,16.6338,2197
"p330","ssp126","UKESM1-0-LL","2075",0.2,0.3,0,48,109.71,4.531,0.2,0,0.1,0,0.15,0,0,0,0,0,0,0,0,0,0.3,15.1719,8.6491,14.7788,14.7229,2198
"p330","ssp126","UKESM1-0-LL","2075",0.27,0,0,67,92.83,4.2837,0.0667,0,0.6,0,0,0,0,0,0,0,0,0,0,0,0.45,16.9681,7.9382,11.265,18.2648,2199
"p330","ssp126","UKESM1-0-LL","2075",0.3,0.3,0,70,105.41,4.5486,0.05,0,0.4,0,0.1,0,0,0,0,0,0,0,0,0,0.7,17.733,6.8659,13.4975,15.0232,2200
"p330","ssp245","ACCESS-CM2","2075",0.16,0.25,0.15,57,104.63,4.8899,0.15,0,0.55,0,0,0,0,0,0,0,0,0,0,0,0.25,16.9398,7.4224,11.7542,16.0651,2201
"p330","ssp245","ACCESS-CM2","2075",0.05,0.6,0,63,107.25,5.1552,0.0667,0,0,0,0.13,0,0,0,0,0,0,0,0,0,0.55,16.7841,8.4665,13.4358,17.3326,2202
"p330","ssp245","ACCESS-CM2","2075",0.1,0.2,0,58,110.33,4.9564,0.15,0,0.65,0,0.26,0,0,0,0,0,0,0,0,0,0.25,16.4003,7.4805,16.2268,17.0459,2203
"p330","ssp245","ACCESS-CM2","2075",0.31,0,0,61,106.82,4.9405,0.25,0,0.1,0,0.08,0,0,0,0,0.2,0,0,0,0,0.3,15.3427,9.3113,11.4615,16.4224,2204
"p330","ssp245","ACCESS-CM2","2075",0.18,0,0,65,107.22,5.0687,0.1333,0,0.3,0,0.09,0,0,0,0,0,0,0,0,0,0.4,16.9681,8.1234,14.8588,15.97,2205
"p330","ssp245","ACCESS-CM2","2075",0.26,0.1,0.1,58,112.58,5.1333,0.0833,0,0.5,0.05,0,0,0,0,0,0,0,0,0,0,0.4,15.9045,7.8197,9.6352,15.8576,2206
"p330","ssp245","ACCESS-CM2","2075",0.15,0.2,0,58,100.74,4.9725,0.0667,0,0.6,0,0.12,0,0,0,0,0,0,0,0,0,0.1,16.8006,7.2596,11.4467,14.0821,2207
"p330","ssp245","ACCESS-CM2","2075",0.34,0.5,0,40,104.64,5.1342,0.1167,0,0.3,0,0.06,0,0,0,0,0,0,0.1,0.05,0,0.5,15.5411,8.1789,12.6022,20.3492,2208
"p330","ssp245","ACCESS-CM2","2075",0.41,0.1,0,80,97.06,4.3996,0.05,0,0.8,0,0.1,0,0,0,0,0,0,0.05,0.05,0,0.2,18.079,5.7651,14.8497,16.2532,2209
"p330","ssp245","ACCESS-CM2","2075",0.29,0.7,0,60,101.5,5.2208,0.2167,0,0.85,0,0.16,0,0,0,0,0,0,0,0,0,0.25,17.4576,6.7555,14.4733,16.3055,2210
"p330","ssp245","ACCESS-CM2","2075",0.13,0.3,0.15,69,99.38,4.9771,0.1167,0,0.25,0,0.14,0,0,0,0,0,0,0,0,0,0.25,18.1637,9.1968,15.4528,16.7379,2211
"p330","ssp245","ACCESS-CM2","2075",0.23,0,0.1,34,101.94,4.9385,0.05,0,0.65,0,0,0,0,0,0,0,0,0,0,0,0.25,14.288,7.8202,12.8957,18.1708,2212
"p330","ssp245","ACCESS-CM2","2075",0.24,0.4,0,60,105.73,5.0871,0.2667,0,0.2,0,0.1,0,0,0,0,0.15,0,0,0,0,0.25,17.6345,10.1518,15.6745,15.4199,2213
"p330","ssp245","ACCESS-CM2","2075",0.26,0,0,53,105.15,5.346,0.2667,0,0.05,0,0.12,0,0,0,0,0.15,0,0,0,0.15,0.3,15.664,10.098,14.8962,16.4695,2214
"p330","ssp245","ACCESS-CM2","2075",0.1,0.1,0,59,108.13,5.0003,0.1,0,0.2,0,0.05,0,0,0,0,0.3,0,0.15,0,0,0.3,16.2838,8.2077,14.3828,19.6077,2215
"p330","ssp245","ACCESS-CM2","2075",0.17,0,0.1,57,109.05,4.9327,0.1333,0,0.25,0,0.12,0,0,0,0,0.25,0,0,0,0.15,0.65,15.9324,7.8633,15.9102,17.5933,2216
"p330","ssp245","ACCESS-CM2","2075",0.13,0.1,0,56,105.82,4.8849,0.1667,0,0.2,0,0.11,0,0,0,0,0,0,0.05,0,0,0.35,16.0155,9.3571,16.1643,16.6041,2217
"p330","ssp245","ACCESS-CM2","2075",0.18,0.1,0,51,93.11,4.7495,0.0333,0,1,0,0,0,0,0,0,0,0,0,0,0,0.15,15.1459,5.2173,10.1177,15.3511,2218
"p330","ssp245","ACCESS-CM2","2075",0.32,0.4,0,52,102.97,4.6774,0.1,0,0.95,0.05,0.07,0,0,0,0,0,0,0,0,0,0.15,16.2709,6.3715,11.3313,16.1264,2219
"p330","ssp245","ACCESS-CM2","2075",0.17,0.45,0,63,103.78,5.4098,0.0667,0,1,0,0,0,0,0,0,0,0,0,0,0,0.65,17.5245,6.505,13.7403,18.9348,2220
"p330","ssp245","ACCESS-CM2","2075",0.2,0.25,0,67,98.56,4.5525,0.1333,0,0.2,0,0.07,0,0,0,0,0.1,0,0,0.05,0,0.75,17.3869,7.5106,14.0497,17.9862,2221
"p330","ssp245","ACCESS-CM2","2075",0.16,0,0,38,97.21,4.8229,0.15,0,0.1,0,0.06,0,0,0,0,0,0,0,0,0,0.4,14.6245,9.2729,16.752,19.1968,2222
"p330","ssp245","ACCESS-CM2","2075",0.16,0.35,0,48,109.88,4.834,0.1833,0,0.3,0.05,0.06,0,0,0,0,0,0,0,0,0,0.25,15.8086,9.3222,10.8693,14.55,2223
"p330","ssp245","ACCESS-CM2","2075",0.36,0,0,57,102.96,4.4354,0.0667,0,0.7,0,0,0,0,0,0,0,0,0.05,0,0.15,0.25,15.8047,6.8903,13.2267,18.5744,2224
"p330","ssp245","ACCESS-CM2","2075",0.16,0,0,42,108.74,5.0821,0.1,0,0.55,0.05,0,0,0,0,0,0.1,0,0,0,0,0.2,16.4469,7.4498,11.3788,15.6751,2225
"p330","ssp245","ACCESS-CM2","2075",0.25,0.6,0,64,108.34,4.8586,0.15,0,0.15,0,0.06,0,0,0,0,0,0,0,0,0.15,0.4,18.0658,7.1809,15.1762,16.8014,2226
"p330","ssp245","ACCESS-CM2","2075",0.32,0,0,50,94.66,5.0286,0.1167,0,0.75,0,0.11,0,0,0,0,0,0,0.05,0,0,0.7,15.0712,6.6312,15.8113,18.7206,2227
"p330","ssp245","ACCESS-CM2","2075",0,0,0,52,106.5,4.9498,0.1667,0,0,0,0.05,0,0,0,0,0.15,0,0,0,0,0.15,15.377,9.4747,11.6278,16.6583,2228
"p330","ssp245","ACCESS-CM2","2075",0.22,0.4,0,55,106.31,5.0714,0.1,0,0.55,0,0,0,0,0,0,0,0,0,0,0,0.2,16.7479,7.3486,12.9857,15.081,2229
"p330","ssp245","ACCESS-CM2","2075",0.32,0,0,48,107.12,4.9661,0.0667,0,1,0,0.12,0,0,0,0,0,0,0,0,0,0.4,15.2393,3.9848,14.2257,17.588,2230
"p330","ssp245","ACCESS-CM2","2075",0.15,0,0.1,56,110.02,5.0041,0.1,0,0.7,0,0,0,0,0,0,0,0,0,0,0.15,0.2,16.2242,5.3617,14.7112,13.7148,2231
"p330","ssp245","ACCESS-CM2","2075",0.41,0,0,66,97.47,5.0995,0.0833,0,0.05,0,0.12,0,0,0,0,0,0,0,0,0,0.4,17.3978,7.6162,9.934,15.7464,2232
"p330","ssp245","ACCESS-CM2","2075",0.32,0.25,0,63,105.26,5.2157,0.2,0,0.5,0,0,0,0,0,0,0.15,0,0,0,0,0.4,16.514,8.4474,16.7288,16.8381,2233
"p330","ssp245","ACCESS-CM2","2075",0.21,0,0,58,94.95,4.9906,0.15,0,0.4,0,0.12,0,0,0,0,0,0,0,0.05,0.15,0.4,15.7688,9.7909,14.546,17.8262,2234
"p330","ssp245","ACCESS-CM2","2075",0.42,0.15,0,57,100.64,5.1658,0.1167,0,0.45,0,0.06,0,0,0,0,0,0,0,0,0.15,0.5,16.4921,7.6243,10.9407,16.8003,2235
"p330","ssp245","ACCESS-CM2","2075",0.37,0.65,0,55,111.1,5.2407,0.1167,0,0.5,0,0.12,0,0,0,0,0,0,0,0,0,0,17.0008,7.4846,13.3007,12.4689,2236
"p330","ssp245","ACCESS-CM2","2075",0.25,0.45,0,55,95.83,4.8015,0.2333,0,0.5,0,0.07,0,0,0,0,0.3,0,0,0.05,0,0.45,15.9174,8.4948,15.3463,16.6709,2237
"p330","ssp245","ACCESS-CM2","2075",0.15,0.25,0,53,103.24,4.2386,0.0167,0,0.75,0,0.06,0,0,0,0,0.1,0,0.05,0,0,0.25,15.4879,5.1695,13.8035,18.3588,2238
"p330","ssp245","ACCESS-CM2","2075",0.27,0.5,0,55,95.82,4.6772,0.0333,0,1,0,0.05,0,0,0.2,0,0,0,0,0,0,0.6,16.3784,2.8731,16.548,18.4838,2239
"p330","ssp245","ACCESS-CM2","2075",0.33,0,0,56,107.3,5.1204,0.1167,0,0.35,0,0.21,0,0,0,0,0,0,0,0,0,0.2,15.069,8.675,16.7697,17.2544,2240
"p330","ssp245","ACCESS-CM2","2075",0.29,0.3,0,69,91.68,4.8599,0.1333,0,0.4,0,0.05,0,0,0,0,0,0,0.05,0,0,0.3,17.6068,7.6952,11.5105,17.605,2241
"p330","ssp245","ACCESS-CM2","2075",0.16,0,0,55,93.56,5.0009,0.1833,0,0.5,0,0,0,0,0,0,0,0,0.15,0,0,0.25,16.1448,7.4903,13.8787,16.3579,2242
"p330","ssp245","ACCESS-CM2","2075",0.16,0.15,0,39,107.33,4.6862,0.15,0,0.7,0,0,0,0,0,0,0,0,0.15,0,0,0.25,15.6003,6.7414,11.5173,16.4761,2243
"p330","ssp245","ACCESS-CM2","2075",0.29,0.65,0,72,102.97,5.1509,0.15,0,0.2,0,0.07,0,0,0,0,0.35,0,0,0,0,0.2,18.0085,8.1851,12.3662,14.4991,2244
"p330","ssp245","ACCESS-CM2","2075",0.15,0.45,0,47,108.06,4.867,0.0667,0,1,0,0.06,0,0,0,0,0.3,0,0,0,0.15,0.2,14.4569,4.2187,13.4875,14.4628,2245
"p330","ssp245","ACCESS-CM2","2075",0.23,0.35,0,50,104.03,5.2132,0.1333,0,0.05,0,0.05,0,0,0,0,0,0,0,0,0,0.3,16.2643,8.4388,10.7108,15.6539,2246
"p330","ssp245","ACCESS-CM2","2075",0.38,0.25,0,64,96.17,5.1485,0.3167,0,0.35,0,0.07,0,0,0,0,0.1,0,0,0,0,0.25,16.5795,9.85,13.2995,16.0265,2247
"p330","ssp245","ACCESS-CM2","2075",0.19,0.2,0,49,108.21,5.2813,0.1167,0,0,0,0.05,0,0,0,0,0,0,0.1,0.05,0,0.55,16.1615,8.4778,12.4012,17.6145,2248
"p330","ssp245","ACCESS-CM2","2075",0.15,0,0,54,111.72,5.1321,0.1167,0,0.15,0,0.17,0,0,0,0,0.1,0,0,0,0,0.2,16.4015,8.7898,14.1903,16.1759,2249
"p330","ssp245","ACCESS-CM2","2075",0.11,0,0,55,99.88,4.907,0.1333,0,1,0,0.17,0,0,0,0,0,0,0.15,0.1,0,0.3,16.0838,2.5737,12.717,19.4129,2250
"p330","ssp245","ACCESS-CM2","2075",0.43,0,0,53,103.54,4.7132,0.0333,0,0.95,0,0.1,0.05,0,0,0,0.1,0,0.1,0,0,0.35,15.5552,4.6634,15.1588,17.7253,2251
"p330","ssp245","ACCESS-CM2","2075",0.12,0.15,0,50,100.89,4.7387,0.0333,0,0.85,0,0.05,0,0,0,0,0.15,0,0,0,0,0.05,14.9884,5.4891,13.4562,14.5002,2252
"p330","ssp245","ACCESS-CM2","2075",0.11,0,0,64,106.24,4.3242,0.1833,0,1,0,0.17,0,0,0,0,0.25,0,0,0,0.15,0.15,16.6459,5.2306,16.1802,17.314,2253
"p330","ssp245","ACCESS-CM2","2075",0.29,0.2,0,47,106.32,4.5851,0.0167,0,1,0,0.06,0,0,0,0,0,0,0.05,0,0,0.2,15.2102,3.5166,11.8165,17.8259,2254
"p330","ssp245","ACCESS-CM2","2075",0.39,0.3,0,61,102.41,4.911,0.1,0,0.6,0,0.1,0,0,0,0,0,0,0,0.05,0.15,0.5,16.9094,9.1258,14.7307,16.1345,2255
"p330","ssp245","ACCESS-CM2","2075",0.22,0,0,64,101.87,5.0411,0.1833,0,0.4,0,0.07,0,0,0,0,0,0,0.3,0.05,0,0.15,17.0053,7.6977,12.967,18.6209,2256
"p330","ssp245","ACCESS-CM2","2075",0.07,0,0,52,102.06,4.9658,0.2,0,0,0,0.06,0,0,0,0,0,0,0,0,0,0.7,16.1184,10.9553,10.6303,16.6076,2257
"p330","ssp245","ACCESS-CM2","2075",0.33,0,0,43,112.67,5.2039,0.1,0,0.45,0,0.07,0,0,0.3,0,0,0,0,0.05,0.15,0.4,14.304,7.9569,18.1633,16.7771,2258
"p330","ssp245","ACCESS-CM2","2075",0.12,0.3,0.25,53,102.42,4.8402,0.0667,0,0.4,0,0.08,0,0,0,0,0.1,0,0,0,0,0.5,16.5627,6.5779,13.1365,17.7829,2259
"p330","ssp245","ACCESS-CM2","2075",0.37,0.45,0,57,109.02,4.8401,0.0833,0,1,0,0.1,0,0,0,0,0.1,0,0,0,0.15,0.9,16.5662,5.4686,13.2635,18.0585,2260
"p330","ssp245","ACCESS-CM2","2075",0.37,0.55,0,63,93.82,5.393,0.0833,0,0.45,0.05,0.14,0,0,0,0,0,0,0,0,0,0.4,17.3202,7.317,12.7995,15.8107,2261
"p330","ssp245","ACCESS-CM2","2075",0.28,0.3,0.1,51,105.55,5.2643,0.2333,0,0.05,0.05,0.09,0,0,0,0,0,0,0,0,0,0.2,15.2941,9.8405,13.3707,13.4558,2262
"p330","ssp245","ACCESS-CM2","2075",0.33,0,0,26,98.94,5.1321,0.05,0,0.65,0,0.05,0,0,0,0,0.1,0,0.05,0,0.15,0.2,12.6343,6.5708,14.895,17.5529,2263
"p330","ssp245","ACCESS-CM2","2075",0.36,0,0,40,105.06,5.1634,0.1167,0,0.05,0,0.06,0,0,0,0,0.1,0,0,0,0,0.35,13.7983,9.0715,13.1015,17.845,2264
"p330","ssp245","ACCESS-CM2","2075",0.1,0,0,48,113.95,4.6725,0.1333,0,0.25,0,0,0,0,0,0,0,0,0.25,0,0,0.2,15.7712,7.8147,12.0993,21.4388,2265
"p330","ssp245","ACCESS-CM2","2075",0.15,0,0.15,52,110.55,5.1864,0.0833,0,0.55,0,0,0,0,0,0,0.3,0,0,0,0,0.2,15.5849,6.9163,16.149,19.2159,2266
"p330","ssp245","ACCESS-CM2","2075",0.38,0.5,0,57,101.72,4.6567,0.05,0,0.1,0,0.13,0,0,0,0,0,0,0.05,0.05,0.15,0.35,15.98,7.6462,13.2717,17.8715,2267
"p330","ssp245","ACCESS-CM2","2075",0.14,0.15,0.25,59,104.14,5.0509,0.0833,0,0.85,0,0.11,0,0,0,0,0,0,0.05,0.05,0,0.45,16.9316,6.7441,11.0742,18.3795,2268
"p330","ssp245","ACCESS-CM2","2075",0.29,0.45,0,53,101.89,4.7622,0.15,0,0.25,0,0.07,0.05,0,0,0,0,0,0.25,0,0,0.45,16.0255,9.0278,13.4053,19.2701,2269
"p330","ssp245","ACCESS-CM2","2075",0.45,0.35,0,66,100.25,4.9492,0.25,0,0.65,0,0.14,0,0,0,0,0,0,0,0,0,0.2,17.8631,7.9897,13.929,16.9055,2270
"p330","ssp245","ACCESS-CM2","2075",0.18,0,0.1,57,93.53,4.8022,0.15,0,0.95,0,0.12,0,0,0,0,0,0,0,0,0.15,0.4,15.6324,6.3587,12.592,15.9888,2271
"p330","ssp245","ACCESS-CM2","2075",0.23,0,0,61,110.23,4.5722,0.1167,0,0.15,0,0,0,0,0,0,0,0,0.05,0.05,0,0.5,16.2074,8.4792,11.461,18.1706,2272
"p330","ssp245","ACCESS-CM2","2075",0.11,0,0.15,59,110.54,5.066,0.0167,0,0.9,0,0.13,0,0,0,0,0,0,0.15,0,0,0.95,17.052,5.557,15.42,19.4046,2273
"p330","ssp245","ACCESS-CM2","2075",0.33,0.6,0,57,106.89,4.8887,0.1667,0,0.25,0,0.12,0,0,0,0,0,0,0.05,0,0.15,0.3,17.6167,9.4433,14.4058,18.8298,2274
"p330","ssp245","ACCESS-CM2","2075",0.3,0.15,0,57,101.37,4.8261,0.1667,0,0.2,0,0.12,0,0,0,0,0.15,0,0,0,0,0.15,16.2755,8.9149,14.4743,15.3598,2275
"p330","ssp245","ACCESS-CM2","2075",0.12,0,0,51,107.36,5.4256,0.1333,0,0.15,0,0.05,0,0,0,0,0,0,0.05,0,0,0.3,15.6608,7.9175,14.8032,16.147,2276
"p330","ssp245","ACCESS-CM2","2075",0.2,0.1,0,63,100.79,4.9187,0.1833,0,0.3,0,0.06,0,0,0,0,0.2,0,0.05,0.05,0,0.1,16.9442,7.8495,13.6575,16.1032,2277
"p330","ssp245","ACCESS-CM2","2075",0.43,0.2,0,58,100.1,4.8683,0.0667,0,0.4,0,0.1,0,0,0,0,0.15,0,0.05,0.05,0,0.4,16.7764,7.5126,13.7308,17.7392,2278
"p330","ssp245","ACCESS-CM2","2075",0.38,0,0,42,97.37,4.6065,0.15,0,0.4,0,0,0,0,0,0,0.15,0,0,0,0,0.8,14.6111,7.684,13.0333,18.4662,2279
"p330","ssp245","ACCESS-CM2","2075",0.24,0.15,0.2,55,85.37,4.9711,0.35,0,0,0,0.17,0,0,0,0,0,0,0,0,0.15,0.7,16.7323,10.5229,13.042,16.3458,2280
"p330","ssp245","ACCESS-CM2","2075",0.24,0.25,0,63,106.31,4.6579,0.15,0,0.1,0,0.05,0,0,0,0,0,0,0,0,0,0.3,17.4851,10.4381,13.7143,15.9153,2281
"p330","ssp245","ACCESS-CM2","2075",0.22,0.15,0,59,94.75,5.0045,0.0667,0,1,0,0.05,0,0,0,0,0.15,0,0.15,0,0,0.3,17.8595,5.2796,12.1237,18.8938,2282
"p330","ssp245","ACCESS-CM2","2075",0.25,0.1,0,48,110.41,5.0756,0.0833,0,0.45,0.05,0.1,0,0,0,0,0.1,0,0.25,0.05,0,0.15,15.857,6.7066,12.5167,17.4488,2283
"p330","ssp245","ACCESS-CM2","2075",0.29,0.2,0,33,100.18,5.2674,0.1667,0,0.4,0,0.05,0,0,0,0,0,0,0,0,0.15,0.75,14.4169,8.0448,10.9122,19.1797,2284
"p330","ssp245","ACCESS-CM2","2075",0.22,0.9,0,56,103.1,4.9688,0.1,0,0.45,0,0.06,0,0,0.1,0,0,0,0.1,0,0,0.15,17.0562,6.4279,15.1493,16.805,2285
"p330","ssp245","ACCESS-CM2","2075",0.27,0.15,0,58,97.02,4.8098,0.1333,0,0.8,0,0.14,0,0,0,0,0.1,0,0.1,0.05,0,0.2,16.894,6.7177,14.0238,17.3095,2286
"p330","ssp245","ACCESS-CM2","2075",0.36,0,0,51,107.1,5.2301,0.1167,0,0.65,0,0.09,0,0,0,0,0,0,0,0.05,0.15,0.85,16.0884,6.7914,14.4082,17.9544,2287
"p330","ssp245","ACCESS-CM2","2075",0.34,0.55,0,56,109.09,4.9446,0.15,0,0.2,0,0.1,0,0,0,0,0.1,0,0,0,0,0.15,17.5393,8.712,13.9165,17.2914,2288
"p330","ssp245","ACCESS-CM2","2075",0.2,0,0,54,107.69,5.4254,0.1833,0,0.3,0,0.11,0,0,0,0,0,0,0,0,0,0.35,15.7674,8.1038,12.8438,16.1091,2289
"p330","ssp245","ACCESS-CM2","2075",0.19,0,0,39,103.7,4.9138,0.05,0,1,0,0.06,0,0,0,0,0,0,0,0,0,0.3,14.5216,4.7002,13.1225,15.8223,2290
"p330","ssp245","ACCESS-CM2","2075",0.21,0.3,0,58,107.51,5.0123,0.0833,0,0.75,0,0.06,0,0,0,0,0,0,0,0,0,0.3,16.6533,6.9186,14.0277,14.3695,2291
"p330","ssp245","ACCESS-CM2","2075",0.16,0,0,36,98.06,4.8327,0.1,0,0.7,0,0.16,0,0,0,0,0,0,0.05,0,0,0.45,14.4152,7.0168,13.1415,17.5973,2292
"p330","ssp245","ACCESS-CM2","2075",0.06,0.2,0,46,99.19,5.4007,0.45,0,0.35,0,0.1,0,0,0,0,0,0,0,0,0,0.25,14.7633,10.1468,12.1837,15.7382,2293
"p330","ssp245","ACCESS-CM2","2075",0.27,0.55,0,57,105.37,4.8305,0.1167,0,0.1,0,0.09,0,0,0,0,0,0,0,0,0,0.15,17.0554,7.6278,12.2083,15.3161,2294
"p330","ssp245","ACCESS-CM2","2075",0,0.1,0.1,53,106.95,5.0378,0.1833,0,0.65,0,0.13,0,0,0,0,0,0,0,0,0.6,0.45,16.3031,9.0753,15.0812,17.5753,2295
"p330","ssp245","ACCESS-CM2","2075",0.32,0.55,0,64,110.28,4.9442,0.0667,0,1,0,0.11,0,0,0,0,0,0,0.05,0,0,0.3,17.8552,5.3906,15.9793,18.3147,2296
"p330","ssp245","ACCESS-CM2","2075",0.05,0,0,74,109.47,4.9644,0.15,0,0.7,0,0.08,0,0,0,0,0.1,0,0,0,0,0.05,16.91,6.2142,16.6015,15.9222,2297
"p330","ssp245","ACCESS-CM2","2075",0.2,0.3,0,49,106.64,4.9854,0.2167,0,0.1,0,0.15,0,0,0,0,0,0,0,0,0,0.2,15.5557,9.0322,14.28,13.9694,2298
"p330","ssp245","ACCESS-CM2","2075",0.27,0,0,71,90.34,4.6784,0.0833,0,0.6,0,0,0,0,0,0,0,0,0,0,0,0.25,17.3548,8.3208,10.7727,17.5041,2299
"p330","ssp245","ACCESS-CM2","2075",0.3,0.3,0,72,104.29,4.9693,0.05,0,0.35,0,0.05,0,0,0,0,0,0,0,0,0,0.4,18.1216,7.2458,13.0148,14.2606,2300
"p330","ssp245","AWI-CM-1-1-MR","2075",0.16,0.25,0.15,57,101.46,3.0168,0.0667,0,0.35,0,0,0,0,0,0,0,0,0,0,0,0.25,16.9271,7.6949,11.422,14.9118,2301
"p330","ssp245","AWI-CM-1-1-MR","2075",0.05,0.6,0,61,106.16,3.122,0.0333,0,0,0,0.13,0,0,0,0,0.1,0,0,0,0,0.2,16.7712,8.7368,13.1152,16.1847,2302
"p330","ssp245","AWI-CM-1-1-MR","2075",0.15,0.2,0,56,109.11,3.0342,0.05,0,0.6,0,0.26,0,0,0,0,0.1,0,0,0,0,0.2,16.3876,7.7476,15.915,15.9002,2303
"p330","ssp245","AWI-CM-1-1-MR","2075",0.31,0,0,58,107.56,3.0772,0.0833,0,0.05,0,0.08,0,0,0,0,0.2,0,0,0,0,0.15,15.3293,9.5755,11.1638,15.2802,2304
"p330","ssp245","AWI-CM-1-1-MR","2075",0.19,0,0,65,105.97,3.0549,0.0333,0,0.15,0,0.09,0,0,0,0,0,0,0,0,0,0.2,16.9548,8.3959,14.5257,14.8153,2305
"p330","ssp245","AWI-CM-1-1-MR","2075",0.28,0.1,0.1,57,114.66,3.1066,0.0333,0,0.3,0,0,0,0,0,0,0,0,0,0,0,0.3,15.8908,8.0908,9.3125,14.7092,2306
"p330","ssp245","AWI-CM-1-1-MR","2075",0.22,0.3,0,54,101.33,3.0708,0.0333,0,0.3,0,0.12,0,0,0,0,0,0,0,0,0,0.05,16.7878,7.5278,11.1338,12.9362,2307
"p330","ssp245","AWI-CM-1-1-MR","2075",0.34,0.5,0,39,105.62,3.1735,0.0333,0,0.25,0,0.06,0,0,0,0,0,0,0.05,0,0,0.5,15.5286,8.4439,12.3032,19.2076,2308
"p330","ssp245","AWI-CM-1-1-MR","2075",0.41,0.1,0,80,95.19,2.6467,0,0,0.6,0,0.1,0,0,0,0,0,0,0,0,0,0.05,18.0659,6.0383,14.5142,15.0982,2309
"p330","ssp245","AWI-CM-1-1-MR","2075",0.3,0.6,0,60,102.57,3.2252,0.1,0,0.8,0,0.16,0,0,0,0,0,0,0,0,0,0.1,17.4447,7.0267,14.1485,15.1564,2310
"p330","ssp245","AWI-CM-1-1-MR","2075",0.13,0.2,0.15,72,95.51,3.045,0.05,0,0.15,0,0.14,0,0,0,0,0,0,0,0,0,0.05,18.1509,9.4658,15.1388,15.5918,2311
"p330","ssp245","AWI-CM-1-1-MR","2075",0.24,0,0.1,34,103.2,2.9725,0.0333,0,0.45,0,0,0,0,0,0,0,0,0,0,0,0.1,14.2751,8.0853,12.5945,17.0271,2312
"p330","ssp245","AWI-CM-1-1-MR","2075",0.24,0.65,0,59,102.73,3.0777,0.15,0,0.2,0,0.1,0,0,0,0,0.15,0,0,0,0,0.15,17.6216,10.4258,15.3373,14.2654,2313
"p330","ssp245","AWI-CM-1-1-MR","2075",0.26,0,0,53,101.74,3.3584,0.15,0,0,0,0.12,0,0,0,0,0.15,0,0,0,0.15,0.2,15.6515,10.3685,14.5688,15.3206,2314
"p330","ssp245","AWI-CM-1-1-MR","2075",0.1,0.25,0,59,105.72,3.0292,0.0333,0,0.05,0,0.05,0,0,0,0,0.3,0,0.05,0,0,0.3,16.2711,8.4773,14.0662,18.4608,2315
"p330","ssp245","AWI-CM-1-1-MR","2075",0.17,0,0.1,55,108.64,3.0023,0.05,0,0.1,0,0.12,0,0,0,0,0.25,0,0,0,0.15,0.75,15.9192,8.1292,15.6063,16.4498,2316
"p330","ssp245","AWI-CM-1-1-MR","2075",0.13,0.3,0,52,103.81,2.9266,0.0333,0,0.2,0,0.11,0,0,0,0,0,0,0,0,0,0.35,16.0029,9.6314,15.825,15.4484,2317
"p330","ssp245","AWI-CM-1-1-MR","2075",0.18,0.35,0,48,92.04,2.8594,0,0,0.8,0,0,0,0,0,0,0.1,0,0,0,0,0.1,15.1327,5.4895,9.7888,14.2017,2318
"p330","ssp245","AWI-CM-1-1-MR","2075",0.32,0.4,0,51,103.59,2.9017,0.0333,0,0.85,0,0.07,0,0,0,0,0.1,0,0,0,0,0.05,16.2581,6.6416,11.012,14.9792,2319
"p330","ssp245","AWI-CM-1-1-MR","2075",0.17,0.5,0,67,99.93,3.2324,0.0167,0,0.9,0,0,0,0,0,0,0,0,0,0,0,0.55,17.5117,6.7711,13.435,17.7912,2320
"p330","ssp245","AWI-CM-1-1-MR","2075",0.2,0.25,0,66,97.44,2.7068,0.1,0,0.15,0,0.07,0,0,0,0,0.1,0,0,0,0,0.7,17.3739,7.7851,13.7095,16.8304,2321
"p330","ssp245","AWI-CM-1-1-MR","2075",0.16,0,0,37,95.25,2.9246,0.05,0,0.1,0,0.06,0,0,0,0,0,0,0,0,0,0.15,14.6118,9.5462,16.4203,18.0464,2322
"p330","ssp245","AWI-CM-1-1-MR","2075",0.16,0.4,0,48,112.27,2.8985,0.0833,0,0.15,0.05,0.06,0,0,0,0,0,0,0,0,0,0.05,15.7954,9.5928,10.5492,13.4017,2323
"p330","ssp245","AWI-CM-1-1-MR","2075",0.49,0,0,56,102.16,2.7005,0,0,0.35,0,0,0,0,0,0,0,0,0,0,0.15,0.1,15.7918,7.1568,12.9203,17.43,2324
"p330","ssp245","AWI-CM-1-1-MR","2075",0.16,0.15,0,43,107.31,3.0785,0.0333,0,0.35,0,0,0,0,0,0,0.1,0,0,0,0,0.1,16.4343,7.7249,11.0363,14.5185,2325
"p330","ssp245","AWI-CM-1-1-MR","2075",0.25,0.45,0,57,107.66,2.9101,0.0833,0,0.1,0,0.06,0,0,0,0,0.1,0,0,0,0.15,0.2,18.0534,7.4538,14.844,15.6494,2326
"p330","ssp245","AWI-CM-1-1-MR","2075",0.32,0,0,49,90.44,3.0874,0.0167,0,0.55,0,0.11,0,0,0,0,0.1,0,0.05,0,0,0.45,15.0583,6.9018,15.4885,17.5729,2327
"p330","ssp245","AWI-CM-1-1-MR","2075",0,0,0,48,108.95,2.9218,0.05,0,0,0,0.05,0,0,0,0,0.15,0,0,0,0,0.15,15.3647,9.7417,11.3187,15.5132,2328
"p330","ssp245","AWI-CM-1-1-MR","2075",0.22,0.4,0,53,106.27,3.1801,0.0167,0,0.35,0,0,0,0,0,0,0,0,0,0,0,0.1,16.7347,7.6242,12.64,13.9247,2329
"p330","ssp245","AWI-CM-1-1-MR","2075",0.32,0,0,45,105.6,2.9454,0.0167,0,1,0,0.12,0,0,0,0,0,0,0,0,0,0.3,15.2259,4.2581,13.8898,16.437,2330
"p330","ssp245","AWI-CM-1-1-MR","2075",0.15,0,0.1,54,109.87,3.0675,0.05,0,0.5,0,0.05,0,0,0,0,0,0,0,0,0.15,0,16.2113,5.6332,14.3853,12.5655,2331
"p330","ssp245","AWI-CM-1-1-MR","2075",0.42,0.1,0,63,93.76,3.1074,0.05,0,0,0,0.12,0,0,0,0,0,0,0,0,0,0.15,17.3846,7.8835,9.6232,14.6015,2332
"p330","ssp245","AWI-CM-1-1-MR","2075",0.32,0.3,0,61,106.39,3.1183,0,0,0.4,0,0,0,0,0,0,0.15,0,0,0,0,0.2,16.5006,8.7235,16.3823,15.6809,2333
"p330","ssp245","AWI-CM-1-1-MR","2075",0.22,0.1,0,56,93.07,3.0507,0.1,0,0.1,0,0.12,0,0,0,0,0,0,0,0,0.15,0.4,15.7558,10.0648,14.2093,16.6745,2334
"p330","ssp245","AWI-CM-1-1-MR","2075",0.43,0.15,0,57,99.56,3.1852,0.0833,0,0.2,0,0.06,0,0,0,0,0,0,0,0,0.15,0.55,16.4784,7.8962,10.613,15.6506,2335
"p330","ssp245","AWI-CM-1-1-MR","2075",0.37,0.65,0,53,111.46,3.1493,0.0667,0,0.3,0,0.12,0,0,0,0,0,0,0,0,0,0,16.9883,7.7527,12.9878,11.3229,2336
"p330","ssp245","AWI-CM-1-1-MR","2075",0.25,0.65,0,54,92.39,2.9211,0.1,0,0.3,0,0.07,0,0,0,0,0.3,0,0,0.05,0,0.3,15.9041,8.7711,14.9987,15.5134,2337
"p330","ssp245","AWI-CM-1-1-MR","2075",0.15,0.3,0,45,102.83,2.5928,0,0,0.55,0,0.06,0,0,0,0,0.2,0,0,0,0,0.35,15.4748,5.4439,13.4643,17.2056,2338
"p330","ssp245","AWI-CM-1-1-MR","2075",0.27,0.5,0,54,94.71,2.8381,0.0167,0,1,0,0.05,0,0,0,0,0,0,0,0,0,0.3,16.3651,3.1455,16.219,17.3332,2339
"p330","ssp245","AWI-CM-1-1-MR","2075",0.33,0,0,53,108.87,3.1871,0.0333,0,0.3,0,0.21,0,0,0,0,0,0,0,0,0,0.2,15.0564,8.9432,16.4548,16.1074,2340
"p330","ssp245","AWI-CM-1-1-MR","2075",0.34,0.3,0,69,82.84,3.0226,0.0667,0,0.25,0,0.05,0,0,0,0,0,0,0,0,0.15,0.3,17.5934,7.9712,11.16,16.4472,2341
"p330","ssp245","AWI-CM-1-1-MR","2075",0.16,0.1,0,54,92.08,3.0713,0.05,0,0.3,0,0,0,0,0,0,0,0,0.05,0,0,0.2,16.1321,7.7652,13.5382,15.2052,2342
"p330","ssp245","AWI-CM-1-1-MR","2075",0.16,0.25,0,39,106.03,2.8862,0.0333,0,0.6,0,0,0,0,0,0,0,0,0,0,0,0.05,15.5871,7.0143,11.1857,15.325,2343
"p330","ssp245","AWI-CM-1-1-MR","2075",0.29,0.5,0,73,102.37,3.1442,0.0667,0,0.1,0,0.07,0,0,0,0,0.35,0,0,0,0,0.05,17.9956,8.4537,12.0495,13.3517,2344
"p330","ssp245","AWI-CM-1-1-MR","2075",0.15,0.55,0,39,108.21,2.9168,0,0,1,0,0.06,0,0,0,0,0.35,0,0,0,0.15,0.2,14.4441,4.4955,13.1345,13.3046,2345
"p330","ssp245","AWI-CM-1-1-MR","2075",0.23,0.45,0,49,105.01,3.1943,0.0667,0,0.05,0,0.05,0,0,0,0,0,0,0,0,0,0.2,16.251,8.7132,10.3682,14.4998,2346
"p330","ssp245","AWI-CM-1-1-MR","2075",0.4,0.25,0,65,95.97,3.1748,0.1333,0,0.2,0,0.07,0,0,0,0,0.1,0,0,0,0,0.1,16.5661,10.1233,12.9662,14.8752,2347
"p330","ssp245","AWI-CM-1-1-MR","2075",0.19,0.4,0,49,109.35,3.1895,0.05,0,0,0,0.05,0,0,0,0,0,0,0,0.05,0,0.5,16.149,8.7462,12.0822,16.4662,2348
"p330","ssp245","AWI-CM-1-1-MR","2075",0.2,0,0,53,114.19,3.0512,0.0333,0,0.1,0,0.17,0,0,0,0,0.1,0,0,0,0,0.1,16.3884,9.0673,13.8352,15.0163,2349
"p330","ssp245","AWI-CM-1-1-MR","2075",0.11,0.15,0,53,98.1,2.9476,0.05,0,1,0,0.17,0,0,0,0,0.1,0,0,0,0,0.5,16.0702,2.8491,12.372,18.2583,2350
"p330","ssp245","AWI-CM-1-1-MR","2075",0.44,0,0,53,101.04,2.8281,0,0,0.85,0,0.1,0,0,0,0,0.15,0,0.05,0,0,0.35,15.542,4.9367,14.824,16.5729,2351
"p330","ssp245","AWI-CM-1-1-MR","2075",0.12,0.15,0,47,99.45,2.9207,0,0,0.45,0,0.05,0,0,0,0,0.15,0,0,0,0,0.05,14.9758,5.7586,13.1357,13.3515,2352
"p330","ssp245","AWI-CM-1-1-MR","2075",0.11,0,0,60,106.22,2.5121,0.0667,0,0.8,0,0.17,0,0,0,0,0.25,0,0,0,0.15,0.2,16.6322,5.5087,15.8235,16.1543,2353
"p330","ssp245","AWI-CM-1-1-MR","2075",0.29,0.2,0,42,104.85,2.7031,0,0,0.95,0,0.06,0,0,0,0,0,0,0,0,0,0.2,15.1963,3.7923,11.4693,16.6709,2354
"p330","ssp245","AWI-CM-1-1-MR","2075",0.46,0.35,0,59,101.8,2.9838,0.0333,0,0.55,0,0.1,0,0,0,0,0,0,0,0,0.15,0.3,16.8966,9.3996,14.3943,14.9827,2355
"p330","ssp245","AWI-CM-1-1-MR","2075",0.23,0,0,62,99.7,3.0023,0.05,0,0.15,0,0.07,0,0,0,0,0,0,0.1,0.05,0,0.15,16.9923,7.9676,12.6442,17.4724,2356
"p330","ssp245","AWI-CM-1-1-MR","2075",0.12,0,0,49,102.2,3.0748,0.0667,0,0,0,0.06,0,0,0,0,0,0,0,0,0,0.3,16.1054,11.2335,10.2715,15.4478,2357
"p330","ssp245","AWI-CM-1-1-MR","2075",0.38,0,0,39,113.21,3.157,0.05,0,0.35,0,0.07,0,0,0.1,0,0,0,0,0,0.15,0.35,14.2904,8.2337,17.8148,15.6221,2358
"p330","ssp245","AWI-CM-1-1-MR","2075",0.12,0.35,0.15,51,102.63,2.8675,0.05,0,0.3,0,0.08,0,0,0,0,0.1,0,0,0,0,0.45,16.5492,6.8522,12.7975,16.6298,2359
"p330","ssp245","AWI-CM-1-1-MR","2075",0.38,0.45,0,57,107.63,2.8591,0.0333,0,0.7,0,0.1,0,0,0,0,0.25,0,0,0,0.15,0.55,16.5531,5.7393,12.9395,16.9095,2360
"p330","ssp245","AWI-CM-1-1-MR","2075",0.37,0.5,0,63,89.93,3.3191,0.05,0,0.2,0,0.15,0,0,0,0,0,0,0,0,0,0.2,17.3058,7.5957,12.4383,14.6503,2361
"p330","ssp245","AWI-CM-1-1-MR","2075",0.29,0.4,0.1,49,106.58,3.2822,0.1333,0,0,0,0.09,0,0,0,0,0,0,0,0,0,0,15.2808,10.1172,13.0198,12.3006,2362
"p330","ssp245","AWI-CM-1-1-MR","2075",0.33,0,0,25,100.5,3.0647,0.0167,0,0.35,0,0.05,0,0,0,0,0.1,0,0,0,0.15,0.3,12.6215,6.8459,14.554,16.4002,2363
"p330","ssp245","AWI-CM-1-1-MR","2075",0.36,0,0,36,106.47,3.1642,0.0667,0,0,0,0.06,0,0,0,0,0.1,0,0,0,0,0.15,13.7855,9.3422,12.7743,16.6953,2364
"p330","ssp245","AWI-CM-1-1-MR","2075",0.15,0,0,48,114.92,2.7598,0.05,0,0,0,0,0,0,0,0,0,0,0.15,0,0,0.25,15.7579,8.0939,11.736,20.2772,2365
"p330","ssp245","AWI-CM-1-1-MR","2075",0.16,0,0.15,48,111.2,3.1005,0.0333,0,0.3,0,0,0,0,0,0,0.4,0,0,0,0,0.15,15.5714,7.193,15.7957,18.0592,2366
"p330","ssp245","AWI-CM-1-1-MR","2075",0.38,0.4,0,56,98.04,2.7558,0.0167,0,0.05,0,0.13,0,0,0,0,0,0,0,0,0.15,0.25,15.9662,7.9208,12.9287,16.7176,2367
"p330","ssp245","AWI-CM-1-1-MR","2075",0.14,0.2,0.1,58,103.44,2.9519,0.0667,0,0.75,0,0.12,0,0,0,0,0,0,0,0,0,0.25,16.9188,7.0154,10.7457,17.2295,2368
"p330","ssp245","AWI-CM-1-1-MR","2075",0.29,0.4,0,51,102.85,2.7866,0.0167,0,0.1,0,0.07,0,0,0,0,0,0,0,0,0,0.3,16.012,9.3076,13.0403,18.1085,2369
"p330","ssp245","AWI-CM-1-1-MR","2075",0.51,0.15,0,67,101.01,3.0632,0.1333,0,0.35,0,0.14,0,0,0,0,0,0,0,0,0,0.1,17.8499,8.2667,13.5745,15.7483,2370
"p330","ssp245","AWI-CM-1-1-MR","2075",0.22,0.1,0,57,92.34,2.94,0.0667,0,0.6,0,0.12,0,0,0,0,0,0,0,0,0.15,0.4,15.6185,6.6338,12.2473,14.8342,2371
"p330","ssp245","AWI-CM-1-1-MR","2075",0.23,0,0,60,113.44,2.7922,0.0333,0,0.1,0,0,0,0,0,0,0,0,0,0.05,0,0.4,16.1943,8.7513,11.1302,17.0205,2372
"p330","ssp245","AWI-CM-1-1-MR","2075",0.18,0.1,0.15,54,110.67,3.0174,0,0,0.85,0,0.13,0,0,0,0,0,0,0.05,0,0,0.45,17.0385,5.8367,15.0532,18.2428,2373
"p330","ssp245","AWI-CM-1-1-MR","2075",0.33,0.8,0,56,106.73,3.0156,0.1167,0,0.2,0,0.12,0,0,0,0,0,0,0,0,0.15,0.1,17.6032,9.7211,14.0492,17.6723,2374
"p330","ssp245","AWI-CM-1-1-MR","2075",0.3,0.15,0,50,101.55,2.8713,0.1,0,0,0,0.12,0,0,0,0,0.15,0,0,0,0,0.25,16.2618,9.1908,14.1275,14.2056,2375
"p330","ssp245","AWI-CM-1-1-MR","2075",0.12,0,0,49,109.26,3.3399,0.1,0,0.1,0,0.05,0,0,0,0,0,0,0,0,0,0.05,15.6477,8.189,14.4702,14.9948,2376
"p330","ssp245","AWI-CM-1-1-MR","2075",0.2,0.1,0,62,95.75,2.9258,0.05,0,0.1,0,0.06,0,0,0,0,0.3,0,0,0,0,0.15,16.9304,8.1297,13.2883,14.9407,2377
"p330","ssp245","AWI-CM-1-1-MR","2075",0.43,0.3,0,53,98.3,2.9275,0.0167,0,0.35,0,0.1,0,0,0,0,0.15,0,0,0,0,0.45,16.763,7.7905,13.3725,16.5818,2378
"p330","ssp245","AWI-CM-1-1-MR","2075",0.38,0,0,42,92.04,2.8926,0.0333,0,0.35,0,0,0,0,0,0,0.15,0,0,0,0,0.45,14.5975,7.9608,12.6845,17.3111,2379
"p330","ssp245","AWI-CM-1-1-MR","2075",0.24,0.15,0,51,83.53,3.0432,0.1,0,0,0,0.17,0,0,0,0,0,0,0,0,0.15,0.4,16.7193,10.7968,12.703,15.1933,2380
"p330","ssp245","AWI-CM-1-1-MR","2075",0.24,0.35,0,63,105.53,2.755,0.1,0,0,0,0.05,0,0,0,0,0,0,0,0,0,0.4,17.4702,10.7196,13.3392,14.7476,2381
"p330","ssp245","AWI-CM-1-1-MR","2075",0.3,0.3,0,57,94.81,2.9842,0.05,0,0.75,0,0.05,0,0,0,0,0.15,0,0.05,0,0,0.25,17.8451,5.5594,11.7588,17.7347,2382
"p330","ssp245","AWI-CM-1-1-MR","2075",0.31,0.25,0,48,110.5,3.0279,0.0333,0,0.35,0,0.1,0,0,0,0,0.1,0,0.15,0.05,0,0.15,15.8423,6.9848,12.1617,16.2924,2383
"p330","ssp245","AWI-CM-1-1-MR","2075",0.29,0.65,0,30,98.39,3.1852,0.1167,0,0.1,0,0.05,0,0,0,0,0,0,0,0,0.15,0.35,14.4024,8.3193,10.5718,18.0265,2384
"p330","ssp245","AWI-CM-1-1-MR","2075",0.24,1,0,53,104.65,3.0331,0.0667,0,0.4,0,0.06,0,0,0,0,0,0,0,0,0,0.05,17.0413,6.71,14.7733,15.6363,2385
"p330","ssp245","AWI-CM-1-1-MR","2075",0.28,0.15,0,55,97.2,2.8466,0.0667,0,0.7,0,0.14,0,0,0,0,0.1,0,0.05,0.05,0,0.1,16.8793,6.9982,13.6568,16.1505,2386
"p330","ssp245","AWI-CM-1-1-MR","2075",0.41,0.15,0,48,105.45,3.1538,0.0667,0,0.4,0,0.09,0,0,0,0,0,0,0,0,0.15,0.65,16.0736,7.0698,14.0507,16.7971,2387
"p330","ssp245","AWI-CM-1-1-MR","2075",0.35,0.55,0,52,109.89,2.9989,0.1,0,0.1,0,0.1,0,0,0,0,0.1,0,0,0,0,0.2,17.5252,8.9873,13.5733,16.1386,2388
"p330","ssp245","AWI-CM-1-1-MR","2075",0.33,0,0,52,107.08,3.3177,0.0667,0,0.2,0,0.11,0,0,0,0,0,0,0,0,0,0.15,15.7522,8.3861,12.4653,14.9407,2389
"p330","ssp245","AWI-CM-1-1-MR","2075",0.21,0,0,37,102.76,2.9087,0,0,1,0,0.06,0,0,0,0,0,0,0,0,0,0.1,14.5064,4.9812,12.7535,14.6621,2390
"p330","ssp245","AWI-CM-1-1-MR","2075",0.22,0.3,0,57,106.78,3.0423,0,0,0.4,0,0.06,0,0,0,0,0,0,0,0,0,0.25,16.6385,7.1969,13.6687,13.2112,2391
"p330","ssp245","AWI-CM-1-1-MR","2075",0.18,0,0,35,96.12,2.8906,0.0833,0,0.4,0,0.16,0,0,0,0,0,0,0,0,0,0.45,14.4009,7.2918,12.7963,16.4435,2392
"p330","ssp245","AWI-CM-1-1-MR","2075",0.06,0.2,0,42,100.98,3.3828,0.1333,0,0.3,0,0.1,0,0,0,0,0,0,0,0,0,0.1,14.7475,10.4304,11.8032,14.5681,2393
"p330","ssp245","AWI-CM-1-1-MR","2075",0.27,0.45,0,59,104.13,2.8826,0.05,0,0.05,0,0.09,0,0,0,0,0,0,0,0,0,0.1,17.0403,7.9092,11.8377,14.1558,2394
"p330","ssp245","AWI-CM-1-1-MR","2075",0,0.1,0.1,51,106.63,3.063,0.1167,0,0.5,0,0.13,0,0,0,0,0,0,0,0,0.6,0.25,16.2881,9.3549,14.7202,16.417,2395
"p330","ssp245","AWI-CM-1-1-MR","2075",0.32,0.8,0,64,109.41,2.9547,0.0333,0,0.9,0,0.11,0,0,0,0,0,0,0,0,0,0.25,17.8415,5.6661,15.6318,17.16,2396
"p330","ssp245","AWI-CM-1-1-MR","2075",0.13,0,0,72,108.98,2.9736,0.05,0,0.55,0,0.08,0,0,0,0,0.2,0,0,0,0,0.1,16.894,6.4972,16.2193,14.7531,2397
"p330","ssp245","AWI-CM-1-1-MR","2075",0.2,0.4,0,49,108.4,2.9267,0.0667,0,0.05,0,0.15,0,0,0,0,0,0,0,0,0,0,15.5403,9.3143,13.9077,12.8089,2398
"p330","ssp245","AWI-CM-1-1-MR","2075",0.27,0,0,70,89.08,2.8424,0.05,0,0.6,0,0,0,0,0,0,0,0,0,0,0,0.1,17.3398,8.6004,10.4098,16.3459,2399
"p330","ssp245","AWI-CM-1-1-MR","2075",0.3,0.3,0,71,104.11,2.9634,0,0,0.15,0,0.1,0,0,0,0,0,0,0,0,0,0.3,18.1072,7.5222,12.665,13.1058,2400
"p330","ssp245","CMCC-ESM2","2075",0.16,0.3,0.15,63,104.67,4.9626,0.1167,0,0.35,0,0,0,0,0,0,0.1,0,0,0,0,0.3,18.0053,7.9214,12.8478,17.1746,2401
"p330","ssp245","CMCC-ESM2","2075",0.1,0.6,0,65,105.77,5.2473,0.05,0,0,0,0.13,0,0,0,0,0.1,0,0.05,0,0,0.7,17.8516,8.9675,14.5243,18.463,2402
"p330","ssp245","CMCC-ESM2","2075",0.15,0.75,0,62,110.21,5.0228,0.15,0,0.6,0,0.26,0,0,0,0,0.1,0,0.05,0,0,0.25,17.4688,7.9822,17.3087,18.1826,2403
"p330","ssp245","CMCC-ESM2","2075",0.31,0.1,0,62,106.53,4.9713,0.2,0,0.05,0,0.08,0,0,0,0,0.2,0,0,0,0,0.35,16.4125,9.8172,12.533,17.5629,2404
"p330","ssp245","CMCC-ESM2","2075",0.19,0.55,0,67,108.17,5.1272,0.1,0,0.15,0,0.09,0,0,0,0,0,0,0,0,0,0.5,18.0338,8.6223,15.9533,17.0768,2405
"p330","ssp245","CMCC-ESM2","2075",0.28,0.15,0.1,59,111.34,5.2389,0.0833,0,0.4,0,0,0,0,0,0,0,0,0,0,0,0.3,16.971,8.3204,10.7253,16.9877,2406
"p330","ssp245","CMCC-ESM2","2075",0.22,0.75,0,55,103.26,5.0244,0.0333,0,0.35,0,0.12,0,0,0,0,0,0,0,0,0,0.2,17.8693,7.7611,12.5308,15.2179,2407
"p330","ssp245","CMCC-ESM2","2075",0.34,0.75,0,43,103.04,5.184,0.0833,0,0.25,0,0.06,0,0,0,0,0,0,0.15,0.05,0,0.55,16.6109,8.6842,13.677,21.4895,2408
"p330","ssp245","CMCC-ESM2","2075",0.41,0.4,0,82,97.82,4.4611,0.05,0,0.5,0,0.1,0,0,0,0,0,0,0.05,0.05,0,0.2,19.1437,6.2638,15.9452,17.36,2409
"p330","ssp245","CMCC-ESM2","2075",0.3,0.85,0,64,104.96,5.2799,0.2,0,0.55,0,0.16,0,0,0,0,0,0,0,0,0,0.3,18.5243,7.2552,15.564,17.4338,2410
"p330","ssp245","CMCC-ESM2","2075",0.13,0.5,0.15,76,99.22,5.05,0.0833,0,0.1,0,0.14,0,0,0,0,0,0,0,0,0,0.3,19.2317,9.6981,16.5388,17.8724,2411
"p330","ssp245","CMCC-ESM2","2075",0.24,0,0.1,44,101.72,5.0067,0.0333,0,0.5,0,0,0,0,0,0,0.1,0,0,0,0,0.3,15.3575,8.3256,13.9705,19.3088,2412
"p330","ssp245","CMCC-ESM2","2075",0.24,0.65,0,67,106.44,5.1715,0.25,0,0.15,0,0.1,0,0,0.1,0,0.15,0,0,0,0,0.25,18.6993,10.6506,16.7715,16.5257,2413
"p330","ssp245","CMCC-ESM2","2075",0.27,0.5,0,54,102.38,5.4105,0.25,0,0,0,0.12,0,0,0,0,0.15,0,0,0,0,0.45,16.7305,10.5973,15.9872,17.597,2414
"p330","ssp245","CMCC-ESM2","2075",0.1,0.45,0,63,107.95,5.0809,0.1167,0,0.05,0,0.05,0,0,0.1,0,0.3,0,0.25,0,0,0.3,17.3516,8.7093,15.4687,20.7418,2415
"p330","ssp245","CMCC-ESM2","2075",0.17,0.3,0,59,105.71,5.0199,0.0667,0,0.15,0,0.12,0,0,0.1,0,0.25,0,0.1,0,0,0.5,17.0013,8.3683,16.9852,18.7308,2416
"p330","ssp245","CMCC-ESM2","2075",0.13,0.55,0,57,107.65,4.9757,0.1167,0,0.2,0,0.11,0,0,0.15,0,0,0,0.05,0,0,0.25,17.0793,9.855,17.262,17.7082,2417
"p330","ssp245","CMCC-ESM2","2075",0.18,0.5,0,53,94.81,4.826,0.0333,0,0.8,0,0,0,0,0,0,0.1,0,0,0,0,0.2,16.2118,5.7167,11.2107,16.4767,2418
"p330","ssp245","CMCC-ESM2","2075",0.37,0.65,0,55,103.09,4.7128,0.0667,0,0.85,0,0.07,0,0,0,0,0.1,0,0,0,0,0.25,17.3386,6.8721,12.4188,17.2586,2419
"p330","ssp245","CMCC-ESM2","2075",0.17,0.75,0,70,102.09,5.4885,0.0333,0,0.95,0,0,0,0,0,0,0.1,0,0.1,0,0,0.75,18.5941,7.0096,14.8173,20.0715,2420
"p330","ssp245","CMCC-ESM2","2075",0.2,0.3,0,68,97.86,4.6227,0.1167,0,0.1,0,0.07,0,0,0,0,0.1,0,0,0.1,0,0.9,18.4509,8.0085,15.1493,19.0893,2421
"p330","ssp245","CMCC-ESM2","2075",0.16,0.15,0,41,98.08,4.8814,0.1,0,0.05,0,0.06,0,0,0.1,0,0,0,0,0,0,0.3,15.6901,9.7729,17.8455,20.3226,2422
"p330","ssp245","CMCC-ESM2","2075",0.16,0.5,0,51,107.83,4.903,0.1333,0,0.2,0.05,0.06,0,0,0,0,0,0,0,0,0,0.3,16.8758,9.8232,11.9575,15.6814,2423
"p330","ssp245","CMCC-ESM2","2075",0.49,0.15,0,60,105.34,4.4879,0,0,0.3,0,0,0,0,0,0,0,0,0.15,0,0.15,0.25,16.8736,7.3948,14.3048,19.7092,2424
"p330","ssp245","CMCC-ESM2","2075",0.16,0.2,0,42,109.68,5.1958,0.0667,0,0.4,0,0,0,0,0,0,0.25,0,0,0,0,0.2,17.5111,7.9472,12.4802,16.7775,2425
"p330","ssp245","CMCC-ESM2","2075",0.28,0.5,0,64,107.75,4.9432,0.1167,0,0.1,0,0.06,0,0,0,0,0.15,0,0,0,0,0.45,19.1316,7.6803,16.2717,17.9244,2426
"p330","ssp245","CMCC-ESM2","2075",0.32,0.45,0,50,96.47,5.0891,0.0833,0,0.45,0,0.11,0,0,0,0,0.1,0,0.1,0,0,0.75,16.1384,7.1322,16.9012,19.8506,2427
"p330","ssp245","CMCC-ESM2","2075",0,0,0,53,103.74,5.0321,0.0833,0,0,0,0.05,0,0,0,0,0.15,0,0,0,0,0.15,16.4456,9.9785,12.7072,17.7918,2428
"p330","ssp245","CMCC-ESM2","2075",0.22,0.5,0,62,106.23,5.1338,0.05,0,0.4,0,0,0,0,0,0,0,0,0,0,0,0.15,17.8109,7.8459,14.0868,16.1824,2429
"p330","ssp245","CMCC-ESM2","2075",0.32,0,0,47,106.16,5.0725,0.0333,0,1,0,0.12,0,0,0.2,0,0,0,0,0,0,0.2,16.3039,4.4838,15.321,18.7102,2430
"p330","ssp245","CMCC-ESM2","2075",0.22,0.1,0.1,56,109.86,5.0687,0.0667,0,0.65,0,0.05,0,0,0,0,0.1,0,0,0,0,0.25,17.2905,5.8618,15.8023,14.8436,2431
"p330","ssp245","CMCC-ESM2","2075",0.48,1,0,66,97.28,5.1634,0.0667,0,0,0,0.12,0,0,0,0,0,0,0,0,0,0.35,18.4654,8.1195,11.0145,16.8794,2432
"p330","ssp245","CMCC-ESM2","2075",0.32,0.3,0,66,104.21,5.2963,0.1,0,0.3,0,0,0,0,0.15,0,0.3,0,0,0,0,0.45,17.5766,8.9441,17.8317,17.9384,2433
"p330","ssp245","CMCC-ESM2","2075",0.22,0.35,0,61,93.29,5.053,0.1333,0,0.3,0,0.12,0,0,0,0,0,0,0.1,0,0,0.3,16.8336,10.2888,15.6433,18.948,2434
"p330","ssp245","CMCC-ESM2","2075",0.44,0.55,0,61,101.24,5.2397,0.1167,0,0.25,0,0.06,0,0,0,0,0,0,0,0,0,0.3,17.5577,8.1242,12.032,17.9276,2435
"p330","ssp245","CMCC-ESM2","2075",0.39,1,0,56,111.63,5.3194,0.1,0,0.4,0,0.12,0,0,0,0,0,0,0,0,0,0,18.0684,7.9877,14.3817,13.6002,2436
"p330","ssp245","CMCC-ESM2","2075",0.25,0.7,0,54,98.24,4.8623,0.1667,0,0.25,0,0.07,0,0,0,0,0.3,0,0.05,0.05,0,0.45,16.9798,8.9915,16.4498,17.7701,2437
"p330","ssp245","CMCC-ESM2","2075",0.15,0.55,0,61,106.7,4.3042,0.0167,0,0.65,0,0.06,0,0,0,0,0.25,0,0.1,0,0,0.25,16.5521,5.6669,14.902,19.4789,2438
"p330","ssp245","CMCC-ESM2","2075",0.28,0.45,0,55,98.59,4.7589,0.0167,0,1,0,0.05,0,0,0.2,0,0,0,0,0,0,0.55,17.4446,3.3723,17.6408,19.6089,2439
"p330","ssp245","CMCC-ESM2","2075",0.33,0.15,0,59,107.64,5.1747,0.0667,0,0.3,0,0.21,0,0,0.15,0,0,0,0,0,0,0.15,16.1368,9.1781,17.8532,18.3844,2440
"p330","ssp245","CMCC-ESM2","2075",0.29,0.95,0,70,94.8,4.9203,0.1,0,0.15,0,0.05,0,0,0,0,0,0,0.05,0,0,0.35,18.6693,8.1913,12.615,18.7015,2441
"p330","ssp245","CMCC-ESM2","2075",0.16,0.25,0,60,90.27,5.0744,0.1667,0,0.35,0,0,0,0,0,0,0,0,0.3,0,0,0.3,17.2088,7.9882,14.9782,17.477,2442
"p330","ssp245","CMCC-ESM2","2075",0.16,0.15,0,39,108.83,4.7419,0.1,0,0.65,0,0,0,0,0,0,0,0,0.15,0,0,0.3,16.6657,7.2407,12.6108,17.6009,2443
"p330","ssp245","CMCC-ESM2","2075",0.29,0.85,0,78,101.44,5.2274,0.0833,0,0.2,0,0.07,0,0,0,0,0.35,0,0,0,0,0.25,19.0758,8.6876,13.4508,15.6279,2444
"p330","ssp245","CMCC-ESM2","2075",0.2,0.55,0,47,109.3,4.9609,0.0333,0,1,0,0.06,0,0,0,0,0.35,0,0,0,0,0.25,15.5191,4.7143,14.593,15.559,2445
"p330","ssp245","CMCC-ESM2","2075",0.23,1,0,52,105.08,5.2881,0.1333,0,0,0,0.05,0,0,0,0,0,0,0,0,0,0.55,17.3279,8.9361,11.8115,16.7709,2446
"p330","ssp245","CMCC-ESM2","2075",0.4,0.45,0,65,98.8,5.2019,0.2333,0,0.1,0,0.07,0,0,0,0,0.1,0,0,0,0,0.3,17.6449,10.3486,14.3945,17.1503,2447
"p330","ssp245","CMCC-ESM2","2075",0.19,0.7,0,50,105.38,5.3673,0.0667,0,0,0,0.05,0,0,0,0,0,0,0.1,0.05,0,0.5,17.2285,8.9804,13.487,18.7414,2448
"p330","ssp245","CMCC-ESM2","2075",0.15,0,0,56,112.77,5.2435,0.0833,0,0.05,0,0.17,0,0,0,0,0.1,0,0,0,0,0.25,17.4632,9.2857,15.2977,17.2707,2449
"p330","ssp245","CMCC-ESM2","2075",0.11,0.25,0,58,99.94,4.9889,0.1,0,1,0,0.17,0,0,0,0,0.1,0,0.25,0.05,0,0.3,17.1472,3.0709,13.818,20.5294,2450
"p330","ssp245","CMCC-ESM2","2075",0.44,0.2,0,56,106.74,4.8138,0,0,0.8,0,0.1,0.05,0,0,0,0,0,0.1,0,0,0.2,16.6198,5.1617,16.2547,18.8476,2451
"p330","ssp245","CMCC-ESM2","2075",0.12,0.15,0,53,102.81,4.8087,0.0167,0,0.65,0,0.05,0,0,0,0,0.3,0,0,0,0,0.2,16.0552,5.9912,14.543,15.6265,2452
"p330","ssp245","CMCC-ESM2","2075",0.11,0.55,0,66,109.07,4.3999,0.1667,0,0.9,0,0.17,0,0,0,0,0.25,0,0,0,0,0.25,17.7073,5.7267,17.2875,18.4065,2453
"p330","ssp245","CMCC-ESM2","2075",0.29,0.2,0,49,107.99,4.6738,0.0167,0,1,0,0.06,0,0,0,0,0,0,0.05,0,0,0.25,16.2731,4.0132,12.9185,18.9415,2454
"p330","ssp245","CMCC-ESM2","2075",0.45,0.6,0,66,103.11,4.9699,0.05,0,0.5,0,0.1,0,0,0,0,0,0,0,0.05,0,0.5,17.9744,9.6241,15.8292,17.2562,2455
"p330","ssp245","CMCC-ESM2","2075",0.23,0.25,0,68,101.36,5.1262,0.1333,0,0.1,0,0.07,0,0,0,0,0,0,0.3,0,0,0.15,18.0716,8.1992,14.0542,19.7467,2456
"p330","ssp245","CMCC-ESM2","2075",0.12,0.35,0,58,103.92,5.0205,0.1333,0,0,0,0.06,0,0,0,0,0,0,0,0,0,0.85,17.1791,11.4511,11.7385,17.7003,2457
"p330","ssp245","CMCC-ESM2","2075",0.33,0.5,0.1,45,111.58,5.2997,0.1,0,0.35,0,0.07,0,0,0.3,0,0,0,0,0.05,0,0.45,15.3665,8.4539,19.2673,17.8918,2458
"p330","ssp245","CMCC-ESM2","2075",0.17,0.45,0,56,105.04,4.9195,0.0667,0,0.25,0,0.08,0,0,0,0,0.35,0,0.05,0,0,0.35,17.6273,7.0758,14.2342,18.9026,2459
"p330","ssp245","CMCC-ESM2","2075",0.38,0.7,0,56,109.92,4.935,0.0833,0,0.8,0,0.1,0,0,0,0,0.25,0,0.1,0,0,0.9,17.6324,5.9706,14.3522,19.1821,2460
"p330","ssp245","CMCC-ESM2","2075",0.37,0.65,0,65,96.59,5.4579,0.0667,0,0.25,0.05,0.15,0,0,0,0,0,0,0,0,0,0.45,18.3805,7.8123,13.9098,16.9018,2461
"p330","ssp245","CMCC-ESM2","2075",0.29,0.55,0,53,103.92,5.3198,0.2167,0,0,0.05,0.09,0,0,0,0,0,0,0,0,0,0.15,16.3565,10.3372,14.4752,14.5679,2462
"p330","ssp245","CMCC-ESM2","2075",0.33,0.15,0.1,35,98.45,5.1866,0.0333,0,0.45,0,0.1,0,0,0,0,0.1,0,0.15,0,0,0.45,13.6986,7.0683,15.9952,18.6712,2463
"p330","ssp245","CMCC-ESM2","2075",0.41,0,0,42,104.77,5.2236,0.0833,0,0.05,0,0.06,0,0,0,0,0.1,0,0,0,0,0.3,14.8641,9.5726,14.1905,18.9674,2464
"p330","ssp245","CMCC-ESM2","2075",0.15,0.45,0,52,113.57,4.7605,0.0833,0,0.15,0,0,0,0,0,0,0,0,0.4,0,0,0.15,16.8317,8.3097,13.2095,22.5285,2465
"p330","ssp245","CMCC-ESM2","2075",0.15,0.1,0.3,53,110.91,5.2666,0.0833,0,0.35,0,0,0,0,0,0,0.25,0,0.05,0,0,0.2,16.647,7.4127,17.2548,20.3282,2466
"p330","ssp245","CMCC-ESM2","2075",0.38,0.45,0,62,99.5,4.721,0.0333,0,0,0,0.13,0,0,0,0,0,0,0.05,0.05,0,0.3,17.0436,8.1431,14.3717,18.9885,2467
"p330","ssp245","CMCC-ESM2","2075",0.15,0.35,0.1,66,103.88,5.1684,0.0667,0,0.8,0,0.12,0,0,0,0,0,0,0.05,0.05,0,0.4,17.997,7.2452,12.1643,19.5011,2468
"p330","ssp245","CMCC-ESM2","2075",0.29,0.9,0,56,99.32,4.8452,0.0333,0,0.15,0,0.07,0.05,0,0,0,0,0,0.25,0,0,0.5,17.085,9.5223,14.5172,20.3582,2469
"p330","ssp245","CMCC-ESM2","2075",0.5,0.2,0,70,99.49,5.0115,0.1833,0,0.4,0,0.14,0,0,0,0,0,0,0,0,0,0.3,18.9249,8.4854,15.036,18.0159,2470
"p330","ssp245","CMCC-ESM2","2075",0.21,0.1,0,58,96.21,4.8697,0.1833,0,0.7,0,0.12,0,0,0,0,0.1,0,0,0,0,0.4,16.6952,6.8553,13.6937,17.1061,2471
"p330","ssp245","CMCC-ESM2","2075",0.23,0.25,0,63,111.04,4.6137,0.0833,0,0.1,0,0,0,0,0,0,0,0,0.15,0.05,0,0.45,17.2726,8.9811,12.553,19.2909,2472
"p330","ssp245","CMCC-ESM2","2075",0.24,0.5,0,59,111.5,5.1536,0.0167,0,0.85,0,0.13,0,0,0,0,0,0,0.25,0,0,1,18.1118,6.0512,16.5327,20.4926,2473
"p330","ssp245","CMCC-ESM2","2075",0.33,0.7,0,59,106.37,4.9572,0.1333,0,0.2,0,0.12,0,0,0,0,0,0,0.2,0,0,0.35,18.6781,9.9387,15.5147,19.9386,2474
"p330","ssp245","CMCC-ESM2","2075",0.3,0.55,0,61,102.01,4.886,0.15,0,0.1,0,0.12,0,0,0,0,0.15,0,0,0,0,0.15,17.3384,9.412,15.5773,16.4762,2475
"p330","ssp245","CMCC-ESM2","2075",0.17,0,0,64,108.29,5.5044,0.1,0,0.1,0,0.05,0,0,0,0,0,0,0.05,0,0,0.25,16.7254,8.4175,15.8955,17.2662,2476
"p330","ssp245","CMCC-ESM2","2075",0.2,0.6,0,66,99.74,5.0072,0.1167,0,0.1,0,0.06,0,0,0,0,0.4,0,0.05,0.05,0,0.1,18.0031,8.3437,14.7712,17.189,2477
"p330","ssp245","CMCC-ESM2","2075",0.43,0.8,0,56,100.66,4.934,0,0,0.3,0,0.1,0,0,0,0,0.15,0,0.1,0.05,0,0.4,17.8376,8.0087,14.84,18.8477,2478
"p330","ssp245","CMCC-ESM2","2075",0.44,0.1,0,46,98.64,4.6532,0.0833,0,0.35,0,0,0,0,0,0,0.15,0,0.05,0,0,0.6,15.6738,8.1811,14.1367,19.5803,2479
"p330","ssp245","CMCC-ESM2","2075",0.24,0.2,0.1,58,84.64,5.0056,0.2333,0,0,0,0.17,0,0,0,0,0,0,0,0,0,0.85,17.7965,11.0208,14.14,17.4661,2480
"p330","ssp245","CMCC-ESM2","2075",0.24,0.45,0,63,106.76,4.7414,0.1333,0,0.05,0,0.05,0,0,0,0,0,0,0,0,0,0.3,18.5409,10.9297,14.8333,16.9916,2481
"p330","ssp245","CMCC-ESM2","2075",0.3,0.65,0,59,97.36,5.0888,0.0833,0,0.75,0,0.05,0,0,0,0,0.15,0,0.2,0,0,0.3,18.9173,5.7723,13.2383,20.0027,2482
"p330","ssp245","CMCC-ESM2","2075",0.31,0.5,0,56,110.93,5.1726,0.0667,0,0.3,0,0.1,0,0,0,0,0.1,0,0.45,0.05,0,0.15,16.9158,7.2006,13.6258,18.5633,2483
"p330","ssp245","CMCC-ESM2","2075",0.29,0.45,0,38,97.78,5.324,0.1667,0,0.1,0,0.05,0,0,0,0,0,0,0,0,0,0.7,15.477,8.5431,12.0112,20.2991,2484
"p330","ssp245","CMCC-ESM2","2075",0.24,0.8,0,55,106.08,5.0286,0.1,0,0.3,0,0.06,0,0,0.45,0,0,0,0.1,0,0,0.25,18.1119,6.919,16.271,17.8801,2485
"p330","ssp245","CMCC-ESM2","2075",0.34,0.15,0,61,98.56,4.9032,0.0667,0,0.65,0,0.14,0,0,0,0,0.1,0,0.1,0.05,0,0.1,17.9511,7.21,15.1385,18.4173,2486
"p330","ssp245","CMCC-ESM2","2075",0.41,0.8,0,59,108.67,5.3074,0.1167,0,0.45,0,0.09,0,0,0,0,0,0,0,0.05,0,0.75,17.1474,7.2853,15.5178,19.0676,2487
"p330","ssp245","CMCC-ESM2","2075",0.35,0.95,0,54,109.34,5.0119,0.15,0,0.1,0,0.1,0,0,0,0,0.1,0,0,0,0,0.15,18.5995,9.2101,15.0162,18.4089,2488
"p330","ssp245","CMCC-ESM2","2075",0.32,0.1,0,66,107.46,5.4892,0.15,0,0.15,0,0.11,0,0,0,0,0,0,0,0,0,0.45,16.822,8.5945,13.966,17.1832,2489
"p330","ssp245","CMCC-ESM2","2075",0.21,0.45,0,41,104.67,5.0021,0,0,1,0,0.06,0,0,0,0,0,0,0,0,0,0.7,15.578,5.1928,14.2393,16.9286,2490
"p330","ssp245","CMCC-ESM2","2075",0.22,0.3,0,59,109.32,5.093,0.0333,0,0.4,0,0.06,0,0,0,0,0.1,0,0,0,0,0.2,17.7113,7.4116,15.1385,15.4818,2491
"p330","ssp245","CMCC-ESM2","2075",0.18,0.1,0,42,98.34,4.9055,0.0833,0,0.45,0,0.16,0,0,0,0,0,0,0.05,0,0,0.35,15.4751,7.5138,14.2427,18.7139,2492
"p330","ssp245","CMCC-ESM2","2075",0.11,0.3,0,51,101.38,5.4305,0.2833,0,0.3,0,0.1,0,0,0,0,0,0,0,0,0,0.45,15.8177,10.6379,13.3067,16.8103,2493
"p330","ssp245","CMCC-ESM2","2075",0.27,0.85,0,63,104.98,4.9137,0.0667,0,0.05,0,0.09,0,0,0,0,0,0,0,0,0,0.35,18.111,8.1199,13.3257,16.4218,2494
"p330","ssp245","CMCC-ESM2","2075",0,0.2,0.1,54,107.18,5.0959,0.1667,0,0.6,0,0.13,0,0,0,0,0,0,0.05,0,0.15,0.8,17.3604,9.5688,16.1932,18.6864,2495
"p330","ssp245","CMCC-ESM2","2075",0.32,0.9,0,66,110.72,5.0503,0.0333,0,1,0,0.11,0,0,0,0,0,0,0.05,0,0,0.2,18.9152,5.8871,17.0823,19.4302,2496
"p330","ssp245","CMCC-ESM2","2075",0.13,0,0,76,110.74,5.0547,0.1,0,0.4,0,0.08,0,0,0,0,0.2,0,0,0,0,0,17.9634,6.7045,17.7253,16.994,2497
"p330","ssp245","CMCC-ESM2","2075",0.26,0.6,0,50,107.57,5.0867,0.15,0,0.05,0,0.15,0,0,0,0,0,0,0,0,0,0.45,16.6112,9.5242,15.3985,15.0744,2498
"p330","ssp245","CMCC-ESM2","2075",0.32,0,0,77,91.66,4.7438,0.0833,0,0.55,0,0,0,0,0,0,0,0,0,0,0,0.65,18.4123,8.8142,11.8865,18.615,2499
"p330","ssp245","CMCC-ESM2","2075",0.3,0.75,0,75,104.3,5.0371,0.0333,0,0.2,0,0.1,0,0,0,0,0,0,0,0,0,0.7,19.1808,7.742,14.1177,15.3755,2500
"p330","ssp245","CNRM-CM6-1-HR","2075",0.16,0.1,0,54,104.77,4.4193,0.0667,0,0.3,0,0,0,0,0,0,0,0,0,0,0,0.25,16.0609,7.6403,11.7192,15.2144,2501
"p330","ssp245","CNRM-CM6-1-HR","2075",0.05,0.3,0.1,54,104.31,4.6811,0.0667,0,0.05,0,0.14,0,0,0,0,0,0,0,0,0,0.25,15.9047,8.6939,13.4025,16.4968,2502
"p330","ssp245","CNRM-CM6-1-HR","2075",0.1,0,0,51,108.71,4.4517,0.1333,0,0.55,0,0.26,0,0,0,0,0.1,0,0,0,0.15,0.25,15.5209,7.716,16.1962,16.2161,2503
"p330","ssp245","CNRM-CM6-1-HR","2075",0.31,0,0,52,106.67,4.4199,0.15,0,0.05,0,0.08,0,0,0,0,0.2,0,0,0,0,0.15,14.4631,9.5623,11.4247,15.602,2504
"p330","ssp245","CNRM-CM6-1-HR","2075",0.18,0,0,63,103.93,4.5275,0.0833,0,0.05,0,0.09,0,0,0,0,0,0,0,0,0,0.25,16.0882,8.339,14.8235,15.1169,2505
"p330","ssp245","CNRM-CM6-1-HR","2075",0.26,0.1,0.1,50,109.71,4.6623,0.05,0,0.55,0.05,0,0,0,0,0,0,0,0,0,0,0.3,15.0248,8.0449,9.6025,15.0208,2506
"p330","ssp245","CNRM-CM6-1-HR","2075",0.1,0.2,0,52,103.58,4.4916,0.05,0,0.45,0,0.12,0,0,0,0,0,0,0,0,0,0.05,15.9216,7.4931,11.4157,13.2514,2507
"p330","ssp245","CNRM-CM6-1-HR","2075",0.34,0.5,0,35,112.2,4.6238,0.0833,0,0.25,0,0.06,0,0,0,0,0,0,0.05,0.05,0,0.5,14.6622,8.4282,12.5668,19.5282,2508
"p330","ssp245","CNRM-CM6-1-HR","2075",0.41,0,0,73,103.84,3.9658,0.05,0,0.45,0,0.1,0,0,0,0,0,0,0,0,0,0.05,17.1994,5.9793,14.8143,15.3988,2509
"p330","ssp245","CNRM-CM6-1-HR","2075",0.29,0.4,0,57,108.13,4.6893,0.15,0,0.45,0,0.16,0,0,0,0,0,0,0,0,0,0.1,16.5786,6.9786,14.4398,15.4674,2510
"p330","ssp245","CNRM-CM6-1-HR","2075",0.13,0.2,0.15,66,102.94,4.4834,0.0667,0,0.1,0,0.14,0,0,0,0,0,0,0,0,0,0.1,17.2844,9.4284,15.4213,15.9059,2511
"p330","ssp245","CNRM-CM6-1-HR","2075",0.24,0,0,24,98.3,4.4302,0.05,0,0.55,0,0,0,0,0,0,0,0,0,0,0,0.15,13.4087,8.0672,12.859,17.3474,2512
"p330","ssp245","CNRM-CM6-1-HR","2075",0.24,0.4,0,55,103.08,4.5942,0.25,0,0.15,0,0.1,0,0,0,0,0.15,0,0,0,0,0.15,16.7555,10.3641,15.639,14.565,2513
"p330","ssp245","CNRM-CM6-1-HR","2075",0.26,0,0,47,105.24,4.8241,0.1833,0,0.15,0,0.12,0,0,0,0,0.15,0,0,0,0.15,0.15,14.7847,10.3187,14.8618,15.6312,2514
"p330","ssp245","CNRM-CM6-1-HR","2075",0.1,0.1,0,55,106.24,4.4958,0.0833,0,0.15,0,0.05,0,0,0,0,0.3,0,0.05,0,0,0.3,15.4043,8.4386,14.3505,18.7753,2515
"p330","ssp245","CNRM-CM6-1-HR","2075",0.11,0,0,49,107.25,4.4619,0.1,0,0.25,0,0.12,0,0,0,0,0.25,0,0,0,0.15,0.7,15.0529,8.1092,15.8727,16.7702,2516
"p330","ssp245","CNRM-CM6-1-HR","2075",0.13,0,0,51,105.03,4.3881,0.1,0,0.2,0,0.11,0,0,0,0,0,0,0,0,0,0.35,15.1357,9.5672,16.1287,15.7482,2517
"p330","ssp245","CNRM-CM6-1-HR","2075",0.18,0.1,0,47,97.48,4.277,0.0167,0,0.75,0,0,0,0,0,0,0.1,0,0,0,0,0.1,14.2663,5.4366,10.0835,14.5112,2518
"p330","ssp245","CNRM-CM6-1-HR","2075",0.32,0.4,0,50,104.4,4.199,0.0833,0,0.85,0,0.07,0,0,0,0,0,0,0,0,0,0.1,15.3919,6.5997,11.2985,15.2921,2519
"p330","ssp245","CNRM-CM6-1-HR","2075",0.17,0.3,0,57,99.4,4.8516,0.05,0,0.95,0,0,0,0,0,0,0,0,0,0,0,0.6,16.6462,6.7486,13.7025,18.1103,2520
"p330","ssp245","CNRM-CM6-1-HR","2075",0.2,0.15,0,58,102.16,4.075,0.1333,0,0.2,0,0.07,0,0,0,0,0.1,0,0,0,0,0.8,16.5072,7.7195,14.0137,17.1291,2521
"p330","ssp245","CNRM-CM6-1-HR","2075",0.16,0,0,34,97.51,4.3287,0.0833,0,0,0,0.06,0,0,0,0,0,0,0,0,0,0.4,13.7451,9.4915,16.7172,18.3553,2522
"p330","ssp245","CNRM-CM6-1-HR","2075",0.15,0.35,0,45,106.47,4.331,0.1333,0,0.3,0.05,0.06,0,0,0,0,0,0,0,0,0,0.1,14.9295,9.5495,10.8368,13.7148,2523
"p330","ssp245","CNRM-CM6-1-HR","2075",0.36,0,0,53,105.75,4.0028,0.0167,0,0.45,0,0,0,0,0,0,0,0,0,0,0.15,0.15,14.9252,7.1317,13.19,17.7488,2524
"p330","ssp245","CNRM-CM6-1-HR","2075",0.16,0,0,39,109.99,4.642,0.0667,0,0.45,0.05,0,0,0,0,0,0.1,0,0,0,0,0.15,15.568,7.657,11.3432,14.8166,2525
"p330","ssp245","CNRM-CM6-1-HR","2075",0.2,0.3,0,55,103.23,4.3995,0.1167,0,0.15,0,0.06,0,0,0,0,0.1,0,0,0,0.15,0.25,17.1868,7.3968,15.1427,15.9586,2526
"p330","ssp245","CNRM-CM6-1-HR","2075",0.32,0,0,42,99.7,4.5331,0.0333,0,0.55,0,0.11,0,0,0,0,0,0,0.05,0,0.15,0.45,14.1918,6.8567,15.778,17.8842,2527
"p330","ssp245","CNRM-CM6-1-HR","2075",0,0,0,47,104.91,4.4428,0.1167,0,0,0,0.05,0,0,0,0,0.15,0,0,0,0,0.15,14.4981,9.7145,11.5903,15.8308,2528
"p330","ssp245","CNRM-CM6-1-HR","2075",0.22,0.3,0,47,105.04,4.5817,0.0333,0,0.5,0,0,0,0,0,0,0,0,0,0,0,0.1,15.868,7.554,12.9487,14.2224,2529
"p330","ssp245","CNRM-CM6-1-HR","2075",0.32,0,0,39,101.5,4.5207,0.05,0,1,0,0.12,0,0,0,0,0,0,0,0,0,0.3,14.3595,4.1993,14.1895,16.7452,2530
"p330","ssp245","CNRM-CM6-1-HR","2075",0.15,0,0.1,52,107.72,4.5237,0.0667,0,0.65,0,0.05,0,0,0,0,0,0,0,0,0.15,0.1,15.3443,5.585,14.6792,12.8765,2531
"p330","ssp245","CNRM-CM6-1-HR","2075",0.41,0,0,60,97.69,4.5836,0.05,0,0,0,0.12,0,0,0,0,0,0,0,0,0,0.3,16.5183,7.8535,9.8967,14.9188,2532
"p330","ssp245","CNRM-CM6-1-HR","2075",0.32,0,0,57,110.01,4.6664,0.1,0,0.25,0,0,0,0,0,0,0.15,0,0,0,0,0.3,15.6343,8.6507,16.6915,15.9788,2533
"p330","ssp245","CNRM-CM6-1-HR","2075",0.22,0,0,50,92.07,4.5012,0.1,0,0.45,0,0.12,0,0,0,0,0,0,0,0.05,0.15,0.4,14.8894,10.0031,14.5113,16.982,2534
"p330","ssp245","CNRM-CM6-1-HR","2075",0.41,0,0,54,96.63,4.6344,0.0833,0,0.25,0,0.06,0,0,0,0,0,0,0,0,0.15,0.55,15.6121,7.8458,10.9063,15.9615,2535
"p330","ssp245","CNRM-CM6-1-HR","2075",0.32,0.55,0,53,112.62,4.7222,0.0833,0,0.5,0,0.12,0,0,0,0,0,0,0,0,0,0,16.1218,7.7208,13.2628,11.6398,2536
"p330","ssp245","CNRM-CM6-1-HR","2075",0.25,0.4,0,44,95.88,4.291,0.15,0,0.25,0,0.07,0,0,0,0,0.3,0,0,0.05,0,0.3,15.0382,8.6962,15.31,15.8097,2537
"p330","ssp245","CNRM-CM6-1-HR","2075",0.15,0,0,42,106.25,3.8467,0.0167,0,0.75,0,0.06,0,0,0,0,0.2,0,0,0,0,0.25,14.6079,5.3798,13.7682,17.5126,2538
"p330","ssp245","CNRM-CM6-1-HR","2075",0.27,0.3,0,51,102.53,4.2323,0.0167,0,1,0,0.05,0,0,0.2,0,0,0,0,0,0,0.5,15.499,3.0926,16.5132,17.6444,2539
"p330","ssp245","CNRM-CM6-1-HR","2075",0.33,0,0,49,108.72,4.6011,0.0667,0,0.3,0,0.21,0,0,0,0,0,0,0,0,0,0.2,14.1898,8.9087,16.7307,16.4229,2540
"p330","ssp245","CNRM-CM6-1-HR","2075",0.28,0.3,0,66,94.83,4.3745,0.0667,0,0.3,0,0.05,0,0,0,0,0,0,0,0,0,0.3,16.7272,7.8947,11.4727,16.7419,2541
"p330","ssp245","CNRM-CM6-1-HR","2075",0.16,0,0,46,97.14,4.5236,0.15,0,0.4,0,0,0,0,0,0,0,0,0.05,0,0,0.1,15.2655,7.6993,13.8428,15.5109,2542
"p330","ssp245","CNRM-CM6-1-HR","2075",0.16,0.1,0,38,109.97,4.212,0.0833,0,0.6,0,0,0,0,0,0,0,0,0,0,0,0.2,14.7209,6.9597,11.4835,15.6344,2543
"p330","ssp245","CNRM-CM6-1-HR","2075",0.29,0.35,0,65,104.73,4.6205,0.0667,0,0.2,0,0.07,0,0,0,0,0.35,0,0,0,0,0.05,17.1293,8.4178,12.3268,13.6671,2544
"p330","ssp245","CNRM-CM6-1-HR","2075",0.15,0.45,0,39,112.13,4.3973,0.05,0,1,0,0.06,0,0,0,0,0.3,0,0,0,0.15,0.2,13.577,4.4169,13.4495,13.5991,2545
"p330","ssp245","CNRM-CM6-1-HR","2075",0.23,0.35,0,48,108.18,4.7081,0.1,0,0,0,0.05,0,0,0,0,0,0,0,0,0,0.2,15.3845,8.6452,10.6742,14.8052,2546
"p330","ssp245","CNRM-CM6-1-HR","2075",0.38,0.15,0,59,99.25,4.6061,0.2667,0,0.1,0,0.07,0,0,0,0,0.1,0,0,0,0,0.1,15.6997,10.0657,13.2648,15.1829,2547
"p330","ssp245","CNRM-CM6-1-HR","2075",0.19,0.15,0,48,105.05,4.777,0.0833,0,0,0,0.05,0,0,0,0,0,0,0.05,0.05,0,0.55,15.2824,8.7092,12.3622,16.7808,2548
"p330","ssp245","CNRM-CM6-1-HR","2075",0.15,0,0,43,115.52,4.6674,0.0667,0,0.1,0,0.17,0,0,0,0,0.1,0,0,0,0,0.2,15.5216,8.986,14.1518,15.3107,2549
"p330","ssp245","CNRM-CM6-1-HR","2075",0.11,0,0,46,97.52,4.426,0.1167,0,1,0,0.17,0,0,0,0,0,0,0,0,0,0.35,15.2043,2.7797,12.6797,18.5632,2550
"p330","ssp245","CNRM-CM6-1-HR","2075",0.43,0,0,45,104.08,4.2707,0.0167,0,0.85,0,0.1,0.05,0,0,0,0,0,0.05,0,0,0.35,14.6755,4.878,15.1243,16.8811,2551
"p330","ssp245","CNRM-CM6-1-HR","2075",0.12,0,0,39,104.32,4.2746,0,0,0.8,0,0.05,0,0,0,0,0.15,0,0,0,0,0.05,14.1089,5.7179,13.4167,13.6659,2552
"p330","ssp245","CNRM-CM6-1-HR","2075",0.11,0,0,55,107.74,3.8869,0.15,0,0.85,0,0.17,0,0,0,0,0.25,0,0,0,0.15,0.15,15.7659,5.426,16.1408,16.4474,2553
"p330","ssp245","CNRM-CM6-1-HR","2075",0.29,0.2,0,38,107.84,4.1352,0,0,1,0,0.06,0,0,0,0,0,0,0,0,0,0.2,14.3299,3.72,11.7783,16.9756,2554
"p330","ssp245","CNRM-CM6-1-HR","2075",0.37,0.15,0,56,103.98,4.4025,0.0667,0,0.4,0,0.1,0,0,0,0,0,0,0,0,0.15,0.4,16.0301,9.3384,14.6955,15.2903,2555
"p330","ssp245","CNRM-CM6-1-HR","2075",0.23,0,0,54,98.87,4.5213,0.0833,0,0.15,0,0.07,0,0,0,0,0,0,0.2,0.05,0,0.15,16.1259,7.9242,12.9272,17.7855,2556
"p330","ssp245","CNRM-CM6-1-HR","2075",0.07,0,0,46,104.56,4.4658,0.15,0,0,0,0.06,0,0,0,0,0,0,0,0,0,0.35,15.2388,11.1482,10.5908,15.7397,2557
"p330","ssp245","CNRM-CM6-1-HR","2075",0.33,0,0,32,113.41,4.7167,0.1,0,0.3,0,0.07,0,0,0.3,0,0,0,0,0.05,0.15,0.35,13.4246,8.1588,18.1262,15.9256,2558
"p330","ssp245","CNRM-CM6-1-HR","2075",0.12,0.25,0.25,47,105.9,4.3303,0.0667,0,0.15,0,0.08,0,0,0,0,0.1,0,0,0,0,0.45,15.6827,6.7886,13.1003,16.937,2559
"p330","ssp245","CNRM-CM6-1-HR","2075",0.37,0.4,0,55,106.31,4.3379,0.0667,0,0.9,0,0.1,0,0,0,0,0.15,0,0,0,0.15,0.55,15.6866,5.6938,13.2235,17.2223,2560
"p330","ssp245","CNRM-CM6-1-HR","2075",0.37,0.25,0,54,100.61,4.8556,0.0667,0,0.25,0.05,0.15,0,0,0,0,0,0,0,0,0,0.2,16.4402,7.508,12.7595,14.9421,2561
"p330","ssp245","CNRM-CM6-1-HR","2075",0.28,0.2,0,44,107.99,4.7644,0.2167,0,0,0.05,0.09,0,0,0,0,0,0,0,0,0,0,14.4142,10.0405,13.3322,12.6029,2562
"p330","ssp245","CNRM-CM6-1-HR","2075",0.28,0,0,19,100.58,4.5925,0.05,0,0.5,0,0.1,0,0,0,0,0.1,0,0,0,0.15,0.25,11.7546,6.779,14.8602,16.7055,2563
"p330","ssp245","CNRM-CM6-1-HR","2075",0.36,0,0,31,104.16,4.6554,0.0667,0,0.05,0,0.06,0,0,0,0,0.1,0,0,0,0,0.25,12.9188,9.2945,13.0613,17.0068,2564
"p330","ssp245","CNRM-CM6-1-HR","2075",0.1,0,0,44,115.27,4.2179,0.1167,0,0.2,0,0,0,0,0,0,0,0,0.15,0,0,0.3,14.8915,8.0044,12.0585,20.5691,2565
"p330","ssp245","CNRM-CM6-1-HR","2075",0.15,0,0.15,43,110.36,4.6656,0.0667,0,0.4,0,0,0,0,0,0,0.2,0,0,0,0,0.15,14.7055,7.1143,16.1105,18.3614,2566
"p330","ssp245","CNRM-CM6-1-HR","2075",0.35,0.1,0,46,94.46,4.1564,0.05,0,0,0,0.13,0,0,0,0,0,0,0,0,0.15,0.2,15.1002,7.8524,13.2353,17.0232,2567
"p330","ssp245","CNRM-CM6-1-HR","2075",0.14,0.15,0.1,46,103.4,4.5764,0.0833,0,0.7,0,0.12,0,0,0,0,0,0,0,0,0,0.35,16.0524,6.9653,11.0338,17.5409,2568
"p330","ssp245","CNRM-CM6-1-HR","2075",0.27,0.1,0,47,101.24,4.2717,0.1167,0,0.2,0,0.07,0.05,0,0,0,0,0,0,0,0,0.35,15.1457,9.2157,13.3645,18.3993,2569
"p330","ssp245","CNRM-CM6-1-HR","2075",0.45,0.15,0,60,105.21,4.4937,0.1833,0,0.5,0,0.14,0,0,0,0,0,0,0,0,0,0.1,16.9836,8.1862,13.8905,16.0497,2570
"p330","ssp245","CNRM-CM6-1-HR","2075",0.21,0,0.1,51,96.59,4.3325,0.15,0,0.75,0,0.12,0,0,0,0,0,0,0,0,0.15,0.4,14.7521,6.5635,12.5557,15.1391,2571
"p330","ssp245","CNRM-CM6-1-HR","2075",0.23,0,0.1,57,113.45,4.0989,0.0667,0,0.05,0,0,0,0,0,0,0,0,0,0.05,0,0.35,15.3282,8.6994,11.4205,17.3308,2572
"p330","ssp245","CNRM-CM6-1-HR","2075",0.11,0,0.15,50,112.04,4.5381,0.0167,0,0.8,0,0.13,0,0,0,0,0,0,0.05,0,0,0.7,16.1721,5.7427,15.3787,18.5332,2573
"p330","ssp245","CNRM-CM6-1-HR","2075",0.33,0.55,0,52,108.19,4.4137,0.1333,0,0.15,0,0.12,0,0,0,0,0,0,0,0,0.15,0.15,16.7369,9.6382,14.3678,17.9727,2574
"p330","ssp245","CNRM-CM6-1-HR","2075",0.3,0,0,44,99.17,4.2999,0.1167,0,0.15,0,0.12,0,0,0,0,0.15,0,0,0,0,0.1,15.3956,9.1178,14.4373,14.51,2575
"p330","ssp245","CNRM-CM6-1-HR","2075",0.12,0,0,35,109.88,4.9095,0.05,0,0.05,0,0.05,0,0,0,0,0,0,0,0,0,0.15,14.7813,8.1358,14.7617,15.3059,2576
"p330","ssp245","CNRM-CM6-1-HR","2075",0.2,0,0,56,96.77,4.4366,0.1667,0,0.15,0,0.06,0,0,0,0,0.2,0,0,0,0,0.15,16.0641,8.0347,13.6162,15.2301,2577
"p330","ssp245","CNRM-CM6-1-HR","2075",0.43,0.1,0,52,101.83,4.3699,0.0167,0,0.25,0,0.1,0,0,0,0,0.15,0,0,0,0,0.5,15.8967,7.7056,13.6912,16.8811,2578
"p330","ssp245","CNRM-CM6-1-HR","2075",0.38,0,0,37,99.07,4.164,0.1167,0,0.3,0,0,0,0,0,0,0.15,0,0,0,0,0.6,13.7312,7.8861,12.996,17.6152,2579
"p330","ssp245","CNRM-CM6-1-HR","2075",0.24,0.15,0.15,45,86.59,4.4081,0.1667,0,0,0,0.17,0,0,0,0,0,0,0,0,0.15,0.6,15.8525,10.7338,13.006,15.5,2580
"p330","ssp245","CNRM-CM6-1-HR","2075",0.22,0.1,0,59,108.5,4.1867,0.15,0,0.05,0,0.05,0,0,0,0,0,0,0,0,0,0.4,16.6059,10.6148,13.6777,15.0368,2581
"p330","ssp245","CNRM-CM6-1-HR","2075",0.22,0.15,0,51,94.86,4.505,0.0833,0,0.85,0,0.05,0,0,0,0,0.15,0,0.1,0,0,0.3,16.9801,5.465,12.0892,18.0306,2582
"p330","ssp245","CNRM-CM6-1-HR","2075",0.25,0,0,39,110.01,4.5881,0.0833,0,0.3,0.05,0.1,0,0,0,0,0.1,0,0.15,0.05,0.15,0.15,14.9779,6.9006,12.484,16.5914,2583
"p330","ssp245","CNRM-CM6-1-HR","2075",0.29,0.2,0,23,100.69,4.7032,0.1333,0,0.2,0,0.05,0,0,0,0,0,0,0,0,0.15,0.4,13.5377,8.2538,10.8765,18.3318,2584
"p330","ssp245","CNRM-CM6-1-HR","2075",0.22,0.75,0,49,105.84,4.4655,0.0667,0,0.35,0,0.06,0,0,0.3,0,0,0,0,0,0,0.05,16.1771,6.6036,15.1135,15.9259,2585
"p330","ssp245","CNRM-CM6-1-HR","2075",0.22,0.15,0,48,99.26,4.3254,0.1,0,0.7,0,0.14,0,0,0,0,0.1,0,0.05,0.05,0,0.1,16.0149,6.9012,13.9888,16.4456,2586
"p330","ssp245","CNRM-CM6-1-HR","2075",0.31,0,0,45,107.08,4.6979,0.0833,0,0.45,0,0.09,0,0,0,0,0,0,0,0,0.15,0.6,15.2097,6.9838,14.3755,17.0961,2587
"p330","ssp245","CNRM-CM6-1-HR","2075",0.32,0.25,0,51,107.58,4.4498,0.0833,0,0.05,0,0.1,0,0,0,0,0.1,0,0,0,0,0.2,16.6602,8.9197,13.8797,16.4427,2588
"p330","ssp245","CNRM-CM6-1-HR","2075",0.27,0,0,42,106.93,4.8591,0.1333,0,0.15,0,0.11,0,0,0,0,0,0,0,0,0,0.25,14.8875,8.2768,12.8068,15.2296,2589
"p330","ssp245","CNRM-CM6-1-HR","2075",0.13,0,0,33,105.03,4.4043,0.0333,0,0.8,0,0.06,0,0,0,0,0,0,0,0,0,0.15,13.6423,4.8818,13.0875,14.9577,2590
"p330","ssp245","CNRM-CM6-1-HR","2075",0.21,0,0,53,111.24,4.5238,0.0667,0,0.5,0,0.06,0,0,0,0,0,0,0,0,0,0.25,15.7738,7.1086,13.9943,13.5097,2591
"p330","ssp245","CNRM-CM6-1-HR","2075",0.16,0,0,30,96.87,4.3272,0.0667,0,0.45,0,0.16,0,0,0,0,0,0,0,0,0,0.45,13.5363,7.2224,13.1048,16.7485,2592
"p330","ssp245","CNRM-CM6-1-HR","2075",0.06,0.15,0,40,104.38,4.8173,0.2833,0,0.1,0,0.1,0,0,0,0,0,0,0,0,0.15,0.2,13.8837,10.3188,12.1473,14.8571,2593
"p330","ssp245","CNRM-CM6-1-HR","2075",0.27,0.3,0,53,104.57,4.3616,0.05,0,0.05,0,0.09,0,0,0,0,0,0,0,0,0,0.1,16.1759,7.8085,12.1725,14.4503,2594
"p330","ssp245","CNRM-CM6-1-HR","2075",0,0.1,0.1,49,105.79,4.4963,0.15,0,0.6,0,0.13,0,0,0,0,0,0,0,0,0.6,0.35,15.4237,9.2646,15.048,16.7145,2595
"p330","ssp245","CNRM-CM6-1-HR","2075",0.32,0.2,0,61,110.88,4.4662,0.05,0,1,0,0.11,0,0,0,0,0,0,0,0,0,0.25,16.9762,5.5942,15.9422,17.4645,2596
"p330","ssp245","CNRM-CM6-1-HR","2075",0.05,0,0,63,109.47,4.4706,0.1333,0,0.5,0,0.08,0,0,0,0,0.2,0,0,0,0,0.1,16.0299,6.3835,16.5642,15.0404,2597
"p330","ssp245","CNRM-CM6-1-HR","2075",0.2,0,0,47,107.26,4.4872,0.2,0,0.1,0,0.15,0,0,0,0,0,0,0,0,0,0,14.6764,9.2113,14.2442,13.1026,2598
"p330","ssp245","CNRM-CM6-1-HR","2075",0.27,0,0.1,61,97.97,4.2126,0.0833,0,0.45,0,0,0,0,0,0,0,0,0,0,0,0.15,16.4753,8.508,10.7393,16.6426,2599
"p330","ssp245","CNRM-CM6-1-HR","2075",0.3,0.3,0,67,108.74,4.4438,0,0,0.25,0,0.1,0,0,0,0,0,0,0,0,0,0.35,17.2426,7.4478,12.976,13.4091,2600
"p330","ssp245","CNRM-ESM2-1","2075",0.16,0.1,0,51,101.42,5.2081,0.1333,0,0.8,0,0,0,0,0,0,0,0,0,0,0,0.25,15.8792,6.2955,10.5593,15.2601,2601
"p330","ssp245","CNRM-ESM2-1","2075",0.05,0.35,0,53,105.11,5.5164,0.05,0,0.15,0,0.08,0,0,0,0,0,0,0,0,0,0.2,15.7214,7.3443,12.233,16.5515,2602
"p330","ssp245","CNRM-ESM2-1","2075",0.15,0,0,47,108.11,5.2891,0.1167,0,0.7,0,0.24,0,0,0,0,0,0,0,0,0,0.25,15.3366,6.3618,15.0178,16.2702,2603
"p330","ssp245","CNRM-ESM2-1","2075",0.31,0,0,51,105.21,5.2256,0.1667,0,0.2,0,0.08,0,0,0,0,0.2,0,0,0,0,0.2,14.2775,8.1986,10.242,15.647,2604
"p330","ssp245","CNRM-ESM2-1","2075",0.18,0,0,63,106.4,5.406,0.1167,0,0.45,0.05,0.05,0,0,0,0,0,0,0,0,0,0.25,15.9074,6.9952,13.6653,15.1626,2605
"p330","ssp245","CNRM-ESM2-1","2075",0.28,0.1,0.1,50,113.52,5.5183,0.0667,0,0.7,0.1,0,0,0,0,0,0,0,0,0,0,0.3,14.8424,6.6963,8.4345,15.0758,2606
"p330","ssp245","CNRM-ESM2-1","2075",0.22,0.1,0,50,99.98,5.2983,0.05,0,0.9,0,0.12,0,0,0,0,0,0,0,0,0,0.05,15.7376,6.1403,10.239,13.3064,2607
"p330","ssp245","CNRM-ESM2-1","2075",0.27,0.5,0,36,107.26,5.4426,0.1,0,0.5,0,0.06,0,0,0,0,0,0,0.05,0.05,0,0.55,14.4765,7.0652,11.3842,19.5735,2608
"p330","ssp245","CNRM-ESM2-1","2075",0.41,0,0,69,96.3,4.6979,0.05,0,1,0,0.1,0,0,0,0,0,0,0,0,0,0.1,17.018,4.6358,13.6572,15.445,2609
"p330","ssp245","CNRM-ESM2-1","2075",0.3,0.4,0,55,102.46,5.571,0.15,0,1,0.05,0.16,0,0,0,0,0,0,0,0,0,0.1,16.3959,5.6309,13.2745,15.5226,2610
"p330","ssp245","CNRM-ESM2-1","2075",0.13,0.2,0.15,65,99.69,5.2994,0.1,0,0.35,0,0.14,0,0,0,0,0,0,0,0,0,0.15,17.1006,8.0766,14.2467,15.9609,2611
"p330","ssp245","CNRM-ESM2-1","2075",0.23,0,0,20,100.98,5.2809,0.0333,0,0.85,0,0,0,0,0,0,0,0,0,0,0,0.1,13.2237,6.7063,11.6788,17.3932,2612
"p330","ssp245","CNRM-ESM2-1","2075",0.24,0.4,0,55,100.51,5.4457,0.2667,0,0.25,0,0.1,0,0,0,0,0,0,0,0,0,0.15,16.5745,9.0219,14.4843,14.6113,2613
"p330","ssp245","CNRM-ESM2-1","2075",0.26,0,0,47,102.61,5.6775,0.2333,0,0.25,0,0.12,0,0,0,0,0.15,0,0,0,0,0.2,14.6025,8.9718,13.6985,15.6862,2614
"p330","ssp245","CNRM-ESM2-1","2075",0.1,0.15,0,52,106.68,5.3448,0.0833,0,0.45,0,0.05,0,0,0,0,0.3,0,0.05,0,0,0.3,15.2211,7.0878,13.178,18.8292,2615
"p330","ssp245","CNRM-ESM2-1","2075",0.17,0,0,46,108.61,5.2781,0.0833,0,0.4,0,0.12,0,0,0,0,0.35,0,0,0,0,0.7,14.868,6.7477,14.6948,16.8152,2616
"p330","ssp245","CNRM-ESM2-1","2075",0.13,0,0,50,101.75,5.2239,0.15,0,0.2,0,0.11,0,0,0,0,0,0,0,0,0,0.35,14.9556,8.2261,14.9757,15.7929,2617
"p330","ssp245","CNRM-ESM2-1","2075",0.18,0.1,0,47,93.05,5.0717,0.0333,0,1,0,0,0,0,0,0,0,0,0,0,0,0.1,14.0844,4.0911,8.9212,14.5656,2618
"p330","ssp245","CNRM-ESM2-1","2075",0.32,0.4,0,49,102.82,4.9728,0.0667,0,1,0.05,0.07,0,0,0,0,0,0,0,0,0,0.2,15.2086,5.2497,10.1283,15.3465,2619
"p330","ssp245","CNRM-ESM2-1","2075",0.17,0.3,0,57,101.76,5.7745,0.05,0,1,0,0,0,0,0,0,0,0,0,0,0,0.65,16.4611,5.3891,12.5258,18.1561,2620
"p330","ssp245","CNRM-ESM2-1","2075",0.2,0.15,0,58,99.2,4.8621,0.0833,0,0.45,0,0.07,0,0,0,0,0.1,0,0,0,0,0.75,16.3275,6.3793,12.8625,17.1747,2621
"p330","ssp245","CNRM-ESM2-1","2075",0.15,0,0,34,95.67,5.1347,0.1167,0,0.25,0,0.06,0,0,0,0,0,0,0,0,0,0.45,13.5637,8.1459,15.5572,18.4092,2622
"p330","ssp245","CNRM-ESM2-1","2075",0.16,0.35,0,41,110.02,5.1691,0.15,0,0.5,0.05,0.06,0,0,0,0,0,0,0,0,0,0.1,14.7463,8.1998,9.6685,13.7692,2623
"p330","ssp245","CNRM-ESM2-1","2075",0.43,0,0,53,100.68,4.726,0.0333,0,0.85,0,0,0,0,0,0,0,0,0,0,0.15,0.2,14.7412,5.7728,12.015,17.7935,2624
"p330","ssp245","CNRM-ESM2-1","2075",0.16,0,0,39,105.48,5.4772,0.0833,0,0.8,0.05,0,0,0,0,0,0,0,0,0,0,0.2,15.3884,6.3173,10.193,14.8618,2625
"p330","ssp245","CNRM-ESM2-1","2075",0.25,0.3,0,51,105.23,5.2275,0.1167,0,0.35,0,0.06,0,0,0,0,0,0,0,0,0,0.25,17.0062,6.0528,13.983,16.013,2626
"p330","ssp245","CNRM-ESM2-1","2075",0.32,0,0,42,93.09,5.3453,0.0833,0,0.95,0,0.11,0,0,0,0,0,0,0.05,0,0,0.45,14.0093,5.5075,14.611,17.9392,2627
"p330","ssp245","CNRM-ESM2-1","2075",0,0,0,46,107.56,5.3017,0.1333,0,0.15,0,0.05,0,0,0,0,0.15,0,0,0,0,0.15,14.3141,8.3567,10.4173,15.8762,2628
"p330","ssp245","CNRM-ESM2-1","2075",0.22,0.15,0,47,104.69,5.4089,0.0667,0,0.7,0,0,0,0,0,0,0,0,0,0,0,0.1,15.6887,6.2154,11.8012,14.2666,2629
"p330","ssp245","CNRM-ESM2-1","2075",0.32,0,0,37,105.7,5.3259,0.0167,0,1,0,0.12,0,0,0,0,0,0,0,0,0,0.3,14.1787,2.8559,13.0332,16.8,2630
"p330","ssp245","CNRM-ESM2-1","2075",0.15,0,0.1,52,108.58,5.3338,0.0833,0,0.95,0,0,0,0,0,0,0,0,0,0,0,0.1,15.1623,4.2377,13.5128,12.9321,2631
"p330","ssp245","CNRM-ESM2-1","2075",0.41,0,0,58,96.37,5.438,0.05,0,0.4,0,0.12,0,0,0,0,0,0,0,0,0,0.3,16.3346,6.4968,8.7245,14.9638,2632
"p330","ssp245","CNRM-ESM2-1","2075",0.32,0,0,56,105.13,5.5862,0.15,0,0.7,0,0,0,0,0,0,0.15,0,0,0,0,0.35,15.4554,7.3122,15.5457,16.0237,2633
"p330","ssp245","CNRM-ESM2-1","2075",0.21,0,0,47,93.12,5.323,0.1167,0,0.6,0,0.12,0,0,0,0,0.2,0,0,0.05,0.15,0.45,14.7089,8.6605,13.356,17.0367,2634
"p330","ssp245","CNRM-ESM2-1","2075",0.43,0,0,53,99.26,5.5051,0.1,0,0.6,0.05,0.06,0,0,0,0,0,0,0,0,0,0.6,15.4305,6.4986,9.7428,16.0155,2635
"p330","ssp245","CNRM-ESM2-1","2075",0.37,0.55,0,52,109.7,5.5915,0.1,0,0.75,0,0.12,0,0,0,0,0,0,0,0,0,0,15.938,6.3651,12.0937,11.6848,2636
"p330","ssp245","CNRM-ESM2-1","2075",0.25,0.45,0,43,92.06,5.1087,0.1833,0,0.7,0,0.07,0,0,0,0,0.35,0,0,0.05,0,0.3,14.8589,7.3589,14.1653,15.8546,2637
"p330","ssp245","CNRM-ESM2-1","2075",0.15,0.15,0,39,99.84,4.5338,0.0167,0,1,0,0.06,0,0,0,0,0.1,0,0,0,0,0.25,14.4279,4.0385,12.6143,17.567,2638
"p330","ssp245","CNRM-ESM2-1","2075",0.27,0.25,0,51,96.04,5.0154,0.0167,0,1,0.05,0.05,0,0,0,0,0,0,0,0,0,0.5,15.3177,1.7464,15.3517,17.6977,2639
"p330","ssp245","CNRM-ESM2-1","2075",0.33,0,0,48,107.56,5.4416,0.0667,0,0.5,0,0.21,0,0,0,0,0.1,0,0,0,0,0.25,14.0069,7.5537,15.5633,16.4694,2640
"p330","ssp245","CNRM-ESM2-1","2075",0.29,0.3,0,64,85.43,5.1572,0.1333,0,0.85,0,0.05,0,0,0,0,0,0,0,0,0.15,0.3,16.5486,6.5591,10.3308,16.7869,2641
"p330","ssp245","CNRM-ESM2-1","2075",0.16,0,0,42,96.53,5.3465,0.1667,0,0.55,0,0,0,0,0,0,0,0,0.1,0,0,0.15,15.0853,6.3584,12.6915,15.5659,2642
"p330","ssp245","CNRM-ESM2-1","2075",0.16,0.15,0,36,104.94,4.9807,0.1,0,0.85,0,0,0,0,0,0,0,0,0,0,0,0.15,14.5398,5.6139,10.323,15.6897,2643
"p330","ssp245","CNRM-ESM2-1","2075",0.29,0.35,0,64,101.14,5.4944,0.0833,0,0.4,0,0.07,0,0,0,0,0,0,0,0,0,0.05,16.9468,7.0634,11.1608,13.7124,2644
"p330","ssp245","CNRM-ESM2-1","2075",0.15,0.5,0,39,108.28,5.2219,0.0167,0,1,0,0.06,0,0,0,0,0.2,0,0,0,0,0.2,13.399,3.0814,12.3088,13.6429,2645
"p330","ssp245","CNRM-ESM2-1","2075",0.23,0.1,0,47,104.19,5.5713,0.1333,0,0.15,0,0.05,0,0,0,0,0,0,0,0,0,0.2,15.205,7.3062,9.525,14.8589,2646
"p330","ssp245","CNRM-ESM2-1","2075",0.36,0.15,0,57,95.12,5.4876,0.25,0,0.4,0,0.06,0,0,0,0,0.15,0,0,0,0,0.15,15.5191,8.7216,12.1058,15.2383,2647
"p330","ssp245","CNRM-ESM2-1","2075",0.19,0.15,0,48,107.97,5.6502,0.1,0,0.15,0,0.05,0,0,0,0,0,0,0,0.05,0,0.55,15.0996,7.3553,11.1978,16.827,2648
"p330","ssp245","CNRM-ESM2-1","2075",0.15,0,0,43,111.37,5.5332,0.1,0,0.2,0,0.17,0,0,0,0,0.1,0,0,0,0,0.2,15.3441,7.6515,13.0132,15.3549,2649
"p330","ssp245","CNRM-ESM2-1","2075",0.05,0,0,44,96.05,5.255,0.1,0,1,0,0.17,0,0,0,0,0,0,0,0,0,0.35,15.0246,1.4405,11.5318,18.618,2650
"p330","ssp245","CNRM-ESM2-1","2075",0.43,0,0,42,99.93,5.055,0,0,1,0,0.1,0.05,0,0,0,0.1,0,0.05,0,0,0.3,14.4946,3.5347,13.9665,16.9359,2651
"p330","ssp245","CNRM-ESM2-1","2075",0.12,0,0,40,98.8,5.0396,0.0167,0,1,0,0.05,0,0,0,0,0,0,0,0,0,0.05,13.927,4.3653,12.255,13.7114,2652
"p330","ssp245","CNRM-ESM2-1","2075",0.11,0,0,53,102.24,4.6398,0.1333,0,1,0,0.17,0,0,0,0,0.35,0,0,0,0.15,0.15,15.5885,4.0919,15.0043,16.4915,2653
"p330","ssp245","CNRM-ESM2-1","2075",0.29,0.2,0,37,102.55,4.9103,0.0167,0,1,0,0.06,0,0,0,0,0,0,0,0,0,0.2,14.1511,2.3822,10.6332,17.0294,2654
"p330","ssp245","CNRM-ESM2-1","2075",0.39,0.1,0,53,102.37,5.2386,0.0833,0,0.85,0,0.1,0,0,0,0,0,0,0,0,0,0.35,15.8498,7.9958,13.5407,15.345,2655
"p330","ssp245","CNRM-ESM2-1","2075",0.22,0,0,55,98.24,5.3966,0.15,0,0.55,0,0.07,0,0,0,0,0,0,0.2,0.05,0,0.15,15.9436,6.5734,11.7672,17.8312,2656
"p330","ssp245","CNRM-ESM2-1","2075",0.07,0,0,46,100.86,5.279,0.1833,0,0,0,0.06,0,0,0,0,0,0,0,0,0,0.45,15.0616,9.8155,9.4565,15.7838,2657
"p330","ssp245","CNRM-ESM2-1","2075",0.33,0,0,32,110.52,5.5723,0.0833,0,0.75,0,0.07,0,0,0,0,0,0,0,0.05,0,0.55,13.2455,6.8217,16.9817,15.9792,2658
"p330","ssp245","CNRM-ESM2-1","2075",0.12,0.25,0.25,46,103.11,5.1744,0.0667,0,0.5,0,0.08,0,0,0,0,0,0,0,0,0,0.45,15.5027,5.4472,11.9478,16.9915,2659
"p330","ssp245","CNRM-ESM2-1","2075",0.3,0.4,0,54,106.43,5.1936,0.0833,0,1,0,0.1,0,0,0,0,0,0,0,0,0.15,0.6,15.5052,4.3435,12.0647,17.2679,2660
"p330","ssp245","CNRM-ESM2-1","2075",0.37,0.25,0,53,93.43,5.7436,0.0833,0,0.7,0.05,0.14,0,0,0,0,0,0,0,0,0,0.2,16.2631,6.1757,11.6272,14.9856,2661
"p330","ssp245","CNRM-ESM2-1","2075",0.29,0.2,0,42,106.99,5.5914,0.2167,0,0.05,0.2,0.09,0,0,0,0,0,0,0,0,0,0,14.2362,8.7041,12.1907,12.6568,2662
"p330","ssp245","CNRM-ESM2-1","2075",0.33,0,0,20,99.03,5.4646,0.05,0,1,0,0.05,0,0,0,0,0.1,0,0,0,0,0.25,11.5753,5.4388,13.7073,16.7608,2663
"p330","ssp245","CNRM-ESM2-1","2075",0.36,0,0,30,104.24,5.516,0.1167,0,0.15,0,0.06,0,0,0,0,0.1,0,0,0,0,0.25,12.7374,7.9453,11.9043,17.053,2664
"p330","ssp245","CNRM-ESM2-1","2075",0.05,0,0,43,111.55,5.0066,0.1,0,0.5,0,0,0,0,0,0,0,0,0.15,0,0,0.3,14.7151,6.6728,10.9265,20.6128,2665
"p330","ssp245","CNRM-ESM2-1","2075",0.15,0,0.15,42,109.07,5.5435,0.0667,0,0.75,0,0,0,0,0,0,0.35,0,0,0,0,0.15,14.5269,5.7789,14.97,18.4155,2666
"p330","ssp245","CNRM-ESM2-1","2075",0.37,0.15,0,46,101.05,4.9816,0.05,0,0.35,0,0.13,0,0,0,0,0,0,0,0,0,0.15,14.9203,6.5129,12.0855,17.0777,2667
"p330","ssp245","CNRM-ESM2-1","2075",0.14,0.15,0.1,46,103.32,5.4475,0.0833,0,1,0.05,0,0,0,0,0,0,0,0.05,0,0,0.4,15.8716,5.6162,9.8785,17.587,2668
"p330","ssp245","CNRM-ESM2-1","2075",0.29,0.1,0,45,102.98,5.1161,0.0833,0,0.35,0.1,0.07,0.05,0,0,0,0,0,0,0,0,0.35,14.9691,7.8856,12.2358,18.4434,2669
"p330","ssp245","CNRM-ESM2-1","2075",0.45,0.15,0,57,100.67,5.2793,0.2167,0,0.95,0,0.14,0,0,0,0,0,0,0,0,0,0.1,16.8058,6.8513,12.7513,16.1041,2670
"p330","ssp245","CNRM-ESM2-1","2075",0.18,0,0.1,50,92.12,5.1291,0.1333,0,1,0,0.1,0,0,0,0,0,0,0,0,0,0.4,14.573,5.2244,11.4075,15.1939,2671
"p330","ssp245","CNRM-ESM2-1","2075",0.23,0,0,56,110.38,4.8568,0.1,0,0.35,0,0,0,0,0,0,0,0,0.05,0.05,0,0.35,15.1474,7.3516,10.267,17.3762,2672
"p330","ssp245","CNRM-ESM2-1","2075",0.11,0,0.15,48,107.46,5.4252,0.0167,0,1,0,0.13,0,0,0,0,0.2,0,0.1,0,0,0.7,15.996,4.4134,14.2512,18.5768,2673
"p330","ssp245","CNRM-ESM2-1","2075",0.28,0.6,0,52,104.12,5.2111,0.1333,0,0.25,0,0.12,0,0,0,0,0,0,0,0,0,0.15,16.5594,8.3046,13.2298,18.0274,2674
"p330","ssp245","CNRM-ESM2-1","2075",0.3,0.15,0,43,98.89,5.1536,0.1333,0,0.3,0,0.12,0,0,0,0,0.15,0,0,0,0,0.1,15.2166,7.7801,13.2912,14.5641,2675
"p330","ssp245","CNRM-ESM2-1","2075",0.12,0,0,34,108.23,5.7881,0.1167,0,0.35,0,0,0,0,0,0,0,0,0,0,0,0.2,14.6003,6.7885,13.6098,15.3512,2676
"p330","ssp245","CNRM-ESM2-1","2075",0.2,0,0,53,96.9,5.2761,0.1833,0,0.5,0,0.06,0,0,0,0,0,0,0,0,0,0.15,15.8883,6.7052,12.4893,15.2735,2677
"p330","ssp245","CNRM-ESM2-1","2075",0.43,0.2,0,50,97.42,5.1905,0.05,0,0.55,0,0.1,0,0,0,0,0.15,0,0,0,0,0.5,15.7192,6.3727,12.5567,16.9355,2678
"p330","ssp245","CNRM-ESM2-1","2075",0.38,0,0,36,94.3,4.8899,0.0833,0,0.55,0.05,0,0,0,0,0,0.15,0,0,0,0,0.6,13.5526,6.5492,11.8513,17.6689,2679
"p330","ssp245","CNRM-ESM2-1","2075",0.24,0,0,43,86.83,5.2696,0.2667,0,0.25,0,0.17,0,0,0,0,0,0,0,0,0,0.6,15.6729,9.3925,11.853,15.5541,2680
"p330","ssp245","CNRM-ESM2-1","2075",0.24,0.1,0,57,105.57,4.991,0.1333,0,0.1,0,0.05,0,0,0,0,0,0,0,0,0,0.4,16.4297,9.2917,12.5505,15.0797,2681
"p330","ssp245","CNRM-ESM2-1","2075",0.3,0.3,0,50,95.96,5.3602,0.0667,0,1,0,0,0,0,0,0,0.15,0,0.1,0,0,0.2,16.8023,4.1379,10.9538,18.0945,2682
"p330","ssp245","CNRM-ESM2-1","2075",0.25,0,0,37,108.11,5.4673,0.0833,0,0.75,0.05,0.1,0,0,0,0,0.1,0,0.2,0.05,0,0.15,14.7988,5.5692,11.339,16.6558,2683
"p330","ssp245","CNRM-ESM2-1","2075",0.29,0.2,0,23,97.87,5.6246,0.1333,0,0.6,0,0.05,0,0,0,0,0,0,0,0,0.15,0.4,13.3568,6.9128,9.7248,18.3867,2684
"p330","ssp245","CNRM-ESM2-1","2075",0.24,0.75,0,48,104.35,5.2997,0.0833,0,1,0,0.06,0,0,0,0,0,0,0,0,0,0.05,16.0007,5.2802,13.9887,15.9676,2685
"p330","ssp245","CNRM-ESM2-1","2075",0.28,0.15,0,48,97.23,5.1696,0.1,0,0.95,0,0.14,0,0,0,0,0,0,0.05,0.05,0,0.05,15.8369,5.5748,12.8548,16.5091,2686
"p330","ssp245","CNRM-ESM2-1","2075",0.39,0,0,44,103.81,5.5766,0.1,0,0.85,0,0.09,0,0,0,0,0.1,0,0,0.05,0.15,0.6,15.0302,5.6532,13.2317,17.1591,2687
"p330","ssp245","CNRM-ESM2-1","2075",0.35,0.4,0,50,108.27,5.2905,0.1667,0,0.25,0,0.1,0,0,0,0,0,0,0,0,0,0.25,16.4798,7.5792,12.7302,16.4974,2688
"p330","ssp245","CNRM-ESM2-1","2075",0.25,0,0,43,105.12,5.7828,0.1333,0,0.4,0,0.11,0,0,0,0,0,0,0,0,0,0.25,14.7116,6.9546,11.6847,15.2718,2689
"p330","ssp245","CNRM-ESM2-1","2075",0.21,0,0,33,100.52,5.2721,0.0333,0,1,0,0.06,0,0,0,0,0,0,0,0,0,0.15,13.4645,3.5566,11.9547,15.0209,2690
"p330","ssp245","CNRM-ESM2-1","2075",0.22,0,0,53,105.55,5.3588,0.0333,0,0.9,0,0.06,0,0,0,0,0,0,0,0,0,0.25,15.5956,5.7788,12.853,13.5729,2691
"p330","ssp245","CNRM-ESM2-1","2075",0.16,0,0,26,95.27,5.1773,0.0833,0,0.8,0,0.16,0,0,0,0,0,0,0,0,0,0.35,13.3556,5.883,11.9565,16.8027,2692
"p330","ssp245","CNRM-ESM2-1","2075",0.06,0.15,0,38,99.37,5.7241,0.3833,0,0.45,0,0.1,0,0,0,0,0,0,0,0,0,0.2,13.7076,8.9982,11.0253,14.8979,2693
"p330","ssp245","CNRM-ESM2-1","2075",0.27,0,0,51,101.86,5.1707,0.0667,0,0.25,0,0.09,0,0,0,0,0,0,0,0,0,0.1,15.9984,6.4833,11.0428,14.5132,2694
"p330","ssp245","CNRM-ESM2-1","2075",0,0.1,0.1,46,103.55,5.3633,0.1167,0,0.8,0,0.13,0,0,0,0,0,0,0,0,0.3,0.35,15.2451,7.9353,13.908,16.7779,2695
"p330","ssp245","CNRM-ESM2-1","2075",0.32,0.15,0,59,107.34,5.3054,0.0333,0,1,0,0.11,0,0,0,0,0,0,0,0,0,0.2,16.7965,4.2555,14.7958,17.5177,2696
"p330","ssp245","CNRM-ESM2-1","2075",0.05,0,0,59,106.25,5.3077,0.1167,0,1,0,0.08,0,0,0,0,0.1,0,0,0,0,0.1,15.8546,5.0641,15.4442,15.0826,2697
"p330","ssp245","CNRM-ESM2-1","2075",0.2,0,0,46,107.24,5.3552,0.2167,0,0.2,0,0.15,0,0,0,0,0,0,0,0,0,0,14.4992,7.8868,13.116,13.1662,2698
"p330","ssp245","CNRM-ESM2-1","2075",0.27,0,0,62,90.87,4.9979,0.0833,0,0.7,0,0,0,0,0,0,0,0,0,0,0,0.2,16.2974,7.1792,9.6005,16.7055,2699
"p330","ssp245","CNRM-ESM2-1","2075",0.3,0.3,0,66,103.35,5.3216,0.05,0,0.6,0,0.1,0,0,0,0,0,0,0,0,0,0.35,17.0631,6.1104,11.8318,13.4641,2700
"p330","ssp245","EC-Earth3-CC","2075",0.16,0,0,51,100.54,4.6353,0.05,0,0.9,0,0,0,0,0,0,0,0,0,0,0,0.2,15.5502,6.0932,10.0807,13.8441,2701
"p330","ssp245","EC-Earth3-CC","2075",0.05,0.3,0,50,104.04,4.9038,0.05,0,0.1,0,0.13,0,0,0,0,0,0,0,0,0,0.15,15.3909,7.1397,11.7643,15.1376,2702
"p330","ssp245","EC-Earth3-CC","2075",0.15,0,0,42,107.01,4.6889,0.1167,0,0.85,0,0.26,0,0,0,0,0,0,0,0,0.15,0.2,15.0032,6.1533,14.5573,14.8588,2703
"p330","ssp245","EC-Earth3-CC","2075",0.31,0,0,45,106.35,4.6431,0.1167,0,0.1,0,0.08,0,0,0,0,0.2,0,0,0,0,0.1,13.9417,7.9852,9.7932,14.2409,2704
"p330","ssp245","EC-Earth3-CC","2075",0.18,0,0,60,105.29,4.7822,0.05,0,0.4,0.05,0.09,0,0,0,0,0,0,0,0,0,0.1,15.5793,6.7934,13.1852,13.746,2705
"p330","ssp245","EC-Earth3-CC","2075",0.28,0.1,0.1,46,113.12,4.8955,0.05,0,0.7,0.1,0,0,0,0,0,0,0,0,0,0,0.3,14.5116,6.4911,7.9643,13.6618,2706
"p330","ssp245","EC-Earth3-CC","2075",0.22,0.1,0,44,99.1,4.7084,0.0167,0,0.85,0,0.12,0,0,0,0,0,0,0,0,0,0,15.4049,5.9319,9.7772,11.8938,2707
"p330","ssp245","EC-Earth3-CC","2075",0.34,0.45,0,35,106.16,4.8428,0.0667,0,0.45,0,0.06,0,0,0,0,0,0,0,0,0,0.35,14.1413,6.8523,10.9347,18.1668,2708
"p330","ssp245","EC-Earth3-CC","2075",0.41,0,0,65,91.58,4.1677,0.0333,0,1,0,0.1,0,0,0,0,0,0,0,0,0,0.1,16.6915,4.4352,13.1755,14.0279,2709
"p330","ssp245","EC-Earth3-CC","2075",0.3,0.35,0,55,101.1,4.9355,0.1167,0,1,0,0.16,0,0,0,0,0,0,0,0,0,0.05,16.0657,5.4264,12.8017,14.107,2710
"p330","ssp245","EC-Earth3-CC","2075",0.13,0.15,0.15,65,96.51,4.7112,0.0833,0,0.3,0,0.14,0,0,0,0,0,0,0,0,0,0,16.7685,7.8695,13.7837,14.5479,2711
"p330","ssp245","EC-Earth3-CC","2075",0.24,0,0,23,101.47,4.6717,0.0333,0,0.7,0,0,0,0,0,0,0,0,0,0,0,0.05,12.8886,6.4942,11.2275,15.9861,2712
"p330","ssp245","EC-Earth3-CC","2075",0.24,0.3,0,54,101.08,4.8274,0.2,0,0.2,0,0.1,0,0,0,0,0,0,0,0,0,0.1,16.2477,8.8212,14.0003,13.1937,2713
"p330","ssp245","EC-Earth3-CC","2075",0.26,0,0,47,101.03,5.0572,0.1833,0,0.25,0,0.12,0,0,0,0,0.15,0,0,0,0.15,0.15,14.2735,8.7684,13.2238,14.2708,2714
"p330","ssp245","EC-Earth3-CC","2075",0.1,0.15,0,48,104.93,4.7342,0.0667,0,0.45,0,0.05,0,0,0,0,0.15,0,0,0,0,0.3,14.8888,6.8811,12.7135,17.4162,2715
"p330","ssp245","EC-Earth3-CC","2075",0.17,0,0,43,106.86,4.6879,0.0333,0,0.4,0,0.12,0,0,0,0,0.2,0,0,0,0.15,0.75,14.5332,6.5375,14.2407,15.4076,2716
"p330","ssp245","EC-Earth3-CC","2075",0.13,0,0,46,101.84,4.633,0.0667,0,0.25,0,0.11,0,0,0,0,0,0,0,0,0,0.35,14.6288,8.0266,14.4895,14.3763,2717
"p330","ssp245","EC-Earth3-CC","2075",0.18,0.1,0,44,88.94,4.5021,0.0167,0,1,0.05,0,0,0,0,0,0,0,0,0,0,0.05,13.7555,3.8884,8.445,13.1505,2718
"p330","ssp245","EC-Earth3-CC","2075",0.32,0.4,0,44,99.5,4.4115,0.0333,0,1,0.05,0.07,0,0,0,0,0,0,0,0,0,0.05,14.877,5.0438,9.6612,13.9333,2719
"p330","ssp245","EC-Earth3-CC","2075",0.17,0.25,0,53,100.2,5.1116,0.0333,0,1,0,0,0,0,0,0,0,0,0,0,0,0.55,16.1272,5.1783,12.071,16.7477,2720
"p330","ssp245","EC-Earth3-CC","2075",0.2,0.15,0,53,96.01,4.3067,0.0667,0,0.4,0,0.07,0,0,0,0,0.1,0,0,0,0,0.55,16.0013,6.1797,12.3752,15.7571,2721
"p330","ssp245","EC-Earth3-CC","2075",0.16,0,0,31,94.17,4.5603,0.0833,0,0.1,0,0.06,0,0,0,0,0,0,0,0,0,0.1,13.2346,7.9445,15.079,16.9938,2722
"p330","ssp245","EC-Earth3-CC","2075",0.16,0.35,0,37,108.84,4.5746,0.1,0,0.45,0.05,0.06,0,0,0,0,0,0,0,0,0,0.05,14.4158,7.9943,9.1992,12.3556,2723
"p330","ssp245","EC-Earth3-CC","2075",0.43,0,0,46,98.02,4.1984,0,0,0.85,0,0,0,0,0,0,0,0,0,0,0.15,0.1,14.4081,5.5633,11.5575,16.3858,2724
"p330","ssp245","EC-Earth3-CC","2075",0.16,0,0,36,105.65,4.8648,0.0333,0,0.7,0.05,0,0,0,0,0,0,0,0,0,0,0,15.0624,6.1184,9.7045,13.4441,2725
"p330","ssp245","EC-Earth3-CC","2075",0.25,0.3,0,50,105.21,4.6257,0.0833,0,0.4,0,0.06,0,0,0,0,0,0,0,0,0.15,0.1,16.6775,5.8513,13.5027,14.597,2726
"p330","ssp245","EC-Earth3-CC","2075",0.32,0,0,39,88.82,4.7535,0.0333,0,1,0,0.11,0,0,0,0,0,0,0,0,0.15,0.3,13.6787,5.3031,14.1403,16.5247,2727
"p330","ssp245","EC-Earth3-CC","2075",0,0,0,41,107.15,4.6891,0.05,0,0.2,0,0.05,0,0,0,0,0.15,0,0,0,0,0.1,13.981,8.1471,9.9577,14.4674,2728
"p330","ssp245","EC-Earth3-CC","2075",0.22,0.15,0,40,103.02,4.8083,0.0167,0,0.65,0,0,0,0,0,0,0,0,0,0,0,0.05,15.3637,6.0175,11.3093,12.8484,2729
"p330","ssp245","EC-Earth3-CC","2075",0.32,0,0,35,105.47,4.7368,0.0167,0,1,0,0.12,0,0,0,0,0,0,0,0,0,0.15,13.851,2.6551,12.5503,15.3824,2730
"p330","ssp245","EC-Earth3-CC","2075",0.15,0,0.1,46,108.04,4.7419,0.05,0,1,0,0,0,0,0,0,0,0,0,0,0.15,0,14.8323,4.0337,13.0395,11.5167,2731
"p330","ssp245","EC-Earth3-CC","2075",0.42,0,0,58,94.73,4.8203,0.0333,0,0.4,0,0.12,0,0,0,0,0,0,0,0,0,0.15,16.002,6.2881,8.2642,13.5541,2732
"p330","ssp245","EC-Earth3-CC","2075",0.32,0,0,49,105.06,4.9352,0.05,0,0.75,0,0,0,0,0,0,0.15,0,0,0,0,0.15,15.1302,7.1158,15.0523,14.6035,2733
"p330","ssp245","EC-Earth3-CC","2075",0.22,0,0,42,94.31,4.7242,0.1,0,0.5,0,0.12,0,0,0,0,0,0,0,0,0.15,0.25,14.3816,8.4602,12.8722,15.6197,2734
"p330","ssp245","EC-Earth3-CC","2075",0.43,0,0,48,97.93,4.8852,0.0667,0,0.55,0.05,0.06,0,0,0,0,0,0,0,0,0.15,0.5,15.1004,6.2956,9.2687,14.6008,2735
"p330","ssp245","EC-Earth3-CC","2075",0.37,0.55,0,50,108.96,4.9624,0.0667,0,0.65,0,0.12,0,0,0,0,0,0,0,0,0,0,15.6063,6.157,11.6302,10.275,2736
"p330","ssp245","EC-Earth3-CC","2075",0.25,0.25,0,41,89.25,4.5277,0.1333,0,0.65,0,0.07,0,0,0,0,0.3,0,0,0,0,0.2,14.5341,7.1622,13.6693,14.4357,2737
"p330","ssp245","EC-Earth3-CC","2075",0.15,0.15,0,36,96.16,4.0308,0.0167,0,1,0,0.06,0,0,0,0,0,0,0,0,0,0.2,14.1014,3.8384,12.129,16.1494,2738
"p330","ssp245","EC-Earth3-CC","2075",0.27,0.1,0,47,93.24,4.4481,0.0167,0,1,0.05,0.05,0,0,0,0,0,0,0,0,0,0.3,14.9889,1.5438,14.876,16.2821,2739
"p330","ssp245","EC-Earth3-CC","2075",0.33,0,0,42,105.88,4.8358,0.05,0,0.4,0,0.21,0,0,0,0,0,0,0,0,0,0.2,13.6752,7.3466,15.0987,15.0583,2740
"p330","ssp245","EC-Earth3-CC","2075",0.29,0.2,0,61,81.15,4.5933,0.0667,0,0.9,0,0.05,0,0,0,0,0,0,0,0,0,0.35,16.2242,6.3625,9.8338,15.3675,2741
"p330","ssp245","EC-Earth3-CC","2075",0.16,0,0,39,93.36,4.7499,0.1167,0,0.7,0,0,0,0,0,0,0,0,0.05,0,0,0.15,14.7592,6.1592,12.2038,14.1477,2742
"p330","ssp245","EC-Earth3-CC","2075",0.16,0.15,0,35,103.15,4.4306,0.0667,0,0.85,0,0,0,0,0,0,0,0,0,0,0,0,14.211,5.4124,9.844,14.2736,2743
"p330","ssp245","EC-Earth3-CC","2075",0.29,0.35,0,61,102.04,4.8693,0.05,0,0.4,0.05,0.07,0,0,0,0,0,0,0,0,0,0,16.6154,6.8566,10.694,12.3015,2744
"p330","ssp245","EC-Earth3-CC","2075",0.15,0.4,0,34,104.9,4.6315,0.0167,0,1,0,0.06,0,0,0,0,0.2,0,0,0,0.15,0.1,13.0756,2.8862,11.81,12.2235,2745
"p330","ssp245","EC-Earth3-CC","2075",0.23,0.1,0,45,101.83,4.9426,0.1,0,0.15,0,0.05,0,0,0,0,0,0,0,0,0,0.05,14.879,7.1078,9.0352,13.4412,2746
"p330","ssp245","EC-Earth3-CC","2075",0.4,0.1,0,56,92.56,4.8554,0.2,0,0.4,0,0.07,0,0,0,0,0.1,0,0,0,0,0.05,15.1912,8.5202,11.6263,13.8218,2747
"p330","ssp245","EC-Earth3-CC","2075",0.19,0.15,0,45,109.03,5.0112,0.0667,0,0.05,0,0.05,0,0,0,0,0,0,0,0,0,0.3,14.7691,7.1492,10.7295,15.4159,2748
"p330","ssp245","EC-Earth3-CC","2075",0.15,0,0,39,109,4.903,0.05,0,0.25,0,0.17,0,0,0,0,0.1,0,0,0,0,0.05,15.0208,7.4567,12.5118,13.9353,2749
"p330","ssp245","EC-Earth3-CC","2075",0.11,0,0,40,93.69,4.6595,0.0833,0,1,0,0.17,0,0,0,0,0,0,0,0,0,0.5,14.6995,1.2426,11.0415,17.1989,2750
"p330","ssp245","EC-Earth3-CC","2075",0.43,0,0,39,97.51,4.4875,0,0,1,0,0.1,0,0,0,0,0.1,0,0,0,0,0.1,14.1669,3.3338,13.4853,15.5188,2751
"p330","ssp245","EC-Earth3-CC","2075",0.12,0,0,34,96.48,4.4928,0.0167,0,1,0,0.05,0,0,0,0,0,0,0,0,0,0.05,13.5964,4.1603,11.7838,12.3003,2752
"p330","ssp245","EC-Earth3-CC","2075",0.11,0,0,51,100.52,4.105,0.1167,0,1,0,0.17,0,0,0,0,0.25,0,0,0,0.15,0.05,15.2658,3.8981,14.5005,15.0712,2753
"p330","ssp245","EC-Earth3-CC","2075",0.29,0.15,0,33,101.83,4.3544,0,0,1,0,0.06,0,0,0,0,0,0,0,0,0,0.25,13.826,2.1848,10.14,15.6103,2754
"p330","ssp245","EC-Earth3-CC","2075",0.39,0.2,0,46,100.23,4.6397,0.05,0,0.85,0,0.1,0,0,0,0,0,0,0,0,0.15,0.2,15.5226,7.7955,13.0573,13.9277,2755
"p330","ssp245","EC-Earth3-CC","2075",0.23,0,0,54,97.86,4.7775,0.0667,0,0.4,0,0.07,0,0,0,0,0,0,0,0.05,0,0.15,15.6145,6.368,11.294,16.4192,2756
"p330","ssp245","EC-Earth3-CC","2075",0.12,0,0,40,99.82,4.6907,0.1,0,0.05,0,0.06,0,0,0,0,0,0,0,0,0,0.2,14.7396,9.6219,8.951,14.3632,2757
"p330","ssp245","EC-Earth3-CC","2075",0.33,0,0,24,109.88,4.9483,0.0833,0,0.7,0,0.07,0,0,0,0,0,0,0,0,0.15,0.35,12.9213,6.6249,16.4863,14.5605,2758
"p330","ssp245","EC-Earth3-CC","2075",0.12,0.25,0,39,100.51,4.5789,0.0667,0,0.5,0,0.08,0,0,0,0,0,0,0,0,0,0.15,15.1762,5.2468,11.4618,15.5739,2759
"p330","ssp245","EC-Earth3-CC","2075",0.37,0.35,0,52,104.39,4.5877,0.0667,0,1,0,0.1,0,0,0,0,0,0,0,0,0.15,0.25,15.1758,4.14,11.5903,15.8547,2760
"p330","ssp245","EC-Earth3-CC","2075",0.37,0.25,0,48,89.37,5.106,0.0667,0,0.65,0.05,0.14,0,0,0,0,0,0,0,0,0,0.05,15.9411,5.9831,11.1195,13.5653,2761
"p330","ssp245","EC-Earth3-CC","2075",0.29,0.2,0,38,105.8,4.9789,0.15,0,0.05,0.15,0.09,0,0,0,0,0,0,0,0,0,0,13.9118,8.5084,11.6927,11.2377,2762
"p330","ssp245","EC-Earth3-CC","2075",0.33,0,0,19,97.44,4.8385,0.0333,0,0.95,0,0.05,0,0,0,0,0.1,0,0,0,0.15,0.3,11.2487,5.2396,13.22,15.3429,2763
"p330","ssp245","EC-Earth3-CC","2075",0.36,0,0,24,103.82,4.8852,0.0667,0,0.1,0,0.06,0,0,0,0,0,0,0,0,0,0.15,12.4093,7.742,11.4278,15.6395,2764
"p330","ssp245","EC-Earth3-CC","2075",0.1,0,0,42,112.05,4.4407,0.0833,0,0.4,0,0,0,0,0,0,0,0,0.05,0,0,0.2,14.3935,6.4802,10.4187,19.1913,2765
"p330","ssp245","EC-Earth3-CC","2075",0.15,0,0.15,37,106.67,4.9109,0.05,0,0.7,0,0,0,0,0,0,0.2,0,0,0,0,0.15,14.2034,5.5837,14.4708,16.9961,2766
"p330","ssp245","EC-Earth3-CC","2075",0.38,0.15,0,44,98.87,4.4011,0.0333,0,0.4,0,0.13,0,0,0,0,0,0,0,0,0.15,0.25,14.5952,6.3143,11.5957,15.6585,2767
"p330","ssp245","EC-Earth3-CC","2075",0.14,0.15,0.2,44,101.6,4.8223,0.0667,0,1,0,0.11,0,0,0,0,0,0,0,0,0,0.15,15.5434,5.414,9.4003,16.1735,2768
"p330","ssp245","EC-Earth3-CC","2075",0.29,0.1,0,44,102.3,4.5144,0.0167,0,0.25,0.1,0.07,0,0,0,0,0,0,0,0,0,0.3,14.6482,7.6942,11.7257,17.0213,2769
"p330","ssp245","EC-Earth3-CC","2075",0.45,0.15,0,59,99.7,4.6973,0.1,0,1,0,0.14,0,0,0,0,0,0,0,0,0,0.1,16.4822,6.6568,12.2502,14.6833,2770
"p330","ssp245","EC-Earth3-CC","2075",0.21,0,0.1,40,90.98,4.5534,0.1,0,1,0,0.12,0,0,0,0,0,0,0,0,0.15,0.15,14.2474,5.0267,10.9167,13.7758,2771
"p330","ssp245","EC-Earth3-CC","2075",0.23,0,0,48,109.91,4.314,0.0833,0,0.35,0,0,0,0,0,0,0,0,0,0,0,0.35,14.8198,7.1494,9.7867,15.9618,2772
"p330","ssp245","EC-Earth3-CC","2075",0.11,0,0.15,48,106.69,4.7976,0.0167,0,1,0,0.13,0,0,0,0,0,0,0,0,0,0.4,15.6758,4.2225,13.739,17.1544,2773
"p330","ssp245","EC-Earth3-CC","2075",0.33,0.55,0,49,103.01,4.6313,0.1167,0,0.35,0,0.12,0,0,0,0,0,0,0,0,0.15,0.05,16.2373,8.1102,12.7275,16.6071,2774
"p330","ssp245","EC-Earth3-CC","2075",0.3,0.15,0,41,100.84,4.5514,0.0667,0,0.2,0,0.12,0,0,0,0,0.15,0,0,0,0,0,14.8918,7.5835,12.7988,13.1445,2775
"p330","ssp245","EC-Earth3-CC","2075",0.12,0,0,30,108.34,5.1497,0.1,0,0.4,0,0.05,0,0,0,0,0,0,0,0,0,0.05,14.2735,6.5868,13.1277,13.937,2776
"p330","ssp245","EC-Earth3-CC","2075",0.2,0,0,51,96.76,4.6711,0.1,0,0.7,0,0.06,0,0,0,0,0,0,0,0,0,0.1,15.5685,6.5146,11.9758,13.851,2777
"p330","ssp245","EC-Earth3-CC","2075",0.43,0.1,0,47,95.12,4.6001,0,0,0.5,0,0.1,0,0,0,0,0.15,0,0,0,0,0.3,15.3973,6.1789,12.0517,15.5144,2778
"p330","ssp245","EC-Earth3-CC","2075",0.38,0,0,34,90.98,4.3557,0.05,0,0.6,0.05,0,0,0,0,0,0.15,0,0,0,0,0.3,13.2282,6.352,11.3565,16.2489,2779
"p330","ssp245","EC-Earth3-CC","2075",0.24,0,0,40,86.47,4.6603,0.1333,0,0.1,0,0.17,0,0,0,0,0,0,0,0,0.15,0.35,15.3458,9.1923,11.3677,14.1362,2780
"p330","ssp245","EC-Earth3-CC","2075",0.24,0.1,0,57,104.27,4.4187,0.1167,0,0.3,0,0.05,0,0,0,0,0,0,0,0,0,0.4,16.1091,9.1025,12.0332,13.6541,2781
"p330","ssp245","EC-Earth3-CC","2075",0.3,0.15,0,48,92.18,4.7454,0.0667,0,1,0,0.05,0,0,0,0,0.1,0,0,0,0,0.2,16.4797,3.9455,10.445,16.6688,2782
"p330","ssp245","EC-Earth3-CC","2075",0.25,0,0,36,107.84,4.8379,0.0667,0,0.8,0.05,0.1,0,0,0,0,0,0,0.05,0.05,0.15,0.1,14.4735,5.3743,10.8395,15.2317,2783
"p330","ssp245","EC-Earth3-CC","2075",0.29,0.2,0,22,98.33,4.9698,0.1333,0,0.5,0,0.05,0,0,0,0,0,0,0,0,0.15,0.3,13.0295,6.7136,9.2373,16.9691,2784
"p330","ssp245","EC-Earth3-CC","2075",0.24,0.7,0,45,102.18,4.6981,0.0833,0,0.9,0,0.06,0,0,0,0,0,0,0,0,0,0.1,15.6814,5.0928,13.4682,14.5415,2785
"p330","ssp245","EC-Earth3-CC","2075",0.28,0.15,0,47,95.32,4.5679,0.05,0,0.9,0,0.14,0,0,0,0,0,0,0,0,0,0.1,15.5148,5.3835,12.3443,15.0833,2786
"p330","ssp245","EC-Earth3-CC","2075",0.41,0,0,42,101.49,4.9483,0.0833,0,0.75,0,0.09,0,0,0,0,0,0,0,0,0.15,0.45,14.7056,5.4589,12.7308,15.7365,2787
"p330","ssp245","EC-Earth3-CC","2075",0.35,0.4,0,49,107.67,4.6813,0.1,0,0.2,0,0.1,0,0,0,0,0,0,0,0,0,0.1,16.153,7.381,12.2403,15.0792,2788
"p330","ssp245","EC-Earth3-CC","2075",0.32,0,0,36,104.26,5.1172,0.05,0,0.45,0,0.11,0,0,0,0,0,0,0,0,0,0,14.3924,6.7676,11.1622,13.845,2789
"p330","ssp245","EC-Earth3-CC","2075",0.21,0,0,29,99.15,4.6517,0,0,1,0,0.06,0,0,0,0,0,0,0,0,0,0,13.143,3.3661,11.4427,13.5948,2790
"p330","ssp245","EC-Earth3-CC","2075",0.22,0,0,46,102.12,4.754,0.0167,0,1,0,0.06,0,0,0,0,0,0,0,0,0,0.15,15.2711,5.5855,12.3497,12.1497,2791
"p330","ssp245","EC-Earth3-CC","2075",0.16,0,0,23,94.12,4.5747,0.0833,0,0.75,0,0.16,0,0,0,0,0,0,0,0,0,0.35,13.0294,5.6855,11.4648,15.3842,2792
"p330","ssp245","EC-Earth3-CC","2075",0.06,0.15,0,34,97.86,5.0802,0.2167,0,0.45,0,0.1,0,0,0,0,0,0,0,0,0.15,0,13.3887,8.8111,10.5018,13.4706,2793
"p330","ssp245","EC-Earth3-CC","2075",0.27,0,0,49,100.62,4.5838,0.05,0,0.15,0,0.09,0,0,0,0,0,0,0,0,0,0.05,15.6771,6.2937,10.5277,13.0867,2794
"p330","ssp245","EC-Earth3-CC","2075",0,0.1,0,44,103.86,4.7468,0.1167,0,0.7,0,0.13,0,0,0,0,0,0,0,0,0.6,0.05,14.9216,7.743,13.4032,15.3535,2795
"p330","ssp245","EC-Earth3-CC","2075",0.32,0.15,0,58,106.86,4.7108,0.0333,0,1,0,0.11,0,0,0,0,0,0,0,0,0,0.2,16.4705,4.0584,14.3025,16.0992,2796
"p330","ssp245","EC-Earth3-CC","2075",0.05,0,0,51,104.74,4.7078,0.1,0,1,0,0.08,0,0,0,0,0.1,0,0,0,0,0.1,15.5358,4.8778,14.9187,13.6543,2797
"p330","ssp245","EC-Earth3-CC","2075",0.2,0,0,42,106.59,4.7399,0.0833,0,0.2,0,0.15,0,0,0,0,0,0,0,0,0,0,14.1782,7.6977,12.5988,11.7397,2798
"p330","ssp245","EC-Earth3-CC","2075",0.27,0,0,59,87.55,4.4338,0.05,0,0.7,0,0,0,0,0,0,0,0,0,0,0,0.05,15.974,6.9877,9.094,15.2814,2799
"p330","ssp245","EC-Earth3-CC","2075",0.3,0.25,0,62,101.71,4.694,0,0,0.6,0,0.05,0,0,0,0,0,0,0,0,0,0.15,16.7379,5.9136,11.337,12.0444,2800
"p330","ssp245","EC-Earth3-Veg-LR","2075",0.16,0,0,52,103.4,4.4307,0.0667,0,0.55,0,0,0,0,0,0,0,0,0,0,0,0.2,15.494,7.2451,10.5785,13.9479,2801
"p330","ssp245","EC-Earth3-Veg-LR","2075",0.05,0.3,0.1,50,104.24,4.6901,0.05,0,0.05,0,0.08,0,0,0,0,0,0,0,0,0,0.15,15.3357,8.2976,12.2643,15.2298,2802
"p330","ssp245","EC-Earth3-Veg-LR","2075",0.1,0,0,45,107.14,4.4874,0.1333,0,0.65,0,0.24,0,0,0,0,0,0,0,0,0,0.2,14.9492,7.3194,15.0585,14.9486,2803
"p330","ssp245","EC-Earth3-Veg-LR","2075",0.31,0,0,44,105.92,4.4712,0.1333,0,0.1,0,0.08,0,0,0,0,0.2,0,0,0,0,0.15,13.8888,9.1586,10.2908,14.3356,2804
"p330","ssp245","EC-Earth3-Veg-LR","2075",0.18,0,0,61,105.36,4.5836,0.0667,0,0.1,0.05,0.05,0,0,0,0,0,0,0,0,0,0.1,15.5227,7.9444,13.6823,13.8504,2805
"p330","ssp245","EC-Earth3-Veg-LR","2075",0.26,0,0,44,113.07,4.6597,0.0667,0,0.65,0.1,0,0,0,0,0,0,0,0,0,0,0.3,14.4562,7.6488,8.463,13.7542,2806
"p330","ssp245","EC-Earth3-Veg-LR","2075",0.15,0.1,0,46,96.87,4.5125,0.0333,0,0.5,0,0.12,0,0,0,0,0,0,0,0,0,0,15.3503,7.0962,10.2778,11.9844,2807
"p330","ssp245","EC-Earth3-Veg-LR","2075",0.34,0.45,0,35,108.47,4.6537,0.0667,0,0.45,0,0.06,0,0,0,0,0,0,0.05,0,0,0.55,14.0878,8.0246,11.4312,18.2617,2808
"p330","ssp245","EC-Earth3-Veg-LR","2075",0.41,0,0,67,96.8,3.9966,0.05,0,0.7,0,0.1,0,0,0,0,0,0,0,0,0,0.1,16.634,5.585,13.6725,14.1331,2809
"p330","ssp245","EC-Earth3-Veg-LR","2075",0.29,0.2,0,56,102.13,4.7291,0.1667,0,0.65,0,0.16,0,0,0,0,0,0,0,0,0,0.1,16.0099,6.5828,13.301,14.2006,2810
"p330","ssp245","EC-Earth3-Veg-LR","2075",0.13,0.2,0.15,62,97.14,4.5076,0.1,0,0.1,0,0.14,0,0,0,0,0,0,0,0,0,0.05,16.7134,9.0315,14.2838,14.6394,2811
"p330","ssp245","EC-Earth3-Veg-LR","2075",0.23,0,0,18,100.75,4.4729,0.0333,0,0.55,0,0,0,0,0,0,0,0,0,0,0,0.05,12.8351,7.6646,11.724,16.0811,2812
"p330","ssp245","EC-Earth3-Veg-LR","2075",0.24,0.3,0,54,102.34,4.6116,0.25,0,0.15,0,0.1,0,0,0,0,0,0,0,0,0,0.15,16.1904,9.9703,14.4967,13.2987,2813
"p330","ssp245","EC-Earth3-Veg-LR","2075",0.26,0,0,47,102.24,4.8449,0.1833,0,0.2,0,0.12,0,0,0,0,0.15,0,0,0,0,0.15,14.2173,9.9236,13.722,14.3636,2814
"p330","ssp245","EC-Earth3-Veg-LR","2075",0.1,0,0,48,104.49,4.5275,0.0833,0,0.15,0,0.05,0,0,0,0,0.15,0,0,0,0,0.3,14.8345,8.0418,13.2133,17.508,2815
"p330","ssp245","EC-Earth3-Veg-LR","2075",0.11,0,0,41,106.31,4.473,0.0667,0,0.25,0,0.12,0,0,0,0,0.35,0,0,0,0,0.7,14.4801,7.7061,14.7373,15.5029,2816
"p330","ssp245","EC-Earth3-Veg-LR","2075",0.13,0,0,46,103.16,4.414,0.0833,0,0.2,0,0.11,0,0,0,0,0,0,0,0,0,0.3,14.5717,9.1734,14.986,14.4822,2817
"p330","ssp245","EC-Earth3-Veg-LR","2075",0.18,0,0,46,91.37,4.3086,0.0167,0,0.8,0,0,0,0,0,0,0,0,0,0,0,0.1,13.6991,5.0417,8.943,13.2438,2818
"p330","ssp245","EC-Earth3-Veg-LR","2075",0.32,0.35,0,46,101.18,4.2448,0.05,0,0.85,0.05,0.07,0,0,0,0,0,0,0,0,0,0.1,14.8216,6.2038,10.1605,14.0256,2819
"p330","ssp245","EC-Earth3-Veg-LR","2075",0.17,0.1,0,55,101.92,4.8957,0.0333,0,0.95,0,0,0,0,0,0,0,0,0,0,0,0.55,16.0735,6.3462,12.5677,16.8445,2820
"p330","ssp245","EC-Earth3-Veg-LR","2075",0.2,0.15,0,48,96.9,4.1191,0.0833,0,0.3,0,0.07,0,0,0,0,0.1,0,0,0,0,0.45,15.9435,7.3261,12.8713,15.8634,2821
"p330","ssp245","EC-Earth3-Veg-LR","2075",0.15,0,0,28,95.66,4.3696,0.0833,0,0,0,0.06,0,0,0,0,0,0,0,0,0,0.15,13.1788,9.0966,15.5767,17.0882,2822
"p330","ssp245","EC-Earth3-Veg-LR","2075",0.15,0.35,0,39,106.64,4.3802,0.1333,0,0.3,0.05,0.06,0,0,0,0,0,0,0,0,0,0.05,14.3599,9.1531,9.6983,12.4479,2823
"p330","ssp245","EC-Earth3-Veg-LR","2075",0.36,0,0,46,100.11,4.0225,0,0,0.45,0,0,0,0,0,0,0,0,0,0,0.15,0.1,14.3538,6.7298,12.054,16.482,2824
"p330","ssp245","EC-Earth3-Veg-LR","2075",0.16,0,0,35,107.27,4.6319,0.0667,0,0.5,0.05,0,0,0,0,0,0,0,0,0,0,0,15.0046,7.263,10.1998,13.5516,2825
"p330","ssp245","EC-Earth3-Veg-LR","2075",0.15,0.25,0,52,104.24,4.4226,0.1,0,0.15,0,0.06,0,0,0,0,0,0,0,0,0,0.1,16.6212,7.0023,14.0007,14.6911,2826
"p330","ssp245","EC-Earth3-Veg-LR","2075",0.32,0,0,38,92.14,4.5602,0.0333,0,0.65,0,0.11,0,0,0,0,0,0,0,0,0,0.35,13.623,6.461,14.6395,16.6174,2827
"p330","ssp245","EC-Earth3-Veg-LR","2075",0,0,0,43,105.7,4.4823,0.05,0,0,0,0.05,0,0,0,0,0.15,0,0,0,0,0.1,13.9269,9.3128,10.4537,14.5648,2828
"p330","ssp245","EC-Earth3-Veg-LR","2075",0.22,0,0,43,103.85,4.6032,0.0333,0,0.5,0,0,0,0,0,0,0,0,0,0,0,0.05,15.3054,7.1607,11.8048,12.9556,2829
"p330","ssp245","EC-Earth3-Veg-LR","2075",0.32,0,0,31,107.99,4.5191,0.05,0,1,0,0.12,0,0,0,0,0,0,0,0,0,0.15,13.7942,3.8047,13.0483,15.4771,2830
"p330","ssp245","EC-Earth3-Veg-LR","2075",0.15,0,0.1,46,110.34,4.5395,0.0833,0,0.7,0,0,0,0,0,0,0,0,0,0,0,0,14.7763,5.1894,13.5382,11.6097,2831
"p330","ssp245","EC-Earth3-Veg-LR","2075",0.41,0,0,59,94.57,4.6266,0.05,0,0.15,0,0.11,0,0,0,0,0,0,0,0,0,0.15,15.9476,7.4518,8.7593,13.6515,2832
"p330","ssp245","EC-Earth3-Veg-LR","2075",0.32,0,0,53,105.06,4.7164,0.1,0,0.3,0,0,0,0,0,0,0.15,0,0,0,0,0.2,15.0719,8.2573,15.547,14.7122,2833
"p330","ssp245","EC-Earth3-Veg-LR","2075",0.21,0,0,42,91.78,4.5248,0.1167,0,0.45,0,0.12,0,0,0,0,0.2,0,0,0,0.15,0.4,14.3246,9.6087,13.3692,15.715,2834
"p330","ssp245","EC-Earth3-Veg-LR","2075",0.35,0,0,50,97.71,4.6657,0.1,0,0.3,0.05,0.06,0,0,0,0,0,0,0,0,0,0.5,15.0449,7.4506,9.7667,14.6944,2835
"p330","ssp245","EC-Earth3-Veg-LR","2075",0.37,0.4,0,51,111.11,4.7504,0.0833,0,0.5,0,0.12,0,0,0,0,0,0,0,0,0,0,15.5518,7.3195,12.1248,10.3727,2836
"p330","ssp245","EC-Earth3-Veg-LR","2075",0.25,0.25,0,41,92.98,4.3375,0.1667,0,0.25,0,0.07,0,0,0,0,0.35,0,0,0,0,0.1,14.4762,8.3029,14.1647,14.544,2837
"p330","ssp245","EC-Earth3-Veg-LR","2075",0.15,0,0,36,101.33,3.8547,0.0167,0,0.75,0,0.06,0,0,0,0,0,0,0,0,0,0.25,14.0435,4.9858,12.626,16.2459,2838
"p330","ssp245","EC-Earth3-Veg-LR","2075",0.27,0.1,0,44,94.79,4.2451,0.0167,0,1,0.05,0.05,0,0,0,0,0,0,0,0,0,0.3,14.9318,2.6975,15.373,16.3758,2839
"p330","ssp245","EC-Earth3-Veg-LR","2075",0.33,0,0,42,104.61,4.6361,0.05,0,0.3,0,0.21,0,0,0,0,0.1,0,0,0,0,0.2,13.6201,8.508,15.5937,15.1565,2840
"p330","ssp245","EC-Earth3-Veg-LR","2075",0.28,0.3,0,63,85.98,4.3919,0.0833,0,0.45,0,0.05,0,0,0,0,0,0,0,0,0.15,0.35,16.1664,7.5019,10.3278,15.476,2841
"p330","ssp245","EC-Earth3-Veg-LR","2075",0.16,0,0,39,93.4,4.5439,0.1667,0,0.45,0,0,0,0,0,0,0,0,0.05,0,0,0.25,14.7017,7.3048,12.7005,14.2438,2842
"p330","ssp245","EC-Earth3-Veg-LR","2075",0.16,0.1,0,36,104.66,4.2443,0.0833,0,0.8,0,0,0,0,0,0,0,0,0,0,0,0,14.1543,6.5642,10.3427,14.368,2843
"p330","ssp245","EC-Earth3-Veg-LR","2075",0.29,0.35,0,61,100.28,4.6569,0.0667,0,0.2,0.05,0.07,0,0,0,0,0,0,0,0,0,0,16.5602,8.0165,11.1885,12.3997,2844
"p330","ssp245","EC-Earth3-Veg-LR","2075",0.15,0.25,0,34,110.19,4.4134,0.0167,0,1,0,0.06,0,0,0,0,0.2,0,0,0,0,0.1,13.0166,4.0242,12.3047,12.3328,2845
"p330","ssp245","EC-Earth3-Veg-LR","2075",0.23,0,0,46,103.28,4.7304,0.1167,0,0,0,0.05,0,0,0,0,0,0,0,0,0,0.05,14.8213,8.2519,9.5318,13.5385,2846
"p330","ssp245","EC-Earth3-Veg-LR","2075",0.38,0,0,55,92.89,4.6583,0.2167,0,0.1,0,0.06,0,0,0,0,0.15,0,0,0,0,0.05,15.1341,9.6713,12.1235,13.9165,2847
"p330","ssp245","EC-Earth3-Veg-LR","2075",0.19,0.15,0,46,105.91,4.7979,0.0833,0,0,0,0.05,0,0,0,0,0,0,0,0.05,0,0.3,14.7135,8.3085,11.2238,15.5144,2848
"p330","ssp245","EC-Earth3-Veg-LR","2075",0.15,0,0,39,110.9,4.6724,0.0667,0,0.1,0,0.17,0,0,0,0,0.1,0,0,0,0,0.05,14.9617,8.5935,13.0058,14.045,2849
"p330","ssp245","EC-Earth3-Veg-LR","2075",0.11,0,0,36,97.59,4.4509,0.0833,0,1,0,0.17,0,0,0,0,0,0,0,0,0,0.5,14.6409,2.3858,11.5355,17.2962,2850
"p330","ssp245","EC-Earth3-Veg-LR","2075",0.43,0,0,36,102.15,4.2737,0,0,0.9,0,0.1,0.05,0,0,0,0.1,0,0,0,0,0.15,14.1098,4.4833,13.983,15.6136,2851
"p330","ssp245","EC-Earth3-Veg-LR","2075",0.12,0,0,34,98.57,4.2933,0.0167,0,0.9,0,0.05,0,0,0,0,0,0,0,0,0,0.05,13.5407,5.3175,12.2783,12.3995,2852
"p330","ssp245","EC-Earth3-Veg-LR","2075",0.11,0,0,53,103.67,3.9219,0.1333,0,0.9,0,0.17,0,0,0,0,0.35,0,0,0,0,0.05,15.2063,5.0333,14.9948,15.1822,2853
"p330","ssp245","EC-Earth3-Veg-LR","2075",0.29,0.15,0,32,104.65,4.1556,0,0,1,0,0.06,0,0,0,0,0,0,0,0,0,0.25,13.768,3.3269,10.6343,15.7085,2854
"p330","ssp245","EC-Earth3-Veg-LR","2075",0.37,0.2,0,48,100.36,4.4479,0.05,0,0.45,0,0.1,0,0,0,0,0,0,0,0,0,0.25,15.4656,8.9448,13.553,14.023,2855
"p330","ssp245","EC-Earth3-Veg-LR","2075",0.22,0,0,53,98.3,4.5631,0.1,0,0.15,0,0.07,0,0,0,0,0,0,0,0,0,0.15,15.5577,7.5249,11.7875,16.5194,2856
"p330","ssp245","EC-Earth3-Veg-LR","2075",0.07,0,0,40,101.81,4.4966,0.1167,0,0,0,0.06,0,0,0,0,0,0,0,0,0,0.25,14.6799,10.7564,9.444,14.4738,2857
"p330","ssp245","EC-Earth3-Veg-LR","2075",0.33,0,0,23,110.77,4.7226,0.0833,0,0.45,0,0.07,0,0,0,0,0,0,0,0,0,0.55,12.8629,7.7653,16.9815,14.6585,2858
"p330","ssp245","EC-Earth3-Veg-LR","2075",0.12,0.15,0.1,42,102.87,4.376,0.0667,0,0.25,0,0.08,0,0,0,0,0,0,0,0,0,0.25,15.1187,6.3945,11.9582,15.6698,2859
"p330","ssp245","EC-Earth3-Veg-LR","2075",0.37,0.35,0,54,107.01,4.3725,0.0667,0,0.95,0,0.1,0,0,0,0,0,0,0,0,0,0.25,15.1197,5.2946,12.0837,15.9552,2860
"p330","ssp245","EC-Earth3-Veg-LR","2075",0.37,0.25,0,48,93.71,4.8919,0.0833,0,0.3,0.05,0.14,0,0,0,0,0,0,0,0,0,0.05,15.8815,7.1162,11.613,13.6759,2861
"p330","ssp245","EC-Earth3-Veg-LR","2075",0.28,0.1,0,37,104.48,4.7804,0.1833,0,0,0.15,0.09,0,0,0,0,0,0,0,0,0,0,13.8534,9.6478,12.1872,11.3364,2862
"p330","ssp245","EC-Earth3-Veg-LR","2075",0.28,0,0,14,97.12,4.6579,0.05,0,0.55,0,0.05,0,0,0,0,0.1,0,0,0,0,0.3,11.1913,6.3855,13.7165,15.4385,2863
"p330","ssp245","EC-Earth3-Veg-LR","2075",0.36,0,0,25,100.04,4.6866,0.0667,0,0.1,0,0.06,0,0,0,0,0,0,0,0,0,0.15,12.3526,8.8949,11.9208,15.7411,2864
"p330","ssp245","EC-Earth3-Veg-LR","2075",0.1,0,0,39,111.68,4.2399,0.1,0,0.25,0,0,0,0,0,0,0,0,0.05,0,0,0.2,14.3337,7.6123,10.9115,19.3028,2865
"p330","ssp245","EC-Earth3-Veg-LR","2075",0.15,0,0.15,37,109.61,4.6997,0.0667,0,0.4,0,0,0,0,0,0,0.35,0,0,0,0,0.15,14.1444,6.7218,14.965,17.0947,2866
"p330","ssp245","EC-Earth3-Veg-LR","2075",0.34,0.1,0,43,93.37,4.2174,0.05,0,0.05,0,0.13,0,0,0,0,0,0,0,0,0,0.1,14.5369,7.4594,12.091,15.7561,2867
"p330","ssp245","EC-Earth3-Veg-LR","2075",0.14,0.15,0.1,41,102.9,4.5877,0.0833,0,0.8,0,0,0,0,0,0,0,0,0,0,0,0.1,15.4865,6.5664,9.8925,16.275,2868
"p330","ssp245","EC-Earth3-Veg-LR","2075",0.27,0.1,0,44,100.59,4.3163,0.0667,0,0.2,0.05,0.07,0.05,0,0,0,0,0,0,0,0,0.3,14.588,8.824,12.2178,17.1338,2869
"p330","ssp245","EC-Earth3-Veg-LR","2075",0.45,0.15,0,58,102.47,4.5,0.1667,0,0.6,0,0.14,0,0,0,0,0,0,0,0,0,0.05,16.4233,7.7934,12.7442,14.7835,2870
"p330","ssp245","EC-Earth3-Veg-LR","2075",0.18,0,0.1,39,92.12,4.3599,0.1167,0,0.85,0,0.1,0,0,0,0,0,0,0,0,0,0.25,14.1896,6.1699,11.4118,13.8726,2871
"p330","ssp245","EC-Earth3-Veg-LR","2075",0.23,0,0.1,50,110.3,4.1448,0.1,0,0.1,0,0,0,0,0,0,0,0,0,0,0,0.35,14.7629,8.3001,10.2787,16.0638,2872
"p330","ssp245","EC-Earth3-Veg-LR","2075",0.11,0,0.15,48,108.63,4.5779,0.0167,0,0.85,0,0.13,0,0,0,0,0.2,0,0,0,0,0.4,15.6155,5.3518,14.2305,17.2678,2873
"p330","ssp245","EC-Earth3-Veg-LR","2075",0.33,0.35,0,50,104.84,4.4297,0.1167,0,0.2,0,0.12,0,0,0,0,0,0,0,0,0,0.05,16.1781,9.2459,13.2208,16.7062,2874
"p330","ssp245","EC-Earth3-Veg-LR","2075",0.3,0,0,39,99.8,4.3679,0.1,0,0.15,0,0.12,0,0,0,0,0.15,0,0,0,0,0.05,14.8332,8.7246,13.293,13.243,2875
"p330","ssp245","EC-Earth3-Veg-LR","2075",0.12,0,0,30,107.84,4.9287,0.1,0,0.05,0,0,0,0,0,0,0,0,0,0,0,0.05,14.2164,7.7368,13.6203,14.0386,2876
"p330","ssp245","EC-Earth3-Veg-LR","2075",0.2,0,0,52,98.41,4.4607,0.1333,0,0.2,0,0.06,0,0,0,0,0,0,0,0,0,0.1,15.5076,7.6424,12.468,13.9641,2877
"p330","ssp245","EC-Earth3-Veg-LR","2075",0.43,0,0,48,97.68,4.4079,0,0,0.3,0,0.1,0,0,0,0,0.15,0,0,0,0,0.3,15.3376,7.3141,12.5458,15.6148,2878
"p330","ssp245","EC-Earth3-Veg-LR","2075",0.38,0,0,31,93.17,4.1828,0.0667,0,0.45,0.05,0,0,0,0,0,0.15,0,0,0,0,0.35,13.1703,7.4929,11.8512,16.3476,2879
"p330","ssp245","EC-Earth3-Veg-LR","2075",0.24,0,0.1,42,82.64,4.4785,0.15,0,0.1,0,0.17,0,0,0,0,0,0,0,0,0,0.35,15.2886,10.3393,11.8638,14.2326,2880
"p330","ssp245","EC-Earth3-Veg-LR","2075",0.24,0.1,0,57,104.88,4.2167,0.1167,0,0.05,0,0.05,0,0,0,0,0,0,0,0,0,0.4,16.0509,10.2286,12.5293,13.7704,2881
"p330","ssp245","EC-Earth3-Veg-LR","2075",0.22,0.15,0,49,96.08,4.5298,0.0833,0,0.85,0,0,0,0,0,0,0.15,0,0,0,0,0.2,16.4225,5.0778,10.9425,16.7642,2882
"p330","ssp245","EC-Earth3-Veg-LR","2075",0.18,0,0,38,110.73,4.6112,0.0667,0,0.35,0.05,0.05,0,0,0,0,0,0,0.05,0.05,0,0.1,14.4168,6.5123,11.3388,15.3242,2883
"p330","ssp245","EC-Earth3-Veg-LR","2075",0.29,0.2,0,22,97.13,4.7637,0.1333,0,0.3,0,0.05,0,0,0,0,0,0,0,0,0.15,0.25,12.9743,7.8597,9.7337,17.0652,2884
"p330","ssp245","EC-Earth3-Veg-LR","2075",0.22,0.55,0,48,103.42,4.5058,0.0833,0,0.5,0,0.06,0,0,0,0,0,0,0,0,0,0.1,15.6223,6.2172,13.9642,14.6599,2885
"p330","ssp245","EC-Earth3-Veg-LR","2075",0.27,0.15,0,46,95.94,4.3562,0.0667,0,0.75,0,0.14,0,0,0,0,0.1,0,0,0.05,0,0.05,15.4572,6.5148,12.8415,15.1789,2886
"p330","ssp245","EC-Earth3-Veg-LR","2075",0.31,0,0,44,104.55,4.73,0.1,0,0.5,0,0.09,0,0,0,0,0.1,0,0,0,0,0.5,14.6493,6.5962,13.2292,15.8292,2887
"p330","ssp245","EC-Earth3-Veg-LR","2075",0.32,0.25,0,50,108.39,4.4848,0.1167,0,0.05,0,0.1,0,0,0,0,0,0,0,0,0,0.15,16.0976,8.5256,12.7365,15.1764,2888
"p330","ssp245","EC-Earth3-Veg-LR","2075",0.2,0,0,35,107.01,4.9132,0.1167,0,0.25,0,0.11,0,0,0,0,0,0,0,0,0,0,14.3334,7.8904,11.6578,13.964,2889
"p330","ssp245","EC-Earth3-Veg-LR","2075",0.13,0,0,26,101.36,4.4461,0,0,0.95,0,0.06,0,0,0,0,0,0,0,0,0,0,13.0851,4.4958,11.9397,13.6903,2890
"p330","ssp245","EC-Earth3-Veg-LR","2075",0.21,0,0,49,106.66,4.545,0.05,0,0.5,0,0.06,0,0,0,0,0,0,0,0,0,0.15,15.2141,6.7214,12.8488,12.2424,2891
"p330","ssp245","EC-Earth3-Veg-LR","2075",0.16,0,0,24,96.18,4.3733,0.0833,0,0.5,0,0.16,0,0,0,0,0,0,0,0,0,0.2,12.9735,6.829,11.9607,15.4812,2892
"p330","ssp245","EC-Earth3-Veg-LR","2075",0.06,0.15,0,34,98.28,4.8782,0.2667,0,0.3,0,0.1,0,0,0,0,0,0,0,0,0,0,13.3297,9.9326,10.9968,13.591,2893
"p330","ssp245","EC-Earth3-Veg-LR","2075",0.27,0,0,49,102.6,4.3832,0.0667,0,0.1,0,0.09,0,0,0,0,0,0,0,0,0,0.05,15.6191,7.4216,11.0252,13.1832,2894
"p330","ssp245","EC-Earth3-Veg-LR","2075",0,0.1,0,45,103.11,4.5475,0.15,0,0.6,0,0.13,0,0,0,0,0,0,0,0,0.3,0.05,14.8643,8.8769,13.9013,15.448,2895
"p330","ssp245","EC-Earth3-Veg-LR","2075",0.32,0.15,0,57,110.41,4.4795,0.0333,0,1,0,0.11,0,0,0,0,0,0,0,0,0,0.15,16.4146,5.2007,14.7983,16.1965,2896
"p330","ssp245","EC-Earth3-Veg-LR","2075",0.05,0,0,52,106.91,4.4882,0.1167,0,0.5,0,0.08,0,0,0,0,0.1,0,0,0,0,0.1,15.4764,5.9979,15.413,13.774,2897
"p330","ssp245","EC-Earth3-Veg-LR","2075",0.2,0,0,42,105.97,4.5204,0.15,0,0.1,0,0.15,0,0,0,0,0,0,0,0,0,0,14.1199,8.8247,13.0955,11.8358,2898
"p330","ssp245","EC-Earth3-Veg-LR","2075",0.27,0,0.1,55,89.51,4.2458,0.0667,0,0.5,0,0,0,0,0,0,0,0,0,0,0,0.05,15.9166,8.1208,9.5922,15.3759,2899
"p330","ssp245","EC-Earth3-Veg-LR","2075",0.3,0.1,0,63,103.24,4.5005,0,0,0.45,0,0.1,0,0,0,0,0,0,0,0,0,0.2,16.681,7.0549,11.8322,12.1423,2900
"p330","ssp245","FGOALS-g3","2075",0.16,0,0,43,101.98,4.5923,0.1167,0,0.55,0,0,0,0,0,0,0,0,0,0,0,0.2,14.7087,7.4943,10.5323,13.8744,2901
"p330","ssp245","FGOALS-g3","2075",0.05,0.1,0.1,39,104.77,4.855,0.0667,0,0,0,0.13,0,0,0,0,0,0,0,0,0,0.15,14.5463,8.5409,12.2225,15.1598,2902
"p330","ssp245","FGOALS-g3","2075",0.1,0,0,40,108.63,4.6663,0.1333,0,0.65,0,0.26,0,0,0,0,0,0,0,0,0,0.2,14.1564,7.5566,15.0227,14.8792,2903
"p330","ssp245","FGOALS-g3","2075",0.31,0,0,28,106.31,4.6289,0.2167,0,0.05,0,0.08,0,0,0,0,0.2,0,0,0,0,0.15,13.0919,9.3868,10.2665,14.263,2904
"p330","ssp245","FGOALS-g3","2075",0.18,0,0,53,105.87,4.7477,0.1,0,0.15,0.05,0.09,0,0,0,0,0,0,0,0,0,0.1,14.7381,8.1945,13.6352,13.7762,2905
"p330","ssp245","FGOALS-g3","2075",0.26,0,0,30,112.86,4.8519,0.0833,0,0.55,0.1,0,0,0,0,0,0,0,0,0,0,0.3,13.6679,7.8933,8.421,13.6838,2906
"p330","ssp245","FGOALS-g3","2075",0.15,0.1,0,38,99.52,4.7016,0.05,0,0.5,0,0.12,0,0,0,0,0,0,0,0,0,0.05,14.5582,7.3352,10.2408,11.9139,2907
"p330","ssp245","FGOALS-g3","2075",0.34,0.1,0,33,105.66,4.8232,0.0833,0,0.4,0,0.06,0,0,0,0,0,0,0.05,0.05,0,0.5,13.292,8.2542,11.4065,18.1891,2908
"p330","ssp245","FGOALS-g3","2075",0.41,0,0,58,95.02,4.143,0.0667,0,0.7,0,0.1,0,0,0,0,0,0,0,0,0,0.1,15.8505,5.8359,13.6245,14.0588,2909
"p330","ssp245","FGOALS-g3","2075",0.29,0.1,0,52,102.31,4.9206,0.25,0,0.75,0,0.16,0,0,0,0,0,0,0,0,0,0.1,15.2227,6.8287,13.2585,14.1297,2910
"p330","ssp245","FGOALS-g3","2075",0.13,0.15,0,49,96.18,4.6664,0.1167,0,0.2,0,0.14,0,0,0,0,0,0,0,0,0,0.05,15.9225,9.2723,14.2462,14.5694,2911
"p330","ssp245","FGOALS-g3","2075",0.23,0,0,13,102.19,4.6421,0.05,0,0.5,0,0,0,0,0,0,0,0,0,0,0,0.05,12.04,7.8948,11.6985,16.0092,2912
"p330","ssp245","FGOALS-g3","2075",0.24,0.25,0,51,102.88,4.7719,0.2833,0,0.2,0,0.1,0,0,0,0,0.1,0,0,0,0,0.15,15.408,10.2226,14.4475,13.2249,2913
"p330","ssp245","FGOALS-g3","2075",0.26,0,0,41,101.12,5.0319,0.2333,0,0.1,0,0.12,0,0,0,0,0.15,0,0,0,0,0.15,13.4302,10.1707,13.6778,14.2935,2914
"p330","ssp245","FGOALS-g3","2075",0.1,0,0,37,105.59,4.6945,0.1167,0,0.15,0,0.05,0,0,0,0,0.15,0,0,0,0,0.3,14.0439,8.2832,13.1735,17.4379,2915
"p330","ssp245","FGOALS-g3","2075",0.11,0,0,30,107.2,4.6541,0.1167,0,0.25,0,0.12,0,0,0,0,0.25,0,0,0,0,0.7,13.686,7.9378,14.7098,15.4297,2916
"p330","ssp245","FGOALS-g3","2075",0.13,0,0,41,103.75,4.5799,0.1333,0,0.2,0,0.11,0,0,0,0,0,0,0,0,0,0.3,13.7894,9.4273,14.9365,14.4063,2917
"p330","ssp245","FGOALS-g3","2075",0.18,0,0,36,93.12,4.4765,0.0167,0,0.8,0.05,0,0,0,0,0,0,0,0,0,0,0.1,12.9138,5.2894,8.8988,13.1735,2918
"p330","ssp245","FGOALS-g3","2075",0.32,0.15,0,36,103.41,4.4145,0.1,0,0.85,0.05,0.07,0,0,0,0,0,0,0,0,0,0.05,14.0325,6.4465,10.1207,13.9552,2919
"p330","ssp245","FGOALS-g3","2075",0.17,0,0,45,102.19,5.0513,0.0833,0,0.95,0,0,0,0,0,0,0,0,0,0,0,0.55,15.2796,6.5794,12.5385,16.7709,2920
"p330","ssp245","FGOALS-g3","2075",0.2,0.1,0,44,97.54,4.2736,0.15,0,0.15,0,0.07,0,0,0,0,0.1,0,0,0,0,0.5,15.1624,7.5805,12.82,15.7887,2921
"p330","ssp245","FGOALS-g3","2075",0.16,0,0,22,95.01,4.53,0.1333,0,0.1,0,0.06,0,0,0,0,0,0,0,0,0,0.1,12.3932,9.3457,15.5303,17.0182,2922
"p330","ssp245","FGOALS-g3","2075",0.15,0,0,32,108.58,4.535,0.1833,0,0.3,0.05,0.06,0,0,0,0,0,0,0,0,0,0.05,13.5709,9.3965,9.6567,12.3771,2923
"p330","ssp245","FGOALS-g3","2075",0.36,0,0,28,100.53,4.1709,0.05,0,0.6,0,0,0,0,0,0,0,0,0,0,0.15,0.1,13.561,6.9632,12.0238,16.4097,2924
"p330","ssp245","FGOALS-g3","2075",0.16,0,0,31,108.12,4.8411,0.0833,0,0.5,0.05,0,0,0,0,0,0,0,0,0,0,0,14.2243,7.5193,10.1482,13.476,2925
"p330","ssp245","FGOALS-g3","2075",0.15,0.25,0,47,106.97,4.6084,0.15,0,0.1,0,0.06,0,0,0,0,0,0,0,0,0,0.15,15.8368,7.2527,13.9537,14.6203,2926
"p330","ssp245","FGOALS-g3","2075",0.32,0,0,36,90.88,4.7195,0.0667,0,0.7,0,0.11,0,0,0,0,0,0,0,0,0,0.35,12.8351,6.7055,14.5973,16.547,2927
"p330","ssp245","FGOALS-g3","2075",0,0,0,32,107.17,4.6524,0.15,0,0,0,0.05,0,0,0,0,0.15,0,0,0,0,0.1,13.1345,9.5473,10.4223,14.4917,2928
"p330","ssp245","FGOALS-g3","2075",0.22,0,0,32,104.87,4.8098,0.0667,0,0.55,0,0,0,0,0,0,0,0,0,0,0,0.05,14.5255,7.4176,11.7518,12.8799,2929
"p330","ssp245","FGOALS-g3","2075",0.32,0,0,26,107.08,4.6779,0.0833,0,1,0,0.12,0,0,0,0,0,0,0,0,0,0.15,13.0109,4.0566,13.0005,15.4068,2930
"p330","ssp245","FGOALS-g3","2075",0.15,0,0,34,110.43,4.715,0.0667,0,0.65,0,0.05,0,0,0,0,0,0,0,0,0,0,13.9891,5.4354,13.4955,11.5392,2931
"p330","ssp245","FGOALS-g3","2075",0.41,0,0,54,94.6,4.8003,0.0833,0,0,0,0.12,0,0,0,0,0,0,0,0,0,0.15,15.1561,7.6877,8.7277,13.5779,2932
"p330","ssp245","FGOALS-g3","2075",0.32,0,0,40,104.56,4.8971,0.1667,0,0.4,0,0,0,0,0,0,0.15,0,0,0,0,0.15,14.2932,8.5161,15.494,14.6369,2933
"p330","ssp245","FGOALS-g3","2075",0.21,0,0,32,91.49,4.6919,0.15,0,0.4,0,0.12,0,0,0,0,0,0,0,0.05,0.15,0.35,13.5419,9.8612,13.32,15.6445,2934
"p330","ssp245","FGOALS-g3","2075",0.35,0,0,38,98.79,4.8477,0.1333,0,0.35,0.05,0.06,0,0,0,0,0,0,0,0,0,0.5,14.2584,7.6972,9.7225,14.6239,2935
"p330","ssp245","FGOALS-g3","2075",0.37,0.2,0,47,110.66,4.9215,0.0833,0,0.5,0,0.12,0,0,0,0,0,0,0,0,0,0,14.7612,7.5572,12.0917,10.2991,2936
"p330","ssp245","FGOALS-g3","2075",0.25,0,0,34,92.01,4.4848,0.25,0,0.35,0,0.07,0,0,0,0,0.3,0,0,0.05,0,0.1,13.6978,8.5622,14.11,14.4682,2937
"p330","ssp245","FGOALS-g3","2075",0.15,0,0,33,101.12,4.0051,0.0333,0,0.7,0,0.06,0,0,0,0,0,0,0,0,0,0.25,13.262,5.2398,12.5763,16.1744,2938
"p330","ssp245","FGOALS-g3","2075",0.27,0.1,0,34,95.88,4.4232,0.0333,0,1,0,0.05,0,0,0,0,0,0,0,0,0,0.3,14.1461,2.9457,15.3278,16.3061,2939
"p330","ssp245","FGOALS-g3","2075",0.33,0,0,26,106.63,4.8215,0.1333,0,0.3,0,0.21,0,0,0,0,0,0,0,0,0,0.2,12.8307,8.7463,15.56,15.0827,2940
"p330","ssp245","FGOALS-g3","2075",0.28,0.1,0,51,84.52,4.5494,0.1167,0,0.35,0,0.05,0,0,0,0,0,0,0,0,0,0.35,15.3887,7.7627,10.272,15.4007,2941
"p330","ssp245","FGOALS-g3","2075",0.16,0,0,28,95.38,4.7332,0.1833,0,0.5,0,0,0,0,0,0,0,0,0.05,0,0,0.25,13.9203,7.5601,12.649,14.1717,2942
"p330","ssp245","FGOALS-g3","2075",0.16,0.1,0,27,105.08,4.4024,0.1333,0,0.7,0,0,0,0,0,0,0,0,0,0,0,0,13.3696,6.8134,10.296,14.2973,2943
"p330","ssp245","FGOALS-g3","2075",0.29,0,0,54,100.98,4.8239,0.1,0,0.2,0.05,0.07,0,0,0,0,0,0,0,0,0,0,15.7712,8.2565,11.1538,12.3265,2944
"p330","ssp245","FGOALS-g3","2075",0.15,0,0,24,108.8,4.5888,0.0833,0,1,0,0.06,0,0,0,0,0.2,0.05,0,0,0,0.1,12.2398,4.2854,12.2473,12.2575,2945
"p330","ssp245","FGOALS-g3","2075",0.23,0,0,40,103.32,4.9142,0.1333,0,0,0,0.05,0,0,0,0,0,0,0,0,0,0.05,14.0411,8.508,9.4792,13.4667,2946
"p330","ssp245","FGOALS-g3","2075",0.38,0,0,40,94.82,4.8399,0.25,0,0.25,0,0.07,0,0,0,0,0.1,0,0,0,0,0.05,14.3497,9.9216,12.0762,13.8453,2947
"p330","ssp245","FGOALS-g3","2075",0.19,0.1,0,41,107.84,4.9693,0.1333,0,0,0,0.05,0,0,0,0,0,0,0,0.05,0,0.3,13.9252,8.5488,11.1883,15.4405,2948
"p330","ssp245","FGOALS-g3","2075",0.15,0,0,30,110.63,4.8564,0.1333,0,0.1,0,0.17,0,0,0,0,0.1,0,0,0,0,0.05,14.1863,8.8555,12.9487,13.9682,2949
"p330","ssp245","FGOALS-g3","2075",0.11,0,0,25,99.36,4.6192,0.1333,0,1,0,0.17,0,0,0,0,0,0,0,0.05,0,0.55,13.862,2.6428,11.4835,17.2244,2950
"p330","ssp245","FGOALS-g3","2075",0.43,0,0,31,102.6,4.4383,0.0333,0,0.9,0,0.1,0.05,0,0,0,0,0,0,0,0,0.15,13.3266,4.7349,13.9337,15.5433,2951
"p330","ssp245","FGOALS-g3","2075",0.12,0,0,21,98.32,4.4754,0.0167,0,0.9,0,0.05,0,0,0,0,0,0,0,0,0,0.05,12.7532,5.5593,12.2418,12.3259,2952
"p330","ssp245","FGOALS-g3","2075",0.11,0,0,41,103.82,4.0587,0.2,0,0.95,0,0.17,0,0,0,0,0.25,0,0,0,0,0.05,14.4318,5.2974,14.9363,15.1059,2953
"p330","ssp245","FGOALS-g3","2075",0.29,0.1,0,26,104.22,4.3013,0,0,1,0,0.06,0,0,0,0,0,0,0,0,0,0.15,12.9887,3.5849,10.581,15.6367,2954
"p330","ssp245","FGOALS-g3","2075",0.37,0.2,0,31,101.5,4.6145,0.1,0,0.5,0,0.1,0,0,0,0,0,0,0,0,0,0.25,14.6826,9.1967,13.5045,13.9518,2955
"p330","ssp245","FGOALS-g3","2075",0.22,0,0,42,99.53,4.735,0.1833,0,0.2,0,0.07,0,0,0,0,0,0,0.05,0,0,0.15,14.7715,7.7676,11.7497,16.445,2956
"p330","ssp245","FGOALS-g3","2075",0.07,0,0,34,100.8,4.6716,0.1667,0,0,0,0.06,0,0,0,0,0,0,0,0,0,0.3,13.9061,11.0211,9.3855,14.3979,2957
"p330","ssp245","FGOALS-g3","2075",0.33,0,0,18,109.34,4.9042,0.1,0,0.45,0,0.07,0,0,0,0,0,0,0,0,0,0.35,12.0848,8.0253,16.9265,14.5871,2958
"p330","ssp245","FGOALS-g3","2075",0.12,0,0,29,103.64,4.5249,0.0667,0,0.3,0,0.08,0,0,0,0,0,0,0,0,0,0.3,14.337,6.648,11.9088,15.598,2959
"p330","ssp245","FGOALS-g3","2075",0.37,0.35,0,49,107.89,4.5284,0.1,0,0.9,0,0.1,0,0,0,0,0,0,0,0,0,0.25,14.3337,5.5387,12.0453,15.8812,2960
"p330","ssp245","FGOALS-g3","2075",0.37,0.25,0,40,91.51,5.0877,0.1,0,0.3,0.05,0.15,0,0,0,0,0,0,0,0,0,0.05,15.1087,7.3822,11.5525,13.5999,2961
"p330","ssp245","FGOALS-g3","2075",0.28,0,0,28,106.42,4.9635,0.2333,0,0,0.15,0.09,0,0,0,0,0,0,0,0,0,0,13.076,9.9087,12.132,11.2639,2962
"p330","ssp245","FGOALS-g3","2075",0.28,0,0,9,98.31,4.8186,0.05,0,0.6,0,0.05,0,0,0,0,0.1,0,0,0,0,0.3,10.4105,6.641,13.665,15.3683,2963
"p330","ssp245","FGOALS-g3","2075",0.36,0,0,18,103.17,4.875,0.0833,0,0.05,0,0.06,0,0,0,0,0,0,0,0,0,0.15,11.5675,9.1403,11.8817,15.6668,2964
"p330","ssp245","FGOALS-g3","2075",0.1,0,0,35,112.42,4.3856,0.1333,0,0.2,0,0,0,0,0,0,0,0,0.1,0,0,0.25,13.5613,7.8793,10.8505,19.2268,2965
"p330","ssp245","FGOALS-g3","2075",0.15,0,0,26,109.58,4.8678,0.0833,0,0.45,0,0,0,0,0,0,0.1,0,0,0,0,0.15,13.3685,6.9835,14.9085,17.0229,2966
"p330","ssp245","FGOALS-g3","2075",0.38,0.1,0,38,101.07,4.3795,0.0667,0,0,0,0.13,0,0,0,0,0,0,0,0.05,0,0.1,13.757,7.7148,12.0393,15.6848,2967
"p330","ssp245","FGOALS-g3","2075",0.14,0,0.2,37,104.29,4.7601,0.0833,0,0.8,0,0.12,0,0,0,0,0,0,0,0.05,0,0.1,14.7025,6.8132,9.8517,16.1998,2968
"p330","ssp245","FGOALS-g3","2075",0.27,0,0,41,101.41,4.466,0.1333,0,0.2,0.05,0.07,0.05,0,0,0,0,0,0,0,0,0.3,13.8165,9.092,12.155,17.0571,2969
"p330","ssp245","FGOALS-g3","2075",0.45,0,0,54,100.34,4.6697,0.2,0,0.55,0,0.14,0,0,0,0,0,0,0,0,0,0.05,15.648,8.0562,12.6867,14.7114,2970
"p330","ssp245","FGOALS-g3","2075",0.18,0,0.1,26,92.2,4.5299,0.1667,0,0.85,0,0.12,0,0,0,0,0,0,0,0,0,0.25,13.4101,6.427,11.3585,13.8008,2971
"p330","ssp245","FGOALS-g3","2075",0.23,0,0,40,111.28,4.3134,0.1333,0,0.15,0,0,0,0,0,0,0,0,0,0,0,0.35,13.9792,8.548,10.238,15.9892,2972
"p330","ssp245","FGOALS-g3","2075",0.11,0,0.15,40,108.69,4.7384,0.0333,0,0.9,0,0.13,0,0,0,0,0,0,0,0,0,0.4,14.8443,5.6212,14.1673,17.1904,2973
"p330","ssp245","FGOALS-g3","2075",0.33,0.25,0,47,104.62,4.6001,0.1667,0,0.2,0,0.12,0,0,0,0,0,0,0,0,0,0.05,15.4028,9.5093,13.1627,16.6342,2974
"p330","ssp245","FGOALS-g3","2075",0.3,0,0,36,99.6,4.5238,0.15,0,0.15,0,0.12,0,0,0,0,0.15,0,0,0,0,0.05,14.0546,8.9832,13.2395,13.1709,2975
"p330","ssp245","FGOALS-g3","2075",0.12,0,0,21,107.51,5.1191,0.1167,0,0.1,0,0.05,0,0,0,0,0,0,0,0,0,0.05,13.434,7.9856,13.5777,13.9644,2976
"p330","ssp245","FGOALS-g3","2075",0.2,0,0,42,98.2,4.6242,0.1667,0,0.2,0,0.06,0,0,0,0,0,0,0,0.05,0,0.1,14.7377,7.9127,12.4042,13.8874,2977
"p330","ssp245","FGOALS-g3","2075",0.43,0,0,45,98.72,4.5608,0.0333,0,0.35,0,0.1,0,0,0,0,0.1,0,0,0,0,0.35,14.5636,7.5785,12.4858,15.5423,2978
"p330","ssp245","FGOALS-g3","2075",0.38,0,0,24,93.54,4.3499,0.1333,0,0.4,0,0,0,0,0,0,0.15,0,0,0,0,0.35,12.392,7.7523,11.797,16.2762,2979
"p330","ssp245","FGOALS-g3","2075",0.24,0,0,36,83.22,4.6364,0.2667,0,0.05,0,0.17,0,0,0,0,0,0,0,0,0,0.35,14.5068,10.5935,11.8137,14.1615,2980
"p330","ssp245","FGOALS-g3","2075",0.24,0,0,50,104.35,4.3635,0.1667,0,0.1,0,0.05,0,0,0,0,0,0,0,0,0,0.4,15.2809,10.5036,12.4567,13.6963,2981
"p330","ssp245","FGOALS-g3","2075",0.22,0.15,0,45,94.97,4.6956,0.0833,0,0.9,0,0.05,0,0,0,0,0,0,0,0,0,0.2,15.6477,5.3477,10.876,16.6952,2982
"p330","ssp245","FGOALS-g3","2075",0.18,0,0,26,110.81,4.7995,0.1,0,0.35,0.05,0.1,0,0,0,0,0,0,0.05,0.05,0,0.1,13.6385,6.7767,11.2762,15.2561,2983
"p330","ssp245","FGOALS-g3","2075",0.29,0.15,0,19,98.63,4.9437,0.1667,0,0.3,0.05,0.05,0,0,0,0,0,0,0,0,0.15,0.25,12.1921,8.1147,9.6817,16.9935,2984
"p330","ssp245","FGOALS-g3","2075",0.22,0.55,0,42,105.1,4.6723,0.1,0,0.5,0,0.06,0,0,0,0,0,0,0,0,0,0.1,14.8529,6.4931,13.8917,14.5851,2985
"p330","ssp245","FGOALS-g3","2075",0.27,0.15,0,38,97.11,4.52,0.1333,0,0.8,0,0.14,0,0,0,0,0.1,0,0,0.05,0,0.05,14.6836,6.7851,12.7747,15.1103,2986
"p330","ssp245","FGOALS-g3","2075",0.31,0,0,38,104.73,4.8933,0.1167,0,0.5,0,0.09,0,0,0,0,0,0,0,0,0,0.5,13.8715,6.8616,13.1673,15.7606,2987
"p330","ssp245","FGOALS-g3","2075",0.34,0.25,0,47,109.4,4.6521,0.1167,0,0.1,0,0.1,0,0,0,0,0,0,0,0,0,0.15,15.3159,8.7817,12.685,15.1048,2988
"p330","ssp245","FGOALS-g3","2075",0.2,0,0,28,105.08,5.0763,0.1667,0,0.25,0,0.11,0,0,0,0,0,0,0,0,0,0,13.5652,8.168,11.5837,13.8887,2989
"p330","ssp245","FGOALS-g3","2075",0.13,0,0,19,103.28,4.5911,0.0333,0,1,0,0.06,0,0,0,0,0,0,0,0,0,0,12.3128,4.7675,11.8712,13.6217,2990
"p330","ssp245","FGOALS-g3","2075",0.21,0,0,39,104.96,4.7075,0.0667,0,0.6,0,0.06,0,0,0,0,0,0,0,0,0,0.15,14.4379,6.9873,12.7853,12.1741,2991
"p330","ssp245","FGOALS-g3","2075",0.16,0,0,19,96.7,4.5408,0.1,0,0.6,0,0.16,0,0,0,0,0,0,0,0,0,0.2,12.193,7.0858,11.9072,15.4102,2992
"p330","ssp245","FGOALS-g3","2075",0.06,0,0,26,99.75,5.073,0.4,0,0.3,0,0.1,0,0,0,0,0,0,0,0,0,0,12.5619,10.2112,10.9218,13.5151,2993
"p330","ssp245","FGOALS-g3","2075",0.27,0,0,42,102.64,4.5354,0.1,0,0.05,0,0.09,0,0,0,0,0,0,0,0,0,0.05,14.8473,7.6943,10.9545,13.1142,2994
"p330","ssp245","FGOALS-g3","2075",0,0,0,32,103.15,4.7077,0.1667,0,0.65,0,0.13,0,0,0,0,0,0,0,0,0.3,0.1,14.0887,9.1446,13.8365,15.3789,2995
"p330","ssp245","FGOALS-g3","2075",0.32,0,0,55,109.83,4.6517,0.0667,0,1,0,0.11,0,0,0,0,0,0,0,0,0,0.15,15.6345,5.4592,14.7443,16.1253,2996
"p330","ssp245","FGOALS-g3","2075",0.05,0,0,40,107.78,4.6428,0.15,0,0.6,0,0.08,0,0,0,0,0.1,0,0,0,0,0.1,14.7102,6.2778,15.3375,13.6991,2997
"p330","ssp245","FGOALS-g3","2075",0.2,0,0,35,107.18,4.687,0.2,0,0.05,0,0.15,0,0,0,0,0,0,0,0,0,0,13.3491,9.0985,13.0248,11.7665,2998
"p330","ssp245","FGOALS-g3","2075",0.27,0,0,43,88.24,4.3985,0.0667,0,0.55,0.05,0,0,0,0,0,0,0,0,0,0,0.05,15.1423,8.3894,9.5267,15.3074,2999
"p330","ssp245","FGOALS-g3","2075",0.3,0,0,55,102.67,4.6586,0.0333,0,0.3,0,0.1,0,0,0,0,0,0,0,0,0,0.3,15.9024,7.3141,11.7768,12.0706,3000
"p330","ssp245","FIO-ESM-2-0","2075",0.16,0.1,0,52,100.38,4.9864,0.15,0,0.65,0,0,0,0,0,0,0,0,0,0,0,0.25,15.5403,7.3728,11.9167,15.5696,3001
"p330","ssp245","FIO-ESM-2-0","2075",0.05,0.3,0,49,104.49,5.2393,0.0667,0,0,0,0.14,0,0,0,0,0,0,0,0,0,0.45,15.3838,8.4157,13.6013,16.8611,3002
"p330","ssp245","FIO-ESM-2-0","2075",0.15,0,0,42,107.48,5.0378,0.1833,0,0.7,0,0.26,0,0,0,0,0.1,0,0,0,0,0.25,15.0004,7.4262,16.3943,16.5808,3003
"p330","ssp245","FIO-ESM-2-0","2075",0.31,0,0,45,103.98,4.994,0.25,0,0.1,0,0.08,0,0,0,0,0.2,0,0,0,0,0.2,13.942,9.2527,11.6273,15.9652,3004
"p330","ssp245","FIO-ESM-2-0","2075",0.19,0,0,60,104.77,5.1305,0.1333,0,0.3,0,0.09,0,0,0,0,0,0,0,0,0,0.25,15.5683,8.0745,15.0215,15.4719,3005
"p330","ssp245","FIO-ESM-2-0","2075",0.28,0.1,0.1,46,113.12,5.242,0.1,0,0.55,0.05,0,0,0,0,0,0,0,0,0,0,0.4,14.5045,7.7688,9.8007,15.3848,3006
"p330","ssp245","FIO-ESM-2-0","2075",0.17,0.2,0,45,97.81,5.0568,0.0667,0,0.6,0,0.12,0,0,0,0,0,0,0,0,0,0.05,15.401,7.2057,11.6137,13.6165,3007
"p330","ssp245","FIO-ESM-2-0","2075",0.34,0.5,0,35,107.84,5.1964,0.1167,0,0.3,0,0.06,0,0,0,0,0,0,0.1,0.05,0,0.5,14.1412,8.1208,12.7688,19.8912,3008
"p330","ssp245","FIO-ESM-2-0","2075",0.41,0,0,64,93.99,4.4477,0.0667,0,0.8,0,0.1,0,0,0,0,0,0,0,0,0,0.2,16.6792,5.7172,15.0117,15.7544,3009
"p330","ssp245","FIO-ESM-2-0","2075",0.3,0.35,0,56,99.73,5.3016,0.25,0,0.9,0,0.16,0,0,0,0,0,0,0,0,0,0.15,16.0575,6.7047,14.6385,15.8308,3010
"p330","ssp245","FIO-ESM-2-0","2075",0.13,0.15,0.15,65,95.96,5.0572,0.1333,0,0.3,0,0.14,0,0,0,0,0,0,0,0,0,0.15,16.7635,9.1432,15.6203,16.2712,3011
"p330","ssp245","FIO-ESM-2-0","2075",0.24,0,0,25,101.59,5.0075,0.05,0,0.7,0,0,0,0,0,0,0,0,0,0,0,0.2,12.8879,7.7622,13.062,17.7108,3012
"p330","ssp245","FIO-ESM-2-0","2075",0.24,0.3,0,54,99.66,5.1788,0.3,0,0.2,0,0.1,0,0,0,0,0.15,0,0,0,0,0.25,16.2347,10.1045,15.8362,14.9201,3013
"p330","ssp245","FIO-ESM-2-0","2075",0.26,0,0,47,102.28,5.4425,0.2333,0,0.05,0,0.12,0,0,0,0,0.15,0,0,0,0,0.25,14.2642,10.0471,15.0605,15.9942,3014
"p330","ssp245","FIO-ESM-2-0","2075",0.1,0.25,0,47,103.38,5.0801,0.1167,0,0.25,0,0.05,0,0,0,0,0.3,0,0.05,0,0,0.3,14.8841,8.1553,14.5493,19.1398,3015
"p330","ssp245","FIO-ESM-2-0","2075",0.17,0,0,42,106.51,5.0372,0.1333,0,0.3,0,0.12,0,0,0,0,0.25,0,0,0,0,0.65,14.532,7.8068,16.0748,17.1321,3016
"p330","ssp245","FIO-ESM-2-0","2075",0.13,0,0,46,101.42,4.9768,0.1833,0,0.2,0,0.11,0,0,0,0,0,0,0,0,0,0.3,14.6154,9.3105,16.3267,16.1029,3017
"p330","ssp245","FIO-ESM-2-0","2075",0.18,0.1,0,43,90.6,4.8144,0.05,0,1,0,0,0,0,0,0,0,0,0,0,0,0.1,13.7458,5.1682,10.2822,14.8739,3018
"p330","ssp245","FIO-ESM-2-0","2075",0.32,0.4,0,45,100.04,4.7244,0.1333,0,1,0,0.07,0,0,0,0,0,0,0,0,0,0.15,14.8712,6.3191,11.497,15.6567,3019
"p330","ssp245","FIO-ESM-2-0","2075",0.17,0.25,0,53,101.44,5.4764,0.1167,0,1,0,0,0,0,0,0,0,0,0,0,0,0.6,16.1251,6.4494,13.9055,18.4735,3020
"p330","ssp245","FIO-ESM-2-0","2075",0.2,0.15,0,53,97.47,4.6198,0.1667,0,0.2,0,0.07,0,0,0,0,0.1,0,0,0.05,0,0.7,15.9869,7.4644,14.2107,17.4829,3021
"p330","ssp245","FIO-ESM-2-0","2075",0.16,0,0,33,93.76,4.8885,0.1667,0,0.1,0,0.06,0,0,0,0,0,0,0,0,0,0.3,13.2248,9.2246,16.9148,18.7179,3022
"p330","ssp245","FIO-ESM-2-0","2075",0.16,0.35,0,40,108.85,4.9079,0.2333,0,0.35,0.05,0.06,0,0,0,0,0,0,0,0,0,0.15,14.4085,9.2705,11.0353,14.0789,3023
"p330","ssp245","FIO-ESM-2-0","2075",0.49,0,0,46,98.14,4.4937,0.0833,0,0.75,0,0,0,0,0,0,0,0,0,0,0.15,0.1,14.4045,6.8347,13.3925,18.1103,3024
"p330","ssp245","FIO-ESM-2-0","2075",0.16,0.15,0,36,105.42,5.1992,0.1,0,0.55,0.05,0,0,0,0,0,0.1,0,0,0,0,0.2,15.0472,7.4042,11.5405,15.1707,3025
"p330","ssp245","FIO-ESM-2-0","2075",0.28,0.3,0,50,104.99,4.9397,0.15,0,0.2,0,0.06,0,0,0,0,0,0,0,0,0,0.25,16.6666,7.1328,15.3397,16.3205,3026
"p330","ssp245","FIO-ESM-2-0","2075",0.32,0,0,40,89.22,5.0968,0.1167,0,0.75,0,0.15,0,0,0,0,0,0,0.05,0,0,0.55,13.671,6.5809,15.9767,18.2477,3027
"p330","ssp245","FIO-ESM-2-0","2075",0,0,0,42,106.49,5.0177,0.15,0,0,0,0.05,0,0,0,0,0.15,0,0,0,0,0.15,13.9773,9.419,11.7922,16.1927,3028
"p330","ssp245","FIO-ESM-2-0","2075",0.22,0.15,0,40,103.33,5.1635,0.1,0,0.65,0,0,0,0,0,0,0,0,0,0,0,0.05,15.3479,7.3042,13.1455,14.5753,3029
"p330","ssp245","FIO-ESM-2-0","2075",0.32,0,0,35,106.7,5.0503,0.1,0,1,0,0.12,0,0,0,0,0,0,0,0,0,0.2,13.8391,3.9371,14.3875,17.107,3030
"p330","ssp245","FIO-ESM-2-0","2075",0.15,0,0.1,44,108.2,5.0887,0.1167,0,0.8,0,0.05,0,0,0,0,0,0,0,0,0,0.2,14.8241,5.3107,14.8763,13.2412,3031
"p330","ssp245","FIO-ESM-2-0","2075",0.42,0,0,58,94.86,5.1538,0.1,0,0.1,0,0.12,0,0,0,0,0,0,0,0,0,0.15,15.9977,7.561,10.0982,15.2794,3032
"p330","ssp245","FIO-ESM-2-0","2075",0.32,0,0,50,103.78,5.2885,0.2,0,0.6,0,0,0,0,0,0,0.15,0,0,0,0,0.4,15.114,8.4028,16.8897,16.3312,3033
"p330","ssp245","FIO-ESM-2-0","2075",0.22,0,0,42,92.22,5.0679,0.1833,0,0.4,0,0.12,0,0,0,0,0,0,0,0,0.15,0.4,14.3692,9.7437,14.7083,17.3439,3034
"p330","ssp245","FIO-ESM-2-0","2075",0.44,0,0,48,98.01,5.2685,0.1167,0,0.45,0,0.06,0,0,0,0,0,0,0,0,0,0.6,15.0917,7.5742,11.1043,16.3248,3035
"p330","ssp245","FIO-ESM-2-0","2075",0.32,0.55,0,50,108.69,5.3158,0.1167,0,0.55,0,0.12,0,0,0,0,0,0,0,0,0,0,15.6008,7.4306,13.4647,12,3036
"p330","ssp245","FIO-ESM-2-0","2075",0.25,0.25,0,40,89.96,4.8685,0.2667,0,0.5,0,0.07,0,0,0,0,0.3,0,0,0.05,0,0.25,14.5175,8.4505,15.5065,16.1626,3037
"p330","ssp245","FIO-ESM-2-0","2075",0.15,0.15,0,36,99.8,4.3255,0.05,0,0.75,0,0.06,0,0,0,0,0.15,0,0.05,0,0,0.25,14.0877,5.123,13.9652,17.8733,3038
"p330","ssp245","FIO-ESM-2-0","2075",0.28,0.15,0,46,93.31,4.7691,0.0333,0,1,0,0.05,0,0,0.2,0,0,0,0,0,0,0.45,14.9788,2.8238,16.7123,18.0071,3039
"p330","ssp245","FIO-ESM-2-0","2075",0.33,0,0,42,105.83,5.2039,0.1333,0,0.35,0,0.21,0,0,0,0,0,0,0,0,0,0.15,13.669,8.6213,16.9337,16.7842,3040
"p330","ssp245","FIO-ESM-2-0","2075",0.29,0.2,0,61,81.1,4.9517,0.1333,0,0.5,0,0.05,0,0,0,0,0,0,0,0,0,0.25,16.2069,7.6518,11.6692,17.0943,3041
"p330","ssp245","FIO-ESM-2-0","2075",0.16,0,0,39,94.11,5.0848,0.1833,0,0.55,0,0,0,0,0,0,0,0,0.1,0,0,0.2,14.7451,7.4443,14.041,15.8715,3042
"p330","ssp245","FIO-ESM-2-0","2075",0.16,0.15,0,35,103.65,4.763,0.1833,0,0.7,0,0,0,0,0,0,0,0,0,0,0,0.25,14.2,6.6925,11.6808,15.9974,3043
"p330","ssp245","FIO-ESM-2-0","2075",0.29,0.35,0,61,100.78,5.2346,0.15,0,0.25,0,0.07,0,0,0,0,0.35,0,0,0,0,0.1,16.6087,8.132,12.5282,14.0264,3044
"p330","ssp245","FIO-ESM-2-0","2075",0.15,0.5,0,32,106.2,4.9637,0.0833,0,1,0,0.06,0,0,0,0,0.3,0,0,0,0,0.2,13.0569,4.1758,13.646,13.9504,3045
"p330","ssp245","FIO-ESM-2-0","2075",0.23,0.35,0,45,102.63,5.2966,0.15,0,0.1,0,0.05,0,0,0,0,0,0,0,0,0,0.3,14.8644,8.3933,10.8725,15.1658,3046
"p330","ssp245","FIO-ESM-2-0","2075",0.4,0.1,0,55,92.33,5.2146,0.3,0,0.4,0,0.07,0,0,0,0,0.1,0,0,0,0,0.2,15.1793,9.8013,13.462,15.5455,3047
"p330","ssp245","FIO-ESM-2-0","2075",0.19,0.15,0,44,107.82,5.3643,0.1167,0,0,0,0.05,0,0,0,0,0,0,0.05,0,0,0.55,14.7616,8.426,12.5643,17.1411,3048
"p330","ssp245","FIO-ESM-2-0","2075",0.15,0,0,39,109.54,5.2248,0.1333,0,0.2,0,0.17,0,0,0,0,0.1,0,0,0,0,0.25,15.002,8.7478,14.3488,15.6622,3049
"p330","ssp245","FIO-ESM-2-0","2075",0.11,0,0,37,96.6,4.9911,0.1333,0,1,0,0.17,0,0,0,0,0,0,0,0.05,0,0.35,14.6834,2.5282,12.8775,18.923,3050
"p330","ssp245","FIO-ESM-2-0","2075",0.44,0,0,42,99.52,4.8149,0.05,0,0.95,0,0.1,0.05,0,0,0,0,0,0.05,0,0,0.25,14.1554,4.6158,15.3215,17.2432,3051
"p330","ssp245","FIO-ESM-2-0","2075",0.12,0,0,33,95.89,4.8248,0.0333,0,0.95,0,0.05,0,0,0,0,0.15,0,0,0,0,0.05,13.5883,5.4373,13.6183,14.0258,3052
"p330","ssp245","FIO-ESM-2-0","2075",0.11,0,0,50,101.85,4.3826,0.2,0,1,0,0.17,0,0,0,0,0.25,0,0,0,0,0.15,15.2458,5.1893,16.3387,16.7987,3053
"p330","ssp245","FIO-ESM-2-0","2075",0.29,0.15,0,33,101.98,4.6636,0.0333,0,1,0,0.06,0,0,0,0,0,0,0,0,0,0.2,13.8099,3.4719,11.9763,17.3347,3054
"p330","ssp245","FIO-ESM-2-0","2075",0.45,0.15,0,46,100.8,4.9817,0.1,0,0.7,0,0.1,0,0,0,0,0,0,0,0,0,0.4,15.5097,9.0785,14.8937,15.6515,3055
"p330","ssp245","FIO-ESM-2-0","2075",0.23,0,0,52,97.43,5.1107,0.2,0,0.4,0,0.07,0,0,0,0,0,0,0.2,0,0,0.15,15.6052,7.6462,13.1292,18.1447,3056
"p330","ssp245","FIO-ESM-2-0","2075",0.12,0,0,39,99.72,5.0413,0.2167,0,0,0,0.06,0,0,0,0,0,0,0,0,0,0.45,14.7185,10.9146,10.7875,16.0909,3057
"p330","ssp245","FIO-ESM-2-0","2075",0.33,0,0,26,110.11,5.3119,0.1167,0,0.5,0,0.07,0,0,0.3,0,0,0,0,0.05,0,0.35,12.9041,7.913,18.3238,16.2853,3058
"p330","ssp245","FIO-ESM-2-0","2075",0.12,0.25,0,41,100.84,4.9068,0.0833,0,0.4,0,0.08,0,0,0,0,0.1,0,0,0,0,0.4,15.1625,6.5316,13.2977,17.2973,3059
"p330","ssp245","FIO-ESM-2-0","2075",0.38,0.35,0,52,105.67,4.9229,0.1,0,1,0,0.1,0,0,0,0,0.1,0,0,0,0,0.9,15.1663,5.418,13.425,17.582,3060
"p330","ssp245","FIO-ESM-2-0","2075",0.37,0.25,0,48,90.27,5.4696,0.1,0,0.45,0.05,0.15,0,0,0,0,0,0,0,0,0,0.2,15.9202,7.2765,12.9568,15.2922,3061
"p330","ssp245","FIO-ESM-2-0","2075",0.29,0.25,0,38,105.69,5.3395,0.25,0,0.05,0.05,0.09,0,0,0,0,0,0,0,0,0,0.05,13.8942,9.7975,13.5302,12.9624,3062
"p330","ssp245","FIO-ESM-2-0","2075",0.33,0,0,19,96.23,5.1674,0.0667,0,0.7,0,0.1,0,0,0,0,0.1,0,0.05,0,0,0.25,11.2349,6.5248,15.0565,17.0667,3063
"p330","ssp245","FIO-ESM-2-0","2075",0.36,0,0,24,101.45,5.2412,0.1167,0,0.05,0,0.06,0,0,0,0,0.1,0,0,0,0,0.25,12.3984,9.0212,13.2622,17.3655,3064
"p330","ssp245","FIO-ESM-2-0","2075",0.15,0,0,42,109.86,4.7512,0.1333,0,0.25,0,0,0,0,0,0,0,0,0.15,0,0,0.3,14.3716,7.7742,12.2558,20.9193,3065
"p330","ssp245","FIO-ESM-2-0","2075",0.15,0,0.15,38,108.79,5.2517,0.1,0,0.65,0,0,0,0,0,0,0.2,0,0,0,0,0.2,14.1851,6.8732,16.3082,18.7203,3066
"p330","ssp245","FIO-ESM-2-0","2075",0.35,0.15,0,42,99.16,4.7089,0.0833,0,0.25,0,0.13,0,0,0,0,0,0,0,0.05,0,0.15,14.5803,7.5994,13.4325,17.3833,3067
"p330","ssp245","FIO-ESM-2-0","2075",0.14,0.2,0.1,43,101.99,5.1436,0.0833,0,0.9,0,0.12,0,0,0,0,0,0,0.05,0.05,0,0.4,15.5322,6.6943,11.2355,17.8989,3068
"p330","ssp245","FIO-ESM-2-0","2075",0.29,0.1,0,46,101.32,4.8176,0.1333,0,0.25,0,0.07,0.05,0,0,0,0,0,0,0,0,0.35,14.6253,8.9878,13.5617,18.7484,3069
"p330","ssp245","FIO-ESM-2-0","2075",0.45,0.15,0,57,99.31,5.0362,0.2667,0,0.75,0,0.14,0,0,0,0,0,0,0,0,0,0.15,16.4631,7.9478,14.0875,16.4091,3070
"p330","ssp245","FIO-ESM-2-0","2075",0.21,0,0,40,90.7,4.8796,0.1667,0,1,0,0.12,0,0,0,0,0,0,0,0,0,0.4,14.232,6.3135,12.7523,15.4995,3071
"p330","ssp245","FIO-ESM-2-0","2075",0.23,0,0,47,109.62,4.627,0.1333,0,0.2,0,0,0,0,0,0,0,0,0.05,0.05,0,0.35,14.8077,8.4309,11.6215,17.6885,3072
"p330","ssp245","FIO-ESM-2-0","2075",0.16,0,0.15,49,105.51,5.1425,0.0333,0,0.95,0,0.13,0,0,0,0,0,0,0.1,0,0,0.95,15.652,5.5181,15.576,18.8821,3073
"p330","ssp245","FIO-ESM-2-0","2075",0.33,0.75,0,49,103.04,4.9792,0.1833,0,0.25,0,0.12,0,0,0,0,0,0,0,0,0,0.15,16.2172,9.4017,14.5645,18.3311,3074
"p330","ssp245","FIO-ESM-2-0","2075",0.3,0.15,0,41,98.13,4.8703,0.1833,0,0.2,0,0.12,0,0,0,0,0.15,0,0,0,0,0.1,14.8753,8.8704,14.6347,14.8688,3075
"p330","ssp245","FIO-ESM-2-0","2075",0.12,0,0,30,105.72,5.5166,0.15,0,0.35,0,0.05,0,0,0,0,0,0,0,0,0,0.25,14.2607,7.8692,14.9632,15.6632,3076
"p330","ssp245","FIO-ESM-2-0","2075",0.2,0,0,51,96.29,4.9941,0.1833,0,0.35,0,0.06,0,0,0,0,0.2,0,0,0.05,0,0.15,15.5441,7.8116,13.8123,15.5787,3077
"p330","ssp245","FIO-ESM-2-0","2075",0.43,0.2,0,47,95.89,4.9246,0.0667,0,0.4,0,0.1,0,0,0,0,0.15,0,0,0.05,0,0.5,15.3771,7.4713,13.889,17.2392,3078
"p330","ssp245","FIO-ESM-2-0","2075",0.38,0,0,34,90.49,4.6754,0.15,0,0.45,0,0,0,0,0,0,0.15,0,0,0,0,0.7,13.2114,7.6395,13.192,17.9741,3079
"p330","ssp245","FIO-ESM-2-0","2075",0.24,0,0,41,83.64,5.028,0.35,0,0,0,0.18,0,0,0,0,0,0,0,0,0,0.45,15.3326,10.4764,13.204,15.8611,3080
"p330","ssp245","FIO-ESM-2-0","2075",0.22,0.1,0,56,102.89,4.7446,0.1667,0,0.15,0,0.05,0,0,0,0,0,0,0,0,0,0.3,16.085,10.4011,13.8722,15.3853,3081
"p330","ssp245","FIO-ESM-2-0","2075",0.3,0.15,0,48,94.59,5.086,0.0667,0,1,0,0.05,0,0,0,0,0.15,0,0.15,0,0,0.2,16.4599,5.2401,12.2838,18.3921,3082
"p330","ssp245","FIO-ESM-2-0","2075",0.31,0,0,36,108.14,5.1719,0.1,0,0.5,0,0.1,0,0,0,0,0.1,0,0.25,0.05,0,0.15,14.4563,6.664,12.6783,16.9547,3083
"p330","ssp245","FIO-ESM-2-0","2075",0.29,0.2,0,22,97.63,5.3387,0.1833,0,0.4,0,0.05,0,0,0,0,0,0,0,0,0.15,0.4,13.0162,7.9988,11.0737,18.6932,3084
"p330","ssp245","FIO-ESM-2-0","2075",0.24,0.75,0,44,103.42,5.0358,0.1,0,0.5,0,0.06,0,0,0.3,0,0,0,0.05,0,0,0.05,15.6558,6.3919,15.3063,16.2737,3085
"p330","ssp245","FIO-ESM-2-0","2075",0.23,0.15,0,45,94.28,4.892,0.1333,0,0.8,0,0.14,0,0,0,0,0.1,0,0.05,0.05,0,0.1,15.4937,6.6784,14.1823,16.807,3086
"p330","ssp245","FIO-ESM-2-0","2075",0.41,0,0,42,103.16,5.3181,0.15,0,0.65,0,0.09,0,0,0,0,0,0,0,0.05,0,0.75,14.6883,6.7493,14.5693,17.4582,3087
"p330","ssp245","FIO-ESM-2-0","2075",0.33,0.4,0,49,107.79,5.016,0.2,0,0.2,0,0.1,0,0,0,0,0.1,0,0,0,0,0.2,16.1389,8.6672,14.0768,16.8036,3088
"p330","ssp245","FIO-ESM-2-0","2075",0.32,0,0,35,105.58,5.4862,0.2,0,0.35,0,0.11,0,0,0,0,0,0,0,0,0,0.25,14.367,8.0672,13.0007,15.5775,3089
"p330","ssp245","FIO-ESM-2-0","2075",0.21,0,0,29,101.18,4.9842,0.05,0,1,0,0.06,0,0,0,0,0,0,0,0,0,0.2,13.121,4.6615,13.281,15.3176,3090
"p330","ssp245","FIO-ESM-2-0","2075",0.22,0,0,46,103.62,5.0958,0.0667,0,0.8,0,0.06,0,0,0,0,0,0,0,0,0,0.2,15.2531,6.8771,14.1878,13.8724,3091
"p330","ssp245","FIO-ESM-2-0","2075",0.18,0,0,25,94.88,4.9081,0.1,0,0.75,0,0.16,0,0,0,0,0,0,0.05,0,0,0.3,13.0149,6.9719,13.302,17.108,3092
"p330","ssp245","FIO-ESM-2-0","2075",0.11,0.15,0,33,95.93,5.4807,0.4833,0,0.4,0,0.15,0,0,0,0,0,0,0,0,0,0.25,13.3626,10.112,12.3403,15.2028,3093
"p330","ssp245","FIO-ESM-2-0","2075",0.27,0.3,0,48,99.67,4.9016,0.1167,0,0.1,0,0.09,0,0,0,0,0,0,0,0,0,0.15,15.6548,7.5902,12.3663,14.8102,3094
"p330","ssp245","FIO-ESM-2-0","2075",0,0.1,0,44,101.9,5.113,0.2,0,0.65,0,0.13,0,0,0,0,0,0,0,0,0.3,0.4,14.9024,9.0352,15.2418,17.0761,3095
"p330","ssp245","FIO-ESM-2-0","2075",0.32,0.2,0,57,108.82,5.0592,0.0667,0,1,0,0.11,0,0,0,0,0,0,0,0,0,0.15,16.4553,5.3457,16.1393,17.8235,3096
"p330","ssp245","FIO-ESM-2-0","2075",0.13,0,0,53,106.15,5.0582,0.1833,0,0.8,0,0.08,0,0,0,0,0.2,0,0,0,0,0.05,15.5089,6.1794,16.7575,15.3871,3097
"p330","ssp245","FIO-ESM-2-0","2075",0.2,0,0,42,106.23,5.0695,0.25,0,0.15,0,0.15,0,0,0,0,0,0,0,0,0,0,14.1551,8.9952,14.437,13.4629,3098
"p330","ssp245","FIO-ESM-2-0","2075",0.27,0,0,58,86.96,4.7531,0.1,0,0.65,0,0,0,0,0,0,0,0,0,0,0,0.25,15.9544,8.2804,10.932,17.0048,3099
"p330","ssp245","FIO-ESM-2-0","2075",0.3,0.25,0,62,101.76,5.0238,0.05,0,0.35,0,0.1,0,0,0,0,0,0,0,0,0,0.4,16.7216,7.2023,13.1733,13.768,3100
"p330","ssp245","GFDL-ESM4","2075",0.16,0,0,44,99.66,4.6622,0.15,0,0.55,0,0,0,0,0,0,0,0,0,0,0,0.25,15.0122,7.2963,11.1278,15.0156,3101
"p330","ssp245","GFDL-ESM4","2075",0.05,0.15,0.1,45,104.83,4.9154,0.0833,0,0.05,0,0.08,0,0,0,0,0,0,0,0,0,0.2,14.8527,8.3399,12.8147,16.3048,3102
"p330","ssp245","GFDL-ESM4","2075",0.1,0,0,40,107.32,4.706,0.15,0,0.7,0,0.26,0,0,0,0,0,0,0,0,0,0.25,14.4658,7.353,15.6102,16.0238,3103
"p330","ssp245","GFDL-ESM4","2075",0.31,0,0,35,104.47,4.6829,0.2333,0,0.1,0,0.08,0,0,0,0,0.2,0,0,0,0,0.15,13.4046,9.1806,10.8535,15.4021,3104
"p330","ssp245","GFDL-ESM4","2075",0.18,0,0,58,103.56,4.8024,0.1167,0,0.3,0,0.09,0,0,0,0,0,0,0,0,0,0.15,15.0407,7.9972,14.2317,14.919,3105
"p330","ssp245","GFDL-ESM4","2075",0.26,0.1,0,39,113.35,4.8995,0.1167,0,0.5,0.1,0,0,0,0,0,0,0,0,0,0,0.3,13.9737,7.6928,9.0128,14.8283,3106
"p330","ssp245","GFDL-ESM4","2075",0.1,0.1,0,38,98.44,4.7281,0.05,0,0.55,0,0.12,0,0,0,0,0,0,0,0,0,0.05,14.8668,7.1313,10.8293,13.0586,3107
"p330","ssp245","GFDL-ESM4","2075",0.34,0.45,0,33,105.54,4.8716,0.0833,0,0.4,0,0.06,0,0,0,0,0,0,0.05,0,0,0.5,13.604,8.0484,11.9942,19.3286,3108
"p330","ssp245","GFDL-ESM4","2075",0.41,0,0,60,92.11,4.1734,0.0667,0,0.85,0,0.1,0,0,0,0,0,0,0,0,0,0.05,16.1522,5.6399,14.2217,15.2006,3109
"p330","ssp245","GFDL-ESM4","2075",0.29,0.2,0,54,101.35,4.9656,0.2333,0,0.9,0,0.16,0,0,0,0,0,0,0,0,0,0.1,15.5278,6.6284,13.8503,15.2748,3110
"p330","ssp245","GFDL-ESM4","2075",0.13,0.15,0.15,59,94.06,4.7386,0.15,0,0.25,0,0.14,0,0,0,0,0,0,0,0,0,0.1,16.2304,9.0692,14.8355,15.7135,3111
"p330","ssp245","GFDL-ESM4","2075",0.23,0,0,18,102.29,4.6876,0.05,0,0.6,0,0,0,0,0,0,0,0,0,0,0,0.1,12.3512,7.6898,12.286,17.148,3112
"p330","ssp245","GFDL-ESM4","2075",0.24,0.1,0,51,100.24,4.8493,0.2833,0,0.2,0,0.1,0,0,0,0,0.1,0,0,0,0,0.15,15.709,10.0263,15.0452,14.3668,3113
"p330","ssp245","GFDL-ESM4","2075",0.26,0,0,43,100.72,5.092,0.25,0,0.1,0,0.12,0,0,0,0,0.15,0,0,0,0,0.15,13.7352,9.9709,14.2722,15.4385,3114
"p330","ssp245","GFDL-ESM4","2075",0.1,0,0,40,103.4,4.7515,0.1333,0,0.25,0,0.05,0,0,0,0,0.15,0,0.05,0,0,0.3,14.3517,8.0805,13.7637,18.5821,3115
"p330","ssp245","GFDL-ESM4","2075",0.11,0,0,34,106.69,4.7028,0.15,0,0.25,0,0.12,0,0,0,0,0.35,0,0,0,0,0.7,13.9962,7.7338,15.2987,16.57,3116
"p330","ssp245","GFDL-ESM4","2075",0.13,0,0,40,100.78,4.6452,0.15,0,0.2,0,0.11,0,0,0,0,0,0,0,0,0,0.35,14.0905,9.2318,15.5345,15.5496,3117
"p330","ssp245","GFDL-ESM4","2075",0.18,0,0,39,89.67,4.5063,0.0833,0,1,0,0,0,0,0,0,0,0,0,0,0,0.1,13.217,5.0908,9.493,14.3188,3118
"p330","ssp245","GFDL-ESM4","2075",0.32,0.4,0,42,99.47,4.4309,0.1167,0,0.95,0.05,0.07,0,0,0,0,0,0,0,0,0,0.15,14.339,6.244,10.7118,15.0995,3119
"p330","ssp245","GFDL-ESM4","2075",0.17,0,0,47,99.08,5.1461,0.0833,0,1,0,0,0,0,0,0,0,0,0,0,0,0.6,15.5897,6.3752,13.1283,17.9109,3120
"p330","ssp245","GFDL-ESM4","2075",0.2,0.1,0,47,95.42,4.3152,0.1667,0,0.3,0,0.07,0,0,0,0,0.1,0,0,0,0,0.7,15.4624,7.3855,13.4188,16.9312,3121
"p330","ssp245","GFDL-ESM4","2075",0.15,0,0,28,92.63,4.5741,0.1667,0,0.1,0,0.06,0,0,0,0,0,0,0,0,0,0.35,12.6968,9.1474,16.1257,18.1633,3122
"p330","ssp245","GFDL-ESM4","2075",0.15,0.1,0,33,109.25,4.5936,0.25,0,0.35,0.05,0.06,0,0,0,0,0,0,0,0,0,0.05,13.8776,9.1951,10.2487,13.5218,3123
"p330","ssp245","GFDL-ESM4","2075",0.36,0,0,40,98.44,4.2115,0.05,0,0.7,0,0,0,0,0,0,0,0,0,0,0.15,0.15,13.8703,6.761,12.6148,17.5485,3124
"p330","ssp245","GFDL-ESM4","2075",0.16,0,0,35,104.37,4.8515,0.1333,0,0.55,0.05,0,0,0,0,0,0,0,0,0,0,0.15,14.5235,7.3247,10.749,14.6181,3125
"p330","ssp245","GFDL-ESM4","2075",0.15,0.3,0,47,106.17,4.6244,0.15,0,0.25,0,0.06,0,0,0,0,0,0,0,0,0,0.2,16.1393,7.0556,14.5498,15.7655,3126
"p330","ssp245","GFDL-ESM4","2075",0.32,0,0,37,88.47,4.7805,0.0833,0,0.7,0,0.11,0,0,0,0,0,0,0.05,0,0,0.45,13.1404,6.505,15.1895,17.6924,3127
"p330","ssp245","GFDL-ESM4","2075",0,0,0,36,104.6,4.6987,0.15,0,0,0,0.05,0,0,0,0,0.15,0,0,0,0,0.15,13.4437,9.3452,11.014,15.6311,3128
"p330","ssp245","GFDL-ESM4","2075",0.22,0,0,35,101.96,4.8172,0.0833,0,0.6,0,0,0,0,0,0,0,0,0,0,0,0.1,14.8246,7.2244,12.3527,14.0231,3129
"p330","ssp245","GFDL-ESM4","2075",0.32,0,0,30,106.31,4.7406,0.1167,0,1,0,0.12,0,0,0,0,0,0,0,0,0,0.3,13.3129,3.8598,13.5977,16.5524,3130
"p330","ssp245","GFDL-ESM4","2075",0.15,0,0.1,39,107.74,4.7628,0.0667,0,0.7,0,0,0,0,0,0,0,0,0,0,0,0.1,14.2938,5.2352,14.0885,12.6852,3131
"p330","ssp245","GFDL-ESM4","2075",0.41,0,0,55,92.76,4.8329,0.0833,0,0,0,0.12,0,0,0,0,0,0,0,0,0,0.3,15.4646,7.4867,9.3197,14.7185,3132
"p330","ssp245","GFDL-ESM4","2075",0.32,0,0,44,103.35,4.9531,0.1333,0,0.55,0,0,0,0,0,0,0.15,0,0,0,0,0.25,14.591,8.3228,16.0958,15.7796,3133
"p330","ssp245","GFDL-ESM4","2075",0.21,0,0,37,91.32,4.7502,0.15,0,0.4,0,0.12,0,0,0,0,0,0,0,0,0.15,0.45,13.8432,9.6644,13.9177,16.7894,3134
"p330","ssp245","GFDL-ESM4","2075",0.35,0,0,39,95.28,4.9144,0.15,0,0.4,0.05,0.06,0,0,0,0,0,0,0,0,0,0.55,14.5625,7.4978,10.3165,15.7694,3135
"p330","ssp245","GFDL-ESM4","2075",0.32,0.4,0,46,108.87,4.9794,0.1167,0,0.5,0,0.12,0,0,0,0,0,0,0,0,0,0,15.0682,7.3559,12.6853,11.4389,3136
"p330","ssp245","GFDL-ESM4","2075",0.25,0.25,0,35,90.23,4.5547,0.2667,0,0.45,0,0.07,0,0,0,0,0.35,0,0,0.05,0,0.3,13.9952,8.3698,14.7123,15.6104,3137
"p330","ssp245","GFDL-ESM4","2075",0.15,0,0,33,97.66,4.0364,0.0333,0,0.8,0,0.06,0,0,0,0,0.1,0,0,0,0,0.35,13.5624,5.0438,13.1743,17.3206,3138
"p330","ssp245","GFDL-ESM4","2075",0.27,0.1,0,38,94.74,4.4507,0.05,0,1,0,0.05,0,0,0,0,0,0,0,0,0,0.4,14.4498,2.747,15.9233,17.4512,3139
"p330","ssp245","GFDL-ESM4","2075",0.33,0,0,32,106.05,4.8621,0.1833,0,0.3,0,0.21,0,0,0,0,0,0,0,0,0,0.2,13.137,8.5457,16.1535,16.2238,3140
"p330","ssp245","GFDL-ESM4","2075",0.28,0.2,0,57,81.5,4.6238,0.1167,0,0.45,0,0.05,0,0,0,0,0,0,0,0,0.15,0.3,15.6857,7.5707,10.8752,16.5435,3141
"p330","ssp245","GFDL-ESM4","2075",0.16,0,0,31,93.54,4.751,0.1667,0,0.5,0,0,0,0,0,0,0,0,0.05,0,0,0.1,14.2207,7.3651,13.2487,15.3176,3142
"p330","ssp245","GFDL-ESM4","2075",0.16,0.1,0,33,103.29,4.4523,0.15,0,0.7,0,0,0,0,0,0,0,0,0,0,0,0.1,13.6723,6.6157,10.8917,15.4418,3143
"p330","ssp245","GFDL-ESM4","2075",0.29,0.35,0,55,99.68,4.8999,0.1,0,0.25,0.05,0.07,0,0,0,0,0.35,0,0,0,0,0.05,16.0777,8.0563,11.7478,13.4673,3144
"p330","ssp245","GFDL-ESM4","2075",0.15,0.25,0,28,106.73,4.6399,0.0833,0,1,0,0.06,0,0,0,0,0.2,0,0,0,0,0.2,12.5365,4.094,12.8515,13.4,3145
"p330","ssp245","GFDL-ESM4","2075",0.23,0,0,42,102.96,4.9669,0.1833,0,0.1,0,0.05,0,0,0,0,0,0,0,0,0,0.2,14.3401,8.3129,10.0795,14.6126,3146
"p330","ssp245","GFDL-ESM4","2075",0.38,0,0,46,91.72,4.8766,0.25,0,0.35,0,0.06,0,0,0,0,0.1,0,0,0,0,0.1,14.6524,9.7238,12.6725,14.9909,3147
"p330","ssp245","GFDL-ESM4","2075",0.19,0.15,0,43,105.51,5.0306,0.15,0,0,0,0.05,0,0,0,0,0,0,0,0.05,0,0.55,14.2311,8.3493,11.7833,16.5821,3148
"p330","ssp245","GFDL-ESM4","2075",0.15,0,0,31,110.63,4.8938,0.1333,0,0.2,0,0.17,0,0,0,0,0.1,0,0,0,0,0.1,14.4819,8.6651,13.554,15.1118,3149
"p330","ssp245","GFDL-ESM4","2075",0.11,0,0,33,95.48,4.6718,0.1333,0,1,0,0.17,0,0,0,0,0,0,0,0,0,0.5,14.1605,2.4495,12.0843,18.3705,3150
"p330","ssp245","GFDL-ESM4","2075",0.43,0,0,32,98.73,4.5015,0.0833,0,0.9,0,0.1,0.05,0,0,0,0.1,0,0.05,0,0,0.3,13.6284,4.538,14.5307,16.6882,3151
"p330","ssp245","GFDL-ESM4","2075",0.12,0,0,27,95.99,4.4979,0.0667,0,0.95,0,0.05,0,0,0,0,0.2,0,0,0,0,0.05,13.0584,5.3607,12.8365,13.4656,3152
"p330","ssp245","GFDL-ESM4","2075",0.11,0,0,47,101.02,4.1081,0.1833,0,1,0,0.17,0,0,0,0,0.3,0,0,0,0.15,0.1,14.7259,5.1072,15.5413,16.2482,3153
"p330","ssp245","GFDL-ESM4","2075",0.29,0.15,0,32,100.77,4.3652,0.0167,0,1,0,0.06,0,0,0,0,0,0,0,0,0,0.2,13.2874,3.3915,11.1833,16.7817,3154
"p330","ssp245","GFDL-ESM4","2075",0.37,0.1,0,38,99.64,4.6607,0.1167,0,0.6,0,0.1,0,0,0,0,0,0,0,0,0,0.35,14.9837,9.0002,14.1022,15.0979,3155
"p330","ssp245","GFDL-ESM4","2075",0.22,0,0,46,96.54,4.7863,0.1667,0,0.35,0,0.07,0,0,0,0,0,0,0.15,0.05,0,0.15,15.0762,7.5695,12.3475,17.5858,3156
"p330","ssp245","GFDL-ESM4","2075",0.07,0,0,38,99.45,4.7183,0.2,0,0,0,0.06,0,0,0,0,0,0,0,0,0,0.3,14.1999,10.832,9.9917,15.5407,3157
"p330","ssp245","GFDL-ESM4","2075",0.33,0,0,21,108.67,4.9692,0.1167,0,0.45,0,0.07,0,0,0,0,0,0,0,0.05,0,0.55,12.3823,7.8326,17.5295,15.7324,3158
"p330","ssp245","GFDL-ESM4","2075",0.12,0.15,0,33,100.24,4.5934,0.0667,0,0.4,0,0.08,0,0,0,0,0,0,0,0,0,0.4,14.6373,6.4526,12.5063,16.7439,3159
"p330","ssp245","GFDL-ESM4","2075",0.37,0.35,0,51,105.98,4.6027,0.1,0,0.95,0,0.1,0,0,0,0,0,0,0,0,0.15,0.55,14.6376,5.3412,12.6427,17.0224,3160
"p330","ssp245","GFDL-ESM4","2075",0.37,0.25,0,41,89.57,5.121,0.1167,0,0.45,0.05,0.14,0,0,0,0,0,0,0,0,0,0.15,15.4022,7.1932,12.159,14.7424,3161
"p330","ssp245","GFDL-ESM4","2075",0.28,0.15,0,32,104.48,5.0113,0.25,0,0.05,0.1,0.09,0,0,0,0,0,0,0,0,0,0,13.3729,9.7162,12.735,12.4092,3162
"p330","ssp245","GFDL-ESM4","2075",0.28,0,0,15,97.31,4.859,0.05,0,0.65,0,0.05,0,0,0,0,0.1,0,0,0,0,0.3,10.7099,6.4458,14.2648,16.5132,3163
"p330","ssp245","GFDL-ESM4","2075",0.36,0,0,21,102.87,4.9139,0.0833,0,0.05,0,0.06,0,0,0,0,0,0,0,0,0,0.25,11.8705,8.9446,12.4783,16.808,3164
"p330","ssp245","GFDL-ESM4","2075",0.1,0,0,38,109.74,4.4483,0.1333,0,0.25,0,0,0,0,0,0,0,0,0.15,0,0,0.3,13.854,7.6914,11.4572,20.3694,3165
"p330","ssp245","GFDL-ESM4","2075",0.15,0,0.15,34,108.04,4.9297,0.0833,0,0.55,0,0,0,0,0,0,0.3,0,0,0,0,0.15,13.6643,6.7923,15.5122,18.1688,3166
"p330","ssp245","GFDL-ESM4","2075",0.34,0.1,0,37,97.67,4.4083,0.1,0,0.2,0,0.13,0,0,0,0,0,0,0,0.05,0,0.15,14.0555,7.5208,12.6392,16.8297,3167
"p330","ssp245","GFDL-ESM4","2075",0.14,0.15,0.2,39,102.96,4.8187,0.0833,0,0.8,0,0.11,0,0,0,0,0,0,0,0.05,0,0.3,15.0047,6.6165,10.4517,17.3414,3168
"p330","ssp245","GFDL-ESM4","2075",0.27,0.1,0,43,101.39,4.5177,0.15,0,0.25,0,0.07,0.05,0,0,0,0,0,0,0,0,0.3,14.109,8.9048,12.764,18.1994,3169
"p330","ssp245","GFDL-ESM4","2075",0.45,0.15,0,57,99.49,4.7181,0.2,0,0.7,0,0.14,0,0,0,0,0,0,0,0,0,0.1,15.9432,7.8655,13.2913,15.8574,3170
"p330","ssp245","GFDL-ESM4","2075",0.18,0,0.1,29,90.25,4.5628,0.1833,0,1,0,0.1,0,0,0,0,0,0,0,0,0,0.4,13.7088,6.233,11.9587,14.9473,3171
"p330","ssp245","GFDL-ESM4","2075",0.23,0,0,44,109.6,4.3271,0.1333,0,0.15,0,0,0,0,0,0,0,0,0,0.05,0,0.4,14.2808,8.3519,10.8372,17.1308,3172
"p330","ssp245","GFDL-ESM4","2075",0.11,0,0.15,43,106.42,4.8128,0.05,0,0.95,0,0.13,0,0,0,0,0,0,0.05,0,0,0.7,15.1364,5.4337,14.7767,18.334,3173
"p330","ssp245","GFDL-ESM4","2075",0.33,0.3,0,47,103.86,4.6547,0.1833,0,0.25,0,0.12,0,0,0,0,0,0,0,0,0,0.15,15.6979,9.3198,13.7677,17.7806,3174
"p330","ssp245","GFDL-ESM4","2075",0.3,0,0,37,95.8,4.571,0.2,0,0.2,0,0.12,0,0,0,0,0.15,0,0,0,0,0.1,14.3525,8.7902,13.8413,14.3168,3175
"p330","ssp245","GFDL-ESM4","2075",0.12,0,0,24,106.89,5.1619,0.1333,0,0.15,0,0.05,0,0,0,0,0,0,0,0,0,0.15,13.7349,7.7908,14.1778,15.1056,3176
"p330","ssp245","GFDL-ESM4","2075",0.2,0,0,44,94.7,4.6766,0.1667,0,0.25,0,0.06,0,0,0,0,0.2,0,0,0,0,0.15,15.0289,7.7267,13.0127,15.0299,3177
"p330","ssp245","GFDL-ESM4","2075",0.43,0,0,44,94.77,4.6177,0.1333,0,0.4,0,0.1,0,0,0,0,0.15,0,0,0,0,0.45,14.8582,7.3892,13.0918,16.6886,3178
"p330","ssp245","GFDL-ESM4","2075",0.38,0,0,31,90.89,4.3736,0.15,0,0.45,0,0,0,0,0,0,0.15,0,0,0,0,0.5,12.6891,7.5594,12.3988,17.4212,3179
"p330","ssp245","GFDL-ESM4","2075",0.24,0,0,38,82.57,4.71,0.2667,0,0.05,0,0.17,0,0,0,0,0,0,0,0,0,0.45,14.8069,10.3975,12.412,15.3065,3180
"p330","ssp245","GFDL-ESM4","2075",0.22,0.1,0,53,104.48,4.4288,0.1667,0,0.1,0,0.05,0,0,0,0,0,0,0,0,0,0.4,15.5691,10.3167,13.0658,14.8387,3181
"p330","ssp245","GFDL-ESM4","2075",0.22,0.15,0,43,91.81,4.7605,0.0833,0,1,0,0.05,0,0,0,0,0.15,0,0.05,0,0,0.25,15.9404,5.1575,11.4798,17.8452,3182
"p330","ssp245","GFDL-ESM4","2075",0.18,0,0,30,109.22,4.8314,0.15,0,0.55,0.05,0.1,0,0,0,0,0.1,0,0.15,0.05,0,0.15,13.934,6.5837,11.878,16.4062,3183
"p330","ssp245","GFDL-ESM4","2075",0.29,0.2,0,21,96.46,5.0019,0.2167,0,0.3,0,0.05,0,0,0,0,0,0,0,0,0.15,0.35,12.4911,7.9199,10.2817,18.1397,3184
"p330","ssp245","GFDL-ESM4","2075",0.22,0.55,0,41,103.61,4.7122,0.1333,0,0.5,0,0.06,0,0,0,0,0,0,0,0,0,0.05,15.1414,6.3072,14.5007,15.7278,3185
"p330","ssp245","GFDL-ESM4","2075",0.22,0.15,0,39,93.9,4.5748,0.1333,0,0.8,0,0.14,0,0,0,0,0.1,0,0.05,0.05,0,0.05,14.9753,6.5958,13.3797,16.2598,3186
"p330","ssp245","GFDL-ESM4","2075",0.31,0,0,40,101.93,4.977,0.1333,0,0.65,0,0.09,0,0,0,0,0.1,0,0,0,0.15,0.6,14.1665,6.669,13.7677,16.9115,3187
"p330","ssp245","GFDL-ESM4","2075",0.32,0.25,0,47,107.73,4.7025,0.1667,0,0.2,0,0.1,0,0,0,0,0,0,0,0,0,0.25,15.6141,8.5868,13.285,16.2505,3188
"p330","ssp245","GFDL-ESM4","2075",0.2,0,0,28,105.22,5.1513,0.2333,0,0.35,0,0.11,0,0,0,0,0,0,0,0,0,0.2,13.8528,7.9825,12.1943,15.0306,3189
"p330","ssp245","GFDL-ESM4","2075",0.13,0,0,24,98.61,4.6744,0.05,0,1,0,0.06,0,0,0,0,0,0,0,0,0,0.1,12.6033,4.5789,12.477,14.7718,3190
"p330","ssp245","GFDL-ESM4","2075",0.21,0,0,42,103.27,4.7762,0.0833,0,0.7,0,0.06,0,0,0,0,0,0,0,0,0,0.2,14.7318,6.7959,13.3865,13.3242,3191
"p330","ssp245","GFDL-ESM4","2075",0.16,0,0,20,93.46,4.5901,0.1167,0,0.75,0,0.16,0,0,0,0,0,0,0,0,0,0.4,12.4908,6.8921,12.5083,16.5555,3192
"p330","ssp245","GFDL-ESM4","2075",0.06,0.15,0,32,96.51,5.1244,0.4167,0,0.35,0,0.1,0,0,0,0,0,0,0,0,0,0.2,12.8493,10.0263,11.5328,14.6579,3193
"p330","ssp245","GFDL-ESM4","2075",0.27,0,0,45,100.98,4.5997,0.1,0,0.1,0,0.09,0,0,0,0,0,0,0,0,0,0.1,15.1384,7.5062,11.5615,14.2642,3194
"p330","ssp245","GFDL-ESM4","2075",0,0.1,0,38,101.57,4.7826,0.2167,0,0.65,0,0.13,0,0,0,0,0,0,0,0,0.3,0.2,14.3823,8.9531,14.4388,16.5298,3195
"p330","ssp245","GFDL-ESM4","2075",0.32,0.15,0,54,108.15,4.7202,0.1,0,1,0,0.11,0,0,0,0,0,0,0,0,0,0.2,15.9312,5.266,15.3462,17.2709,3196
"p330","ssp245","GFDL-ESM4","2075",0.05,0,0,48,106.73,4.7254,0.2,0,0.7,0,0.08,0,0,0,0,0.1,0,0,0,0,0.1,14.9959,6.0935,15.95,14.8419,3197
"p330","ssp245","GFDL-ESM4","2075",0.2,0,0,40,106.64,4.7494,0.25,0,0.15,0,0.15,0,0,0,0,0,0,0,0,0,0,13.639,8.9113,13.632,12.917,3198
"p330","ssp245","GFDL-ESM4","2075",0.27,0,0.1,49,86.87,4.447,0.1,0,0.65,0,0,0,0,0,0,0,0,0,0,0,0.15,15.4349,8.1989,10.1293,16.457,3199
"p330","ssp245","GFDL-ESM4","2075",0.3,0.15,0,58,100.55,4.7099,0.05,0,0.35,0,0.1,0,0,0,0,0,0,0,0,0,0.35,16.1982,7.1218,12.3793,13.2173,3200
"p330","ssp245","INM-CM4-8","2075",0.16,0,0,45,99.09,4.8549,0.1333,0,0.85,0,0,0,0,0,0,0,0,0,0,0,0.2,15.3146,6.5206,10.2607,14.0759,3201
"p330","ssp245","INM-CM4-8","2075",0.05,0.3,0,46,104.48,5.1264,0.05,0,0.1,0,0.08,0,0,0,0,0,0,0,0,0,0.2,15.1584,7.5663,11.9492,15.3411,3202
"p330","ssp245","INM-CM4-8","2075",0.15,0,0,40,106.37,4.9175,0.1167,0,0.8,0,0.24,0,0,0,0,0,0,0,0,0,0.2,14.7749,6.5803,14.7462,15.055,3203
"p330","ssp245","INM-CM4-8","2075",0.31,0,0,44,104.51,4.8772,0.2167,0,0.1,0,0.08,0,0,0,0,0.2,0,0,0,0,0.15,13.717,8.4124,9.9877,14.4342,3204
"p330","ssp245","INM-CM4-8","2075",0.19,0,0,58,104.2,5.0272,0.1,0,0.35,0.05,0.05,0,0,0,0,0.1,0,0,0,0,0.15,15.3425,7.2208,13.3648,13.9785,3205
"p330","ssp245","INM-CM4-8","2075",0.28,0.1,0.1,46,112.62,5.1211,0.0833,0,0.65,0.1,0,0,0,0,0,0,0,0,0,0,0.35,14.2786,6.919,8.1477,13.8664,3206
"p330","ssp245","INM-CM4-8","2075",0.17,0.2,0,44,95.58,4.9228,0.0333,0,0.7,0,0.12,0,0,0,0,0,0,0,0,0,0.05,15.1757,6.3592,9.9647,12.0912,3207
"p330","ssp245","INM-CM4-8","2075",0.29,0.5,0,34,106.57,5.0728,0.0833,0,0.45,0,0.06,0,0,0,0,0,0,0.05,0.05,0,0.55,13.916,7.2797,11.1287,18.3608,3208
"p330","ssp245","INM-CM4-8","2075",0.41,0,0,59,90.95,4.3605,0.05,0,1,0,0.1,0,0,0,0,0,0,0,0.05,0,0.05,16.4533,4.863,13.3547,14.2622,3209
"p330","ssp245","INM-CM4-8","2075",0.29,0.35,0,56,98.6,5.1775,0.1833,0,1,0,0.16,0,0,0,0,0,0,0,0,0,0.1,15.8323,5.8543,12.9847,14.3145,3210
"p330","ssp245","INM-CM4-8","2075",0.13,0.15,0.15,60,93.88,4.9411,0.1,0,0.3,0,0.14,0,0,0,0,0,0,0,0,0,0.05,16.5384,8.2968,13.9705,14.7468,3211
"p330","ssp245","INM-CM4-8","2075",0.24,0,0,23,99.57,4.9058,0.05,0,0.7,0,0,0,0,0,0,0,0,0,0,0,0.05,12.6623,6.9205,11.4207,16.1821,3212
"p330","ssp245","INM-CM4-8","2075",0.24,0.3,0,54,99.76,5.0616,0.2667,0,0.2,0,0.1,0,0,0,0,0,0,0,0,0,0.15,16.0095,9.2494,14.179,13.4299,3213
"p330","ssp245","INM-CM4-8","2075",0.26,0,0,46,100.57,5.2967,0.2333,0,0.2,0,0.12,0,0,0,0,0.15,0,0,0,0,0.15,14.0388,9.1959,13.4055,14.4791,3214
"p330","ssp245","INM-CM4-8","2075",0.1,0.25,0,45,102.3,4.9686,0.1,0,0.35,0,0,0,0,0,0,0.15,0,0,0,0,0.35,14.6585,7.3077,12.899,17.6165,3215
"p330","ssp245","INM-CM4-8","2075",0.17,0,0,39,105.7,4.9102,0.0833,0,0.4,0,0.12,0,0,0,0,0.4,0,0,0,0,0.45,14.3068,6.9638,14.4322,15.6045,3216
"p330","ssp245","INM-CM4-8","2075",0.13,0,0,44,98.97,4.8657,0.15,0,0.25,0,0.11,0,0,0,0,0,0,0,0,0,0.3,14.3899,8.454,14.6677,14.6131,3217
"p330","ssp245","INM-CM4-8","2075",0.18,0.1,0,42,86.51,4.714,0.0167,0,1,0,0,0,0,0,0,0,0,0,0,0,0.1,13.5203,4.3152,8.627,13.3597,3218
"p330","ssp245","INM-CM4-8","2075",0.32,0.4,0,45,96.38,4.6188,0.0667,0,1,0.05,0,0,0,0,0,0,0,0,0,0,0.1,14.6456,5.4708,9.8468,14.1358,3219
"p330","ssp245","INM-CM4-8","2075",0.17,0.25,0,50,99.27,5.3823,0.05,0,1,0,0,0,0,0,0,0,0,0,0,0,0.5,15.8998,5.6052,12.2628,16.9468,3220
"p330","ssp245","INM-CM4-8","2075",0.2,0.1,0,52,95.28,4.5211,0.1167,0,0.35,0,0.05,0,0,0,0,0.1,0,0,0.05,0,0.45,15.7615,6.6078,12.5518,15.9953,3221
"p330","ssp245","INM-CM4-8","2075",0.16,0,0,31,93.19,4.7793,0.1167,0,0.1,0,0.06,0,0,0,0,0,0,0,0,0,0.1,12.9995,8.3718,15.2593,17.2053,3222
"p330","ssp245","INM-CM4-8","2075",0.16,0.35,0,39,106.83,4.807,0.15,0,0.45,0.05,0.06,0,0,0,0,0,0,0,0,0,0.05,14.1834,8.422,9.3842,12.5586,3223
"p330","ssp245","INM-CM4-8","2075",0.49,0,0,44,96.46,4.3917,0.0167,0,0.8,0,0,0,0,0,0,0,0,0,0,0.15,0.1,14.1798,5.9908,11.7485,16.5855,3224
"p330","ssp245","INM-CM4-8","2075",0.16,0.15,0,36,103.57,5.0682,0.0667,0,0.6,0.05,0,0,0,0,0,0,0,0,0,0,0.05,14.8223,6.5463,9.8802,13.6843,3225
"p330","ssp245","INM-CM4-8","2075",0.25,0.3,0,49,104.02,4.8327,0.1,0,0.4,0,0.06,0,0,0,0,0,0,0,0,0,0.2,16.4412,6.2792,13.683,14.8088,3226
"p330","ssp245","INM-CM4-8","2075",0.32,0,0,40,88.9,4.9801,0.0667,0,1,0,0.06,0,0,0,0,0,0,0.05,0,0,0.35,13.446,5.7304,14.3242,16.7298,3227
"p330","ssp245","INM-CM4-8","2075",0,0,0,39,103.16,4.9232,0.1333,0,0.2,0,0.05,0,0,0,0,0.15,0,0,0,0,0.15,13.7516,8.5744,10.1478,14.6697,3228
"p330","ssp245","INM-CM4-8","2075",0.22,0.15,0,39,101.59,5.0183,0.0667,0,0.65,0,0,0,0,0,0,0,0,0,0,0,0.05,15.1228,6.4453,11.4848,13.0907,3229
"p330","ssp245","INM-CM4-8","2075",0.32,0,0,34,105.02,4.9499,0.05,0,1,0,0.12,0,0,0,0,0,0,0,0,0,0.15,13.6141,3.0827,12.7305,15.5967,3230
"p330","ssp245","INM-CM4-8","2075",0.15,0,0.1,42,106.77,4.9629,0.0667,0,0.85,0,0,0,0,0,0,0,0,0,0,0,0,14.5985,4.461,13.2227,11.7236,3231
"p330","ssp245","INM-CM4-8","2075",0.41,0,0,56,92.29,5.0531,0.05,0,0.3,0,0.11,0,0,0,0,0,0,0,0,0,0.1,15.7718,6.7156,8.4527,13.7574,3232
"p330","ssp245","INM-CM4-8","2075",0.32,0,0,49,102.75,5.1942,0.1,0,0.75,0,0,0,0,0,0,0.15,0,0,0,0,0.2,14.8883,7.5437,15.2275,14.8472,3233
"p330","ssp245","INM-CM4-8","2075",0.22,0,0,42,91.97,4.951,0.1333,0,0.5,0,0.12,0,0,0,0,0.2,0,0,0.05,0,0.35,14.1432,8.8878,13.05,15.8339,3234
"p330","ssp245","INM-CM4-8","2075",0.43,0,0,44,95.45,5.1374,0.1,0,0.55,0.05,0,0,0,0,0,0,0,0,0,0,0.55,14.8663,6.7231,9.4507,14.8092,3235
"p330","ssp245","INM-CM4-8","2075",0.32,0.55,0,49,107.09,5.2014,0.0833,0,0.65,0,0.12,0,0,0,0,0,0,0,0,0,0,15.3755,6.584,11.8182,10.4792,3236
"p330","ssp245","INM-CM4-8","2075",0.25,0.25,0,40,89.35,4.7646,0.1667,0,0.65,0,0.07,0,0,0,0,0.45,0,0,0.05,0,0.25,14.2921,7.5905,13.844,14.681,3237
"p330","ssp245","INM-CM4-8","2075",0.15,0.15,0,35,95.79,4.2065,0.0167,0,1,0,0.06,0,0,0,0,0,0,0,0,0,0.25,13.8624,4.2662,12.3067,16.3662,3238
"p330","ssp245","INM-CM4-8","2075",0.27,0.15,0,43,92.38,4.6513,0.0167,0,1,0.05,0.05,0,0,0,0,0.1,0,0,0,0,0.25,14.7531,1.9718,15.0563,16.4912,3239
"p330","ssp245","INM-CM4-8","2075",0.33,0,0,41,104.75,5.0697,0.1,0,0.4,0,0.2,0,0,0,0,0.1,0,0,0,0,0.2,13.444,7.7739,15.286,15.2644,3240
"p330","ssp245","INM-CM4-8","2075",0.29,0.2,0,58,78.74,4.8171,0.1167,0,0.75,0,0.05,0,0,0,0,0,0,0,0,0.15,0.2,15.9816,6.7903,10.006,15.6138,3241
"p330","ssp245","INM-CM4-8","2075",0.16,0,0,33,92.9,4.9619,0.15,0,0.7,0,0,0,0,0,0,0,0,0.05,0,0,0.25,14.52,6.5868,12.3807,14.3658,3242
"p330","ssp245","INM-CM4-8","2075",0.16,0.15,0,35,102.77,4.6423,0.1,0,0.85,0,0,0,0,0,0,0,0,0,0,0,0,13.9751,5.8394,10.0247,14.4845,3243
"p330","ssp245","INM-CM4-8","2075",0.29,0.35,0,55,99.75,5.1189,0.0833,0,0.35,0.05,0.07,0,0,0,0,0,0,0,0,0,0,16.3829,7.2837,10.8812,12.5091,3244
"p330","ssp245","INM-CM4-8","2075",0.15,0.5,0,32,105.57,4.8521,0.0333,0,1,0,0.06,0,0,0,0,0.2,0,0,0,0,0.2,12.8319,3.314,11.9827,12.4718,3245
"p330","ssp245","INM-CM4-8","2075",0.23,0.1,0,45,99.96,5.1832,0.1,0,0.15,0,0.05,0,0,0,0,0,0,0,0,0,0.05,14.6389,7.5357,9.2118,13.6618,3246
"p330","ssp245","INM-CM4-8","2075",0.37,0,0,54,88.74,5.0988,0.25,0,0.4,0,0.06,0,0,0,0,0.15,0,0,0,0,0.05,14.954,8.9482,11.8057,14.0336,3247
"p330","ssp245","INM-CM4-8","2075",0.19,0.15,0,44,105.7,5.2515,0.1,0,0,0,0.05,0,0,0,0,0,0,0,0.05,0,0.4,14.5364,7.5768,10.9157,15.6244,3248
"p330","ssp245","INM-CM4-8","2075",0.15,0,0,37,107.92,5.1223,0.0833,0,0.2,0,0.17,0,0,0,0,0.1,0,0,0,0,0.1,14.7767,7.885,12.6842,14.1843,3249
"p330","ssp245","INM-CM4-8","2075",0.11,0,0,36,92.28,4.8848,0.1167,0,1,0,0.17,0,0,0,0,0,0,0,0.05,0,0.55,14.458,1.6703,11.2163,17.4202,3250
"p330","ssp245","INM-CM4-8","2075",0.44,0,0,39,97.17,4.7011,0.0167,0,1,0,0.05,0,0,0,0,0.1,0,0,0,0,0.15,13.93,3.7614,13.6643,15.7332,3251
"p330","ssp245","INM-CM4-8","2075",0.12,0,0,31,93.85,4.6915,0.0167,0,1,0,0.05,0,0,0,0,0,0,0,0,0,0.05,13.3629,4.5878,11.9692,12.5103,3252
"p330","ssp245","INM-CM4-8","2075",0.11,0,0,48,99.37,4.3056,0.1167,0,1,0,0.14,0,0,0,0,0.35,0,0,0,0,0.1,15.0204,4.326,14.6725,15.3228,3253
"p330","ssp245","INM-CM4-8","2075",0.29,0.15,0,33,100.21,4.5687,0,0,1,0,0.06,0,0,0,0,0,0,0,0,0,0.15,13.5843,2.6127,10.314,15.8335,3254
"p330","ssp245","INM-CM4-8","2075",0.39,0.1,0,42,98.21,4.8697,0.0833,0,0.85,0,0.1,0,0,0,0,0,0,0,0,0.15,0.3,15.2842,8.2232,13.2348,14.1427,3255
"p330","ssp245","INM-CM4-8","2075",0.18,0,0,50,95.01,5.0186,0.15,0,0.45,0,0.07,0,0,0,0,0,0,0.05,0,0,0.15,15.3797,6.7953,11.4783,16.6309,3256
"p330","ssp245","INM-CM4-8","2075",0.12,0,0,39,98.5,4.9186,0.1667,0,0.05,0,0.06,0,0,0,0,0,0,0,0,0,0.3,14.4932,10.0502,9.1218,14.6157,3257
"p330","ssp245","INM-CM4-8","2075",0.33,0,0,25,108.61,5.181,0.0833,0,0.6,0,0.07,0,0,0,0,0,0,0,0,0,0.55,12.6787,7.0527,16.6605,14.7848,3258
"p330","ssp245","INM-CM4-8","2075",0.12,0.15,0,40,99.14,4.8158,0.0667,0,0.45,0,0.08,0,0,0,0,0,0,0,0,0,0.3,14.9371,5.6754,11.6392,15.79,3259
"p330","ssp245","INM-CM4-8","2075",0.37,0.35,0,52,103.43,4.8307,0.0833,0,1,0,0.1,0,0,0,0,0,0,0,0,0,0.35,14.9404,4.5667,11.7743,16.068,3260
"p330","ssp245","INM-CM4-8","2075",0.37,0.25,0,44,89.12,5.3448,0.0833,0,0.6,0.05,0.14,0,0,0,0,0,0,0,0,0,0.2,15.6946,6.4115,11.289,13.819,3261
"p330","ssp245","INM-CM4-8","2075",0.29,0.2,0,35,104.66,5.2017,0.2167,0,0.05,0.15,0.08,0,0,0,0,0.1,0,0,0,0,0,13.6689,8.9362,11.8667,11.4633,3262
"p330","ssp245","INM-CM4-8","2075",0.33,0,0,18,95.67,5.0766,0.05,0,0.85,0,0.05,0,0,0,0,0.1,0,0,0,0,0.3,11.009,5.6681,13.3968,15.5611,3263
"p330","ssp245","INM-CM4-8","2075",0.34,0,0,23,100.6,5.1232,0.0833,0,0.1,0,0.06,0,0,0,0,0,0,0,0,0,0.1,12.1731,8.1688,11.6107,15.8548,3264
"p330","ssp245","INM-CM4-8","2075",0.1,0,0,39,108.51,4.6533,0.1167,0,0.35,0,0,0,0,0,0,0,0,0.15,0,0,0.25,14.1463,6.9093,10.5878,19.4472,3265
"p330","ssp245","INM-CM4-8","2075",0.15,0,0.15,37,105.43,5.1597,0.0667,0,0.7,0,0,0,0,0,0,0.35,0,0,0,0,0.15,13.9593,6.0119,14.6433,17.2233,3266
"p330","ssp245","INM-CM4-8","2075",0.35,0.15,0,38,94.77,4.6251,0.05,0,0.4,0,0.13,0,0,0,0,0,0,0,0,0,0.1,14.3549,6.7425,11.7718,15.8785,3267
"p330","ssp245","INM-CM4-8","2075",0.14,0.2,0,40,101.14,5.0538,0.0833,0,1,0,0,0,0,0,0,0,0,0,0,0,0.1,15.3067,5.8414,9.5823,16.3902,3268
"p330","ssp245","INM-CM4-8","2075",0.29,0.1,0,45,100.56,4.7477,0.1,0,0.25,0.05,0.07,0,0,0,0,0,0,0,0,0,0.3,14.3998,8.122,11.8923,17.2782,3269
"p330","ssp245","INM-CM4-8","2075",0.45,0.15,0,56,99.92,4.9112,0.2,0,0.85,0,0.08,0,0,0,0,0,0,0,0,0,0.05,16.238,7.0846,12.4223,14.9124,3270
"p330","ssp245","INM-CM4-8","2075",0.21,0,0,38,89.69,4.7645,0.15,0,1,0,0.1,0,0,0,0,0,0,0,0,0,0.25,14.0064,5.4542,11.092,13.9962,3271
"p330","ssp245","INM-CM4-8","2075",0.23,0,0,46,107.98,4.5159,0.1167,0,0.35,0,0,0,0,0,0,0,0,0,0.05,0,0.3,14.5824,7.5769,9.9675,16.1802,3272
"p330","ssp245","INM-CM4-8","2075",0.11,0,0.15,47,103.85,5.045,0.0167,0,1,0,0.13,0,0,0,0,0.2,0,0.05,0,0.15,0.4,15.4266,4.6511,13.9067,17.4132,3273
"p330","ssp245","INM-CM4-8","2075",0.33,0.75,0,49,101.51,4.8528,0.1667,0,0.35,0,0.12,0,0,0,0,0,0,0,0,0,0.05,15.9918,8.5385,12.8983,16.8365,3274
"p330","ssp245","INM-CM4-8","2075",0.29,0.15,0,39,97.59,4.7926,0.15,0,0.2,0,0.12,0,0,0,0,0.15,0,0,0,0,0.1,14.6505,8.0109,12.9727,13.3683,3275
"p330","ssp245","INM-CM4-8","2075",0.12,0,0,27,103.69,5.3872,0.1,0,0.4,0,0,0,0,0,0,0,0,0,0,0,0.05,14.0352,7.0147,13.308,14.1564,3276
"p330","ssp245","INM-CM4-8","2075",0.2,0,0,49,93.74,4.8966,0.1667,0,0.55,0,0.06,0,0,0,0,0,0,0,0.05,0,0.15,15.3186,6.9431,12.1427,14.1122,3277
"p330","ssp245","INM-CM4-8","2075",0.43,0.1,0,46,93.14,4.8317,0.0167,0,0.5,0,0.1,0,0,0,0,0.15,0,0,0.05,0,0.35,15.1508,6.6077,12.2215,15.7465,3278
"p330","ssp245","INM-CM4-8","2075",0.38,0,0,33,90.16,4.55,0.0833,0,0.55,0.05,0,0,0,0,0,0.15,0,0,0,0,0.4,12.9857,6.7805,11.531,16.4729,3279
"p330","ssp245","INM-CM4-8","2075",0.24,0,0,40,85.65,4.9193,0.25,0,0.1,0,0.17,0,0,0,0,0,0,0,0,0,0.35,15.107,9.6202,11.5447,14.3536,3280
"p330","ssp245","INM-CM4-8","2075",0.22,0.1,0,54,102.44,4.6414,0.1333,0,0.3,0,0.05,0,0,0,0,0,0,0,0,0,0.4,15.859,9.5318,12.1967,13.9216,3281
"p330","ssp245","INM-CM4-8","2075",0.3,0.15,0,46,91.78,4.9828,0.0667,0,1,0,0,0,0,0,0,0.1,0,0.05,0,0,0.2,16.2332,4.3745,10.6125,16.8989,3282
"p330","ssp245","INM-CM4-8","2075",0.25,0,0,33,106.95,5.0636,0.0833,0,0.7,0.05,0.05,0,0,0,0,0,0,0.1,0.05,0,0.15,14.2302,5.8028,11.0105,15.4535,3283
"p330","ssp245","INM-CM4-8","2075",0.29,0.2,0,22,96.58,5.2326,0.15,0,0.5,0,0.05,0,0,0,0,0,0,0,0,0,0.25,12.7909,7.1416,9.4138,17.1876,3284
"p330","ssp245","INM-CM4-8","2075",0.24,0.7,0,43,101.66,4.9242,0.0833,0,0.7,0,0.06,0,0,0,0,0,0,0,0,0,0.05,15.4302,5.5213,13.6317,14.8113,3285
"p330","ssp245","INM-CM4-8","2075",0.23,0.15,0,44,91.56,4.7942,0.0833,0,0.8,0,0.14,0,0,0,0,0,0,0,0.05,0,0.05,15.2677,5.812,12.5112,15.3144,3286
"p330","ssp245","INM-CM4-8","2075",0.39,0,0,40,102.34,5.2046,0.1,0,0.75,0,0.09,0,0,0,0,0.1,0,0,0,0,0.6,14.4622,5.8868,12.9012,15.9595,3287
"p330","ssp245","INM-CM4-8","2075",0.33,0.4,0,49,105.5,4.914,0.1333,0,0.2,0,0.1,0,0,0,0,0,0,0,0,0,0.15,15.9131,7.809,12.4167,15.2994,3288
"p330","ssp245","INM-CM4-8","2075",0.32,0,0,33,102.87,5.3821,0.1333,0,0.45,0,0.1,0,0,0,0,0,0,0,0,0,0.05,14.1407,7.1968,11.3242,14.1163,3289
"p330","ssp245","INM-CM4-8","2075",0.21,0,0,28,96.94,4.9005,0.0333,0,1,0,0.06,0,0,0,0,0,0,0,0,0,0.1,12.8949,3.7952,11.6087,13.8276,3290
"p330","ssp245","INM-CM4-8","2075",0.22,0,0,46,101.19,4.9823,0.0667,0,1,0,0.06,0,0,0,0,0,0,0,0,0,0.15,15.0268,6.0138,12.5202,12.3744,3291
"p330","ssp245","INM-CM4-8","2075",0.16,0,0,24,92.93,4.8117,0.0833,0,0.75,0,0.09,0,0,0,0,0,0,0,0,0,0.25,12.7891,6.1133,11.6402,15.605,3292
"p330","ssp245","INM-CM4-8","2075",0.06,0.15,0,33,94.84,5.3414,0.3167,0,0.45,0,0.1,0,0,0,0,0,0,0,0,0,0,13.1369,9.2402,10.6635,13.7441,3293
"p330","ssp245","INM-CM4-8","2075",0.27,0.25,0,47,98.29,4.8058,0.0833,0,0.1,0,0.09,0,0,0,0,0,0,0,0,0,0.1,15.4291,6.7228,10.6935,13.3206,3294
"p330","ssp245","INM-CM4-8","2075",0,0.1,0,41,101.58,4.9975,0.1833,0,0.7,0,0.13,0,0,0,0,0,0,0,0,0.15,0.1,14.6762,8.1706,13.5718,15.5802,3295
"p330","ssp245","INM-CM4-8","2075",0.32,0.15,0,57,107.01,4.9321,0.0333,0,1,0,0.11,0,0,0,0,0,0,0,0,0,0.15,16.2295,4.4868,14.4778,16.3226,3296
"p330","ssp245","INM-CM4-8","2075",0.13,0,0,48,103.29,4.9458,0.1333,0,1,0,0.08,0,0,0,0,0.1,0,0,0,0,0.05,15.283,5.3067,15.0792,13.9282,3297
"p330","ssp245","INM-CM4-8","2075",0.19,0,0,41,104.36,4.9711,0.1833,0,0.15,0,0.15,0,0,0,0,0,0,0,0,0,0,13.9291,8.1266,12.7637,11.9744,3298
"p330","ssp245","INM-CM4-8","2075",0.27,0,0,54,86,4.6466,0.0667,0,0.7,0,0,0,0,0,0,0,0,0,0,0,0.1,15.7282,7.416,9.262,15.5098,3299
"p330","ssp245","INM-CM4-8","2075",0.3,0.25,0,61,98.9,4.9403,0.0333,0,0.55,0,0.05,0,0,0,0,0,0,0,0,0,0.3,16.4954,6.3418,11.5113,12.2682,3300
"p330","ssp245","INM-CM5-0","2075",0.16,0.1,0,46,102.47,4.2798,0.1167,0,0.65,0,0,0,0,0,0,0,0,0,0,0,0.25,15.0848,7.0772,10.4453,14.61,3301
"p330","ssp245","INM-CM5-0","2075",0.05,0.3,0,45,104.19,4.4875,0.05,0,0.05,0,0.13,0,0,0,0,0,0,0,0,0,0.2,14.9299,8.1291,12.1273,15.8791,3302
"p330","ssp245","INM-CM5-0","2075",0.15,0,0,38,108.59,4.3932,0.15,0,0.65,0,0.26,0,0,0,0,0,0,0,0,0,0.2,14.5471,7.1489,14.9193,15.5929,3303
"p330","ssp245","INM-CM5-0","2075",0.31,0,0,36,104.63,4.3671,0.2167,0,0.1,0,0.08,0,0,0,0,0.2,0,0,0,0,0.15,13.4903,8.9883,10.1517,14.9723,3304
"p330","ssp245","INM-CM5-0","2075",0.19,0,0,52,105.14,4.467,0.1333,0,0.15,0.05,0.09,0,0,0,0,0,0,0,0,0,0.25,15.1129,7.7762,13.55,14.5135,3305
"p330","ssp245","INM-CM5-0","2075",0.28,0.1,0.1,43,111.7,4.5279,0.0833,0,0.65,0.1,0,0,0,0,0,0,0,0,0,0,0.3,14.0497,7.4803,8.3277,14.4039,3306
"p330","ssp245","INM-CM5-0","2075",0.22,0.2,0,40,101.3,4.4296,0.05,0,0.6,0,0.12,0,0,0,0,0,0,0,0,0,0.05,14.9476,6.9266,10.139,12.63,3307
"p330","ssp245","INM-CM5-0","2075",0.34,0.5,0,33,107.88,4.4983,0.1167,0,0.45,0,0.06,0,0,0,0,0,0,0.05,0.05,0,0.5,13.6885,7.8539,11.2932,18.8997,3308
"p330","ssp245","INM-CM5-0","2075",0.41,0,0,53,98.77,3.8593,0.05,0,0.85,0,0.1,0,0,0,0,0,0,0,0.05,0,0.05,16.2237,5.4171,13.5418,14.7965,3309
"p330","ssp245","INM-CM5-0","2075",0.3,0.35,0,56,103.23,4.6676,0.2,0,0.9,0,0.16,0,0,0,0,0,0,0,0,0,0.1,15.6034,6.4149,13.1663,14.8517,3310
"p330","ssp245","INM-CM5-0","2075",0.13,0.15,0.15,57,98.37,4.3474,0.1,0,0.1,0,0.14,0,0,0,0,0,0,0,0,0,0.05,16.3099,8.8629,14.146,15.2859,3311
"p330","ssp245","INM-CM5-0","2075",0.24,0,0,23,100.46,4.3485,0.0333,0,0.65,0,0,0,0,0,0,0,0,0,0,0,0.1,12.4349,7.4942,11.5865,16.7202,3312
"p330","ssp245","INM-CM5-0","2075",0.24,0.3,0,51,100,4.4294,0.2667,0,0.2,0,0.1,0,0,0,0,0,0,0,0,0,0.15,15.7795,9.8018,14.3655,13.9632,3313
"p330","ssp245","INM-CM5-0","2075",0.26,0,0,45,102.25,4.7126,0.2667,0,0.2,0,0.12,0,0,0,0,0.15,0,0,0,0.15,0.15,13.8095,9.7553,13.5883,15.0161,3314
"p330","ssp245","INM-CM5-0","2075",0.1,0.25,0,43,104.49,4.3959,0.1333,0,0.35,0,0.05,0,0,0,0,0.15,0,0.05,0,0,0.3,14.4303,7.873,13.0757,18.155,3315
"p330","ssp245","INM-CM5-0","2075",0.17,0,0,38,108.07,4.3511,0.0833,0,0.25,0,0.12,0,0,0,0,0.25,0,0,0,0.15,0.7,14.0786,7.5364,14.5997,16.1426,3316
"p330","ssp245","INM-CM5-0","2075",0.13,0,0,43,102.42,4.2679,0.15,0,0.2,0,0.11,0,0,0,0,0,0,0,0,0,0.35,14.1601,9.0053,14.8558,15.1472,3317
"p330","ssp245","INM-CM5-0","2075",0.18,0.1,0,39,93.91,4.1763,0.0333,0,0.9,0.05,0,0,0,0,0,0,0,0,0,0,0.1,13.2913,4.8733,8.8098,13.8965,3318
"p330","ssp245","INM-CM5-0","2075",0.32,0.4,0,41,103.69,4.1741,0.0667,0,0.9,0.05,0.07,0,0,0,0,0,0,0,0,0,0.1,14.4174,6.0346,10.0238,14.6736,3319
"p330","ssp245","INM-CM5-0","2075",0.17,0.15,0,48,100.31,4.6946,0.05,0,0.95,0,0,0,0,0,0,0,0,0,0,0,0.55,15.6714,6.1763,12.4302,17.4845,3320
"p330","ssp245","INM-CM5-0","2075",0.2,0.1,0,51,98.66,4.0097,0.0833,0,0.4,0,0.07,0,0,0,0,0.1,0,0,0.05,0,0.7,15.5312,7.1579,12.742,16.529,3321
"p330","ssp245","INM-CM5-0","2075",0.16,0,0,31,94.29,4.2451,0.1167,0,0.1,0,0.06,0,0,0,0,0,0,0,0,0,0.2,12.7693,8.9278,15.4442,17.7423,3322
"p330","ssp245","INM-CM5-0","2075",0.16,0.35,0,36,108.87,4.2583,0.15,0,0.35,0.05,0.06,0,0,0,0,0,0,0,0,0,0.05,13.9542,8.9843,9.5618,13.0967,3323
"p330","ssp245","INM-CM5-0","2075",0.49,0,0,41,102.39,3.8909,0.05,0,0.7,0,0,0,0,0,0,0,0,0,0,0.15,0.15,13.9513,6.5602,11.9177,17.1235,3324
"p330","ssp245","INM-CM5-0","2075",0.16,0.15,0,35,107.11,4.5212,0.0833,0,0.6,0.05,0,0,0,0,0,0,0,0,0,0,0.1,14.5913,7.0952,10.0717,14.2176,3325
"p330","ssp245","INM-CM5-0","2075",0.25,0.3,0,43,106.77,4.32,0.1,0,0.15,0,0.06,0,0,0,0,0,0,0,0,0,0.2,16.2114,6.8341,13.8685,15.3462,3326
"p330","ssp245","INM-CM5-0","2075",0.32,0,0,40,94.24,4.3854,0.1,0,0.7,0,0.11,0,0,0,0,0,0,0.05,0,0,0.4,13.2168,6.2918,14.5037,17.2668,3327
"p330","ssp245","INM-CM5-0","2075",0,0,0,40,109.09,4.3411,0.0833,0,0,0,0.05,0,0,0,0,0.15,0,0,0,0,0.15,13.5241,9.1427,10.3175,15.2074,3328
"p330","ssp245","INM-CM5-0","2075",0.22,0.15,0,34,104.08,4.5422,0.0833,0,0.55,0,0,0,0,0,0,0,0,0,0,0,0.1,14.8918,6.9929,11.6775,13.6232,3329
"p330","ssp245","INM-CM5-0","2075",0.32,0,0,33,105.69,4.2834,0.05,0,1,0,0.12,0,0,0,0,0,0,0,0,0,0.3,13.3838,3.6368,12.917,16.1332,3330
"p330","ssp245","INM-CM5-0","2075",0.15,0,0.1,41,110.05,4.4084,0.1,0,0.7,0,0.05,0,0,0,0,0,0,0,0,0.15,0.1,14.3693,5.0204,13.403,12.2621,3331
"p330","ssp245","INM-CM5-0","2075",0.42,0,0,54,95.91,4.4926,0.0833,0,0.25,0,0.12,0,0,0,0,0,0,0,0,0,0.3,15.5442,7.2824,8.624,14.2947,3332
"p330","ssp245","INM-CM5-0","2075",0.32,0,0,47,107,4.6166,0.15,0,0.4,0,0,0,0,0,0,0.15,0,0,0,0,0.2,14.6577,8.0903,15.4207,15.3809,3333
"p330","ssp245","INM-CM5-0","2075",0.22,0,0,40,91.44,4.3867,0.1333,0,0.55,0,0.12,0,0,0,0,0,0,0,0.05,0.15,0.4,13.914,9.4408,13.2377,16.3723,3334
"p330","ssp245","INM-CM5-0","2075",0.43,0,0,44,98.09,4.5639,0.1167,0,0.45,0.05,0.06,0,0,0,0,0,0,0,0,0,0.55,14.637,7.2818,9.6325,15.3467,3335
"p330","ssp245","INM-CM5-0","2075",0.37,0.55,0,47,112.15,4.5787,0.1167,0,0.5,0,0.12,0,0,0,0,0,0,0,0,0,0,15.1473,7.1498,11.9907,11.0168,3336
"p330","ssp245","INM-CM5-0","2075",0.25,0.25,0,38,92.72,4.2106,0.2,0,0.3,0,0.07,0,0,0,0,0.3,0,0,0.05,0,0.3,14.0608,8.1354,14.0382,15.2144,3337
"p330","ssp245","INM-CM5-0","2075",0.15,0.15,0,32,102.57,3.7419,0.0167,0,0.95,0,0.06,0,0,0,0,0,0,0,0,0,0.25,13.6321,4.8177,12.4955,16.9039,3338
"p330","ssp245","INM-CM5-0","2075",0.27,0.15,0,43,98.42,4.1559,0.0167,0,1,0.05,0.05,0,0,0,0,0,0,0,0,0,0.35,14.5241,2.5292,15.2398,17.0294,3339
"p330","ssp245","INM-CM5-0","2075",0.33,0,0,39,107.06,4.5504,0.0667,0,0.4,0,0.21,0,0,0,0,0,0,0,0,0,0.2,13.2151,8.3392,15.4597,15.8024,3340
"p330","ssp245","INM-CM5-0","2075",0.29,0.2,0,55,86.29,4.2517,0.1333,0,0.65,0,0.05,0,0,0,0,0,0,0,0,0,0.3,15.7499,7.3349,10.202,16.1475,3341
"p330","ssp245","INM-CM5-0","2075",0.16,0,0,33,96.02,4.4347,0.1833,0,0.55,0,0,0,0,0,0,0,0,0.05,0,0,0.1,14.2892,7.1372,12.5712,14.9021,3342
"p330","ssp245","INM-CM5-0","2075",0.16,0.15,0,33,107.1,4.1401,0.1333,0,0.85,0,0,0,0,0,0,0,0,0,0,0,0,13.7454,6.3962,10.2083,15.022,3343
"p330","ssp245","INM-CM5-0","2075",0.29,0.35,0,52,100.85,4.5155,0.1333,0,0.25,0.05,0.07,0,0,0,0,0,0,0,0,0,0.05,16.1547,7.8475,11.056,13.0458,3344
"p330","ssp245","INM-CM5-0","2075",0.15,0.5,0,29,111.07,4.2917,0.0167,0,1,0,0.06,0,0,0,0,0.2,0,0,0,0,0.2,12.6004,3.8568,12.179,13.0047,3345
"p330","ssp245","INM-CM5-0","2075",0.23,0.35,0,43,105.11,4.606,0.15,0,0.05,0,0.05,0,0,0,0,0,0,0,0,0,0.2,14.4085,8.0842,9.4023,14.1974,3346
"p330","ssp245","INM-CM5-0","2075",0.4,0,0,50,95.63,4.5816,0.2667,0,0.3,0,0.07,0,0,0,0,0.1,0,0,0,0,0.1,14.7244,9.5026,11.9913,14.5712,3347
"p330","ssp245","INM-CM5-0","2075",0.19,0.15,0,43,106.24,4.6168,0.0833,0,0,0,0.05,0,0,0,0,0,0,0.05,0.05,0,0.5,14.3076,8.1383,11.091,16.1618,3348
"p330","ssp245","INM-CM5-0","2075",0.15,0,0,33,113.8,4.5013,0.1,0,0.1,0,0.17,0,0,0,0,0.1,0,0,0,0,0.15,14.5448,8.4261,12.8828,14.7171,3349
"p330","ssp245","INM-CM5-0","2075",0.11,0,0,34,99.52,4.3217,0.1,0,1,0,0.17,0,0,0,0,0,0,0,0.05,0,0.45,14.228,2.2185,11.4087,17.9576,3350
"p330","ssp245","INM-CM5-0","2075",0.44,0,0,38,101.41,4.1127,0,0,1,0,0.1,0,0,0,0,0.1,0,0.05,0,0,0.3,13.6997,4.3148,13.851,16.2698,3351
"p330","ssp245","INM-CM5-0","2075",0.12,0,0,30,99.33,4.1921,0.0167,0,0.95,0,0.05,0,0,0,0,0,0,0,0,0,0.05,13.1339,5.1488,12.1465,13.0467,3352
"p330","ssp245","INM-CM5-0","2075",0.11,0,0,44,105.13,3.7848,0.1333,0,1,0,0.17,0,0,0,0,0.25,0,0,0,0.15,0.1,14.789,4.8659,14.8707,15.8544,3353
"p330","ssp245","INM-CM5-0","2075",0.29,0.15,0,32,104.34,3.9773,0.0167,0,1,0,0.06,0,0,0,0,0,0,0,0,0,0.2,13.3538,3.1592,10.5068,16.3702,3354
"p330","ssp245","INM-CM5-0","2075",0.39,0.25,0,41,103.04,4.3423,0.05,0,0.55,0,0.1,0,0,0,0,0,0,0,0,0.15,0.35,15.0546,8.7756,13.4227,14.6802,3355
"p330","ssp245","INM-CM5-0","2075",0.23,0,0,50,98.77,4.4347,0.15,0,0.25,0,0.07,0,0,0,0,0,0,0.2,0.05,0,0.15,15.1505,7.3555,11.6567,17.1673,3356
"p330","ssp245","INM-CM5-0","2075",0.12,0,0,39,101.8,4.3939,0.1667,0,0,0,0.06,0,0,0,0,0,0,0,0,0,0.35,14.2616,10.5893,9.3212,15.149,3357
"p330","ssp245","INM-CM5-0","2075",0.33,0,0,25,111.65,4.5726,0.0833,0,0.55,0,0.07,0,0,0,0,0,0,0,0.05,0.15,0.35,12.448,7.5979,16.8553,15.3218,3358
"p330","ssp245","INM-CM5-0","2075",0.12,0.25,0,40,104.24,4.2187,0.0833,0,0.3,0,0.08,0,0,0,0,0,0,0,0,0,0.45,14.7072,6.2268,11.828,16.3268,3359
"p330","ssp245","INM-CM5-0","2075",0.37,0.35,0,51,106.21,4.224,0.0833,0,1,0,0.1,0,0,0,0,0,0,0,0,0.15,0.55,14.7115,5.1254,11.954,16.6048,3360
"p330","ssp245","INM-CM5-0","2075",0.37,0.25,0,40,94.22,4.7858,0.0833,0,0.45,0.05,0.15,0,0,0,0,0,0,0,0,0,0.2,15.4625,6.9493,11.4908,14.3507,3361
"p330","ssp245","INM-CM5-0","2075",0.29,0.25,0,35,106.57,4.6392,0.2167,0,0,0.15,0.09,0,0,0,0,0,0,0,0,0,0,13.4376,9.4805,12.0618,11.9994,3362
"p330","ssp245","INM-CM5-0","2075",0.33,0,0,17,99.4,4.4945,0.0833,0,0.65,0,0.05,0,0,0,0,0.1,0,0,0,0,0.25,10.7787,6.2175,13.587,16.0976,3363
"p330","ssp245","INM-CM5-0","2075",0.36,0,0,24,103.55,4.5903,0.1167,0,0.1,0,0.06,0,0,0,0,0,0,0,0,0,0.2,11.9438,8.7262,11.7905,16.3915,3364
"p330","ssp245","INM-CM5-0","2075",0.1,0,0,38,113.36,4.066,0.1,0,0.25,0,0,0,0,0,0,0,0,0.15,0,0,0.3,13.914,7.4456,10.7898,19.9791,3365
"p330","ssp245","INM-CM5-0","2075",0.15,0,0.15,35,110.36,4.5449,0.0833,0,0.5,0,0,0,0,0,0,0.2,0,0,0,0,0.15,13.7279,6.5545,14.8402,17.7586,3366
"p330","ssp245","INM-CM5-0","2075",0.38,0.15,0,36,96.83,4.1196,0.05,0,0.15,0,0.13,0,0,0,0,0,0,0,0,0,0.15,14.1238,7.2912,11.9625,16.4159,3367
"p330","ssp245","INM-CM5-0","2075",0.14,0.2,0,37,104.83,4.4077,0.0833,0,0.85,0,0.12,0,0,0,0,0,0,0,0.05,0,0.25,15.0766,6.3975,9.7645,16.9265,3368
"p330","ssp245","INM-CM5-0","2075",0.29,0.1,0,42,103.09,4.1654,0.0833,0,0.25,0.1,0.07,0.05,0,0,0,0,0,0,0,0,0.3,14.1683,8.6569,12.0968,17.81,3369
"p330","ssp245","INM-CM5-0","2075",0.45,0.15,0,56,101.63,4.3551,0.2667,0,0.7,0,0.14,0,0,0,0,0,0,0,0,0,0.1,16.0066,7.6264,12.6193,15.4485,3370
"p330","ssp245","INM-CM5-0","2075",0.21,0,0,34,93.63,4.2452,0.15,0,0.95,0,0.12,0,0,0,0,0,0,0,0,0,0.4,13.7759,6.0019,11.2837,14.5327,3371
"p330","ssp245","INM-CM5-0","2075",0.23,0,0,46,112.15,4.0695,0.1,0,0.1,0,0,0,0,0,0,0,0,0,0.05,0,0.35,14.3526,8.1318,10.151,16.7168,3372
"p330","ssp245","INM-CM5-0","2075",0.11,0,0.15,45,110.2,4.4306,0.0167,0,0.85,0,0.13,0,0,0,0,0,0,0.05,0,0,0.45,15.1944,5.185,14.111,17.945,3373
"p330","ssp245","INM-CM5-0","2075",0.33,0.75,0,47,106.46,4.3147,0.1333,0,0.25,0,0.12,0,0,0,0,0,0,0,0,0.15,0.15,15.7602,9.0785,13.0975,17.3724,3374
"p330","ssp245","INM-CM5-0","2075",0.3,0.15,0,37,98.89,4.2616,0.1667,0,0.2,0,0.12,0,0,0,0,0.15,0,0,0,0,0.1,14.4192,8.5575,13.1658,13.9047,3375
"p330","ssp245","INM-CM5-0","2075",0.12,0,0,26,109.84,4.777,0.1167,0,0.1,0,0.05,0,0,0,0,0,0,0,0,0,0.05,13.8054,7.5681,13.4927,14.6927,3376
"p330","ssp245","INM-CM5-0","2075",0.2,0,0,46,96.35,4.2998,0.15,0,0.35,0,0.06,0,0,0,0,0,0,0,0.05,0,0.15,15.0858,7.4762,12.3485,14.6432,3377
"p330","ssp245","INM-CM5-0","2075",0.43,0.2,0,43,99.75,4.2434,0.05,0,0.35,0,0.1,0,0,0,0,0.15,0,0,0.05,0,0.45,14.9194,7.1466,12.4223,16.2817,3378
"p330","ssp245","INM-CM5-0","2075",0.38,0,0,32,94.04,4.0819,0.1,0,0.45,0.05,0,0,0,0,0,0.15,0,0,0,0,0.45,12.7547,7.3252,11.7242,17.0091,3379
"p330","ssp245","INM-CM5-0","2075",0.24,0,0,40,83.03,4.3989,0.3,0,0.15,0,0.17,0,0,0,0,0,0,0,0,0,0.4,14.8771,10.1717,11.7343,14.8903,3380
"p330","ssp245","INM-CM5-0","2075",0.24,0.1,0,53,106.11,4.0733,0.1167,0,0.05,0,0.05,0,0,0,0,0,0,0,0,0,0.4,15.6252,10.0623,12.4073,14.4529,3381
"p330","ssp245","INM-CM5-0","2075",0.3,0.15,0,42,97.45,4.3851,0.0833,0,1,0,0.05,0,0,0,0,0.1,0,0.05,0,0,0.25,16.0003,4.9115,10.8167,17.435,3382
"p330","ssp245","INM-CM5-0","2075",0.25,0,0,33,110.86,4.506,0.0667,0,0.45,0.05,0.1,0,0,0,0,0,0,0.15,0.05,0,0.15,13.9979,6.3463,11.2097,15.9909,3383
"p330","ssp245","INM-CM5-0","2075",0.29,0.2,0,21,100.13,4.6781,0.1333,0,0.35,0,0.05,0,0,0,0,0,0,0,0,0.15,0.35,12.5587,7.6922,9.6035,17.7248,3384
"p330","ssp245","INM-CM5-0","2075",0.24,0.75,0,41,104.18,4.3909,0.0833,0,0.6,0,0.06,0,0,0,0,0,0,0,0,0,0.05,15.1963,6.0511,13.8435,15.3418,3385
"p330","ssp245","INM-CM5-0","2075",0.28,0.15,0,41,98.67,4.2264,0.0833,0,0.75,0,0.14,0,0,0,0,0,0,0.05,0.05,0,0.05,15.034,6.3478,12.7177,15.8502,3386
"p330","ssp245","INM-CM5-0","2075",0.41,0,0,39,104.44,4.5544,0.1167,0,0.5,0,0.09,0,0,0,0,0,0,0,0,0.15,0.6,14.2296,6.4287,13.1013,16.4961,3387
"p330","ssp245","INM-CM5-0","2075",0.35,0.4,0,46,107.21,4.3544,0.1833,0,0.15,0,0.1,0,0,0,0,0,0,0,0,0,0.2,15.6813,8.3577,12.6077,15.835,3388
"p330","ssp245","INM-CM5-0","2075",0.32,0,0,31,105.51,4.7668,0.1667,0,0.3,0,0.11,0,0,0,0,0,0,0,0,0,0.15,13.9069,7.7244,11.5373,14.6471,3389
"p330","ssp245","INM-CM5-0","2075",0.21,0,0,27,102.49,4.2807,0,0,1,0,0.06,0,0,0,0,0,0,0,0,0,0.1,12.661,4.329,11.8163,14.3633,3390
"p330","ssp245","INM-CM5-0","2075",0.22,0,0,42,106,4.3843,0.0667,0,0.65,0,0.06,0,0,0,0,0,0,0,0,0,0.2,14.7938,6.5542,12.7208,12.9112,3391
"p330","ssp245","INM-CM5-0","2075",0.16,0,0,23,96.5,4.2811,0.0833,0,0.55,0,0.16,0,0,0,0,0,0,0,0,0,0.4,12.5564,6.6607,11.8325,16.1418,3392
"p330","ssp245","INM-CM5-0","2075",0.06,0.15,0,32,100.82,4.8328,0.35,0,0.3,0,0.1,0,0,0,0,0,0,0,0,0,0.1,12.9026,9.7678,10.8775,14.2754,3393
"p330","ssp245","INM-CM5-0","2075",0.27,0.3,0,46,103.2,4.2071,0.0833,0,0.15,0,0.09,0,0,0,0,0,0,0,0,0,0.1,15.1948,7.2552,10.9018,13.8568,3394
"p330","ssp245","INM-CM5-0","2075",0,0.1,0,36,102.49,4.4328,0.2,0,0.65,0,0.13,0,0,0,0,0,0,0,0,0.45,0.25,14.4438,8.7105,13.7743,16.1171,3395
"p330","ssp245","INM-CM5-0","2075",0.32,0.2,0,53,109.89,4.3345,0.0333,0,1,0,0.11,0,0,0,0,0,0,0,0,0,0.2,15.9969,5.0332,14.6705,16.858,3396
"p330","ssp245","INM-CM5-0","2075",0.13,0,0,48,108.08,4.3179,0.1167,0,0.75,0,0.08,0,0,0,0,0.1,0,0,0,0,0.1,15.0484,5.833,15.2943,14.4597,3397
"p330","ssp245","INM-CM5-0","2075",0.2,0,0,40,106.76,4.3709,0.2,0,0.1,0,0.15,0,0,0,0,0,0,0,0,0,0,13.6949,8.6582,12.9728,12.5108,3398
"p330","ssp245","INM-CM5-0","2075",0.27,0,0,50,91.37,4.13,0.0833,0,0.55,0,0,0,0,0,0,0,0,0,0,0,0.1,15.4949,7.9545,9.4662,16.0461,3399
"p330","ssp245","INM-CM5-0","2075",0.3,0.25,0,59,103.9,4.3741,0.05,0,0.55,0,0.1,0,0,0,0,0,0,0,0,0,0.35,16.2629,6.8873,11.7055,12.805,3400
"p330","ssp245","IPSL-CM6A-LR","2075",0.16,0.2,0.15,58,107.06,4.4678,0.0667,0,0.55,0,0,0,0,0,0,0,0,0,0,0,0.25,16.7778,7.1074,11.7838,15.8291,3401
"p330","ssp245","IPSL-CM6A-LR","2075",0.05,0.35,0,62,108.62,4.7113,0.05,0,0,0,0.14,0,0,0,0,0,0,0,0,0,0.5,16.619,8.1529,13.4635,17.1227,3402
"p330","ssp245","IPSL-CM6A-LR","2075",0.1,0.2,0,53,112.15,4.5354,0.1167,0,0.65,0,0.26,0,0,0,0,0.1,0,0,0,0,0.25,16.2318,7.1671,16.2527,16.8435,3403
"p330","ssp245","IPSL-CM6A-LR","2075",0.31,0,0,54,110.34,4.5058,0.2,0,0.1,0,0.08,0,0,0,0,0.2,0,0,0,0,0.2,15.1713,9.0006,11.4827,16.2255,3404
"p330","ssp245","IPSL-CM6A-LR","2075",0.21,0,0,63,108.58,4.6336,0.05,0,0.2,0,0.09,0,0,0,0,0,0,0,0,0,0.3,16.8066,7.8077,14.889,15.731,3405
"p330","ssp245","IPSL-CM6A-LR","2075",0.26,0.1,0.1,56,113,4.7081,0.0833,0,0.5,0.05,0,0,0,0,0,0,0,0,0,0,0.4,15.7397,7.5052,9.6642,15.647,3406
"p330","ssp245","IPSL-CM6A-LR","2075",0.15,0.2,0,53,105.5,4.5408,0.0333,0,0.55,0,0.12,0,0,0,0,0,0,0,0,0,0.05,16.6328,6.946,11.4732,13.8783,3407
"p330","ssp245","IPSL-CM6A-LR","2075",0.34,0.5,0,38,104.04,4.6852,0.0667,0,0.3,0,0.06,0,0,0,0,0,0,0.1,0.05,0,0.5,15.3704,7.8682,12.6252,20.1517,3408
"p330","ssp245","IPSL-CM6A-LR","2075",0.41,0,0,79,100.23,4.0204,0,0,0.75,0,0.1,0,0,0,0,0,0,0,0,0,0.2,17.9182,5.4493,14.8802,16.0128,3409
"p330","ssp245","IPSL-CM6A-LR","2075",0.29,0.55,0,58,105.2,4.777,0.15,0,0.85,0,0.16,0,0,0,0,0,0,0,0,0,0.15,17.2938,6.4405,14.5033,16.0933,3410
"p330","ssp245","IPSL-CM6A-LR","2075",0.13,0.2,0.15,71,104.8,4.5443,0.0833,0,0.15,0,0.14,0,0,0,0,0,0,0,0,0,0.15,17.9965,8.8828,15.4802,16.5332,3411
"p330","ssp245","IPSL-CM6A-LR","2075",0.24,0,0.1,36,102.49,4.5179,0.0333,0,0.65,0,0,0,0,0,0,0,0,0,0,0,0.2,14.1177,7.5098,12.9185,17.9702,3412
"p330","ssp245","IPSL-CM6A-LR","2075",0.24,0.55,0,61,107.45,4.6523,0.2167,0,0.2,0,0.1,0,0,0,0,0.15,0,0,0,0,0.25,17.4748,9.8362,15.7057,15.1784,3413
"p330","ssp245","IPSL-CM6A-LR","2075",0.26,0,0,51,107.32,4.8876,0.2167,0,0.05,0,0.12,0,0,0,0,0.15,0,0,0,0.15,0.25,15.5007,9.7829,14.9248,16.2559,3414
"p330","ssp245","IPSL-CM6A-LR","2075",0.1,0.1,0,58,111.22,4.5777,0.0833,0,0.15,0,0.05,0,0,0,0,0.3,0,0.05,0,0,0.3,16.1176,7.8942,14.4107,19.4017,3415
"p330","ssp245","IPSL-CM6A-LR","2075",0.17,0,0.1,52,108.78,4.5217,0.05,0,0.25,0,0.12,0,0,0,0,0.25,0,0,0,0.15,0.6,15.7628,7.5522,15.9322,17.392,3416
"p330","ssp245","IPSL-CM6A-LR","2075",0.13,0.2,0,52,109.37,4.4768,0.0833,0,0.2,0,0.11,0,0,0,0,0,0,0.05,0,0,0.35,15.8554,9.0408,16.196,16.3613,3417
"p330","ssp245","IPSL-CM6A-LR","2075",0.18,0.25,0,47,97.2,4.3519,0.0167,0,0.95,0,0,0,0,0,0,0.1,0,0,0,0,0.1,14.983,4.9027,10.1478,15.1361,3418
"p330","ssp245","IPSL-CM6A-LR","2075",0.32,0.4,0,50,106.28,4.2752,0.05,0,0.95,0,0.07,0,0,0,0,0.1,0,0,0,0,0.15,16.1051,6.0576,11.3597,15.9182,3419
"p330","ssp245","IPSL-CM6A-LR","2075",0.17,0.45,0,63,104.17,4.9381,0.0333,0,1,0,0,0,0,0,0,0,0,0,0,0,0.65,17.3559,6.1941,13.7642,18.7327,3420
"p330","ssp245","IPSL-CM6A-LR","2075",0.2,0.15,0,64,100.98,4.17,0.0833,0,0.2,0,0.07,0,0,0,0,0.1,0,0,0,0,0.75,17.2279,7.1947,14.0813,17.7422,3421
"p330","ssp245","IPSL-CM6A-LR","2075",0.16,0,0,36,101.13,4.4075,0.0833,0,0.1,0,0.06,0,0,0,0,0,0,0,0,0,0.4,14.4622,8.9584,16.7817,18.9795,3422
"p330","ssp245","IPSL-CM6A-LR","2075",0.15,0.35,0,47,114.03,4.4231,0.1,0,0.25,0.05,0.06,0,0,0,0,0,0,0,0,0,0.25,15.643,9.0084,10.8978,14.3415,3423
"p330","ssp245","IPSL-CM6A-LR","2075",0.42,0,0,57,107.54,4.0475,0,0,0.55,0,0,0,0,0,0,0,0,0,0,0.15,0.3,15.6363,6.5791,13.251,18.37,3424
"p330","ssp245","IPSL-CM6A-LR","2075",0.16,0,0,42,111.41,4.6688,0.0333,0,0.5,0.05,0,0,0,0,0,0.1,0,0,0,0,0.2,16.2887,7.1332,11.4117,15.4293,3425
"p330","ssp245","IPSL-CM6A-LR","2075",0.25,0.6,0,60,108.88,4.4528,0.0833,0,0.15,0,0.06,0,0,0,0,0.1,0,0,0,0.15,0.4,17.9051,6.8654,15.2075,16.5824,3426
"p330","ssp245","IPSL-CM6A-LR","2075",0.32,0,0,48,98.15,4.5862,0.0667,0,0.7,0,0.15,0,0,0,0,0,0,0.05,0,0,0.55,14.9063,6.317,15.8407,18.51,3427
"p330","ssp245","IPSL-CM6A-LR","2075",0,0,0,48,109.25,4.5335,0.05,0,0,0,0.05,0,0,0,0,0.15,0,0,0,0,0.15,15.2097,9.1632,11.6515,16.4526,3428
"p330","ssp245","IPSL-CM6A-LR","2075",0.22,0.4,0,52,109.92,4.6462,0.0333,0,0.5,0,0,0,0,0,0,0,0,0,0,0,0.1,16.59,7.0325,13.0185,14.8338,3429
"p330","ssp245","IPSL-CM6A-LR","2075",0.32,0,0,42,104.31,4.5421,0.0333,0,1,0,0.12,0,0,0,0,0,0,0,0,0,0.35,15.0785,3.6695,14.2555,17.3682,3430
"p330","ssp245","IPSL-CM6A-LR","2075",0.15,0,0.1,53,109.8,4.5724,0.05,0,0.7,0,0.05,0,0,0,0,0.1,0,0,0,0.15,0.2,16.0602,5.0472,14.74,13.5024,3431
"p330","ssp245","IPSL-CM6A-LR","2075",0.41,0,0,63,100.48,4.665,0.05,0,0.05,0,0.12,0,0,0,0,0,0,0,0,0,0.25,17.2307,7.3037,9.9587,15.5391,3432
"p330","ssp245","IPSL-CM6A-LR","2075",0.32,0.25,0,60,106.81,4.7805,0.05,0,0.4,0,0,0,0,0,0,0.15,0,0,0,0,0.4,16.3567,8.1305,16.762,16.589,3433
"p330","ssp245","IPSL-CM6A-LR","2075",0.22,0,0,53,98.19,4.5538,0.1167,0,0.35,0,0.12,0,0,0,0,0,0,0,0.05,0.15,0.35,15.6085,9.475,14.5773,17.6058,3434
"p330","ssp245","IPSL-CM6A-LR","2075",0.42,0.15,0,58,103.93,4.7321,0.0833,0,0.45,0,0.06,0,0,0,0,0,0,0,0,0.15,0.6,16.3286,7.3095,10.969,16.5859,3435
"p330","ssp245","IPSL-CM6A-LR","2075",0.32,0.65,0,54,114,4.7903,0.0833,0,0.5,0,0.12,0,0,0,0,0,0,0,0,0,0,16.8342,7.1728,13.3267,12.2598,3436
"p330","ssp245","IPSL-CM6A-LR","2075",0.25,0.4,0,53,100.78,4.3873,0.1333,0,0.35,0,0.07,0,0,0,0,0.3,0,0,0.05,0,0.35,15.7606,8.1769,15.38,16.421,3437
"p330","ssp245","IPSL-CM6A-LR","2075",0.15,0.3,0,43,106.02,3.8761,0.0167,0,0.8,0,0.06,0,0,0,0,0.15,0,0.05,0,0,0.25,15.328,4.853,13.835,18.1356,3438
"p330","ssp245","IPSL-CM6A-LR","2075",0.27,0.5,0,53,97.71,4.2872,0.0167,0,1,0,0.05,0,0,0.2,0,0,0,0,0,0,0.55,16.2157,2.5583,16.5767,18.2683,3439
"p330","ssp245","IPSL-CM6A-LR","2075",0.33,0,0,53,110.83,4.684,0.05,0,0.35,0,0.21,0,0,0,0,0,0,0,0,0,0.15,14.903,8.3622,16.795,17.043,3440
"p330","ssp245","IPSL-CM6A-LR","2075",0.34,0.3,0,69,96.56,4.4418,0.0833,0,0.4,0,0.05,0,0,0,0,0,0,0,0,0,0.4,17.4507,7.3777,11.5443,17.3521,3441
"p330","ssp245","IPSL-CM6A-LR","2075",0.16,0,0,52,94.19,4.5794,0.15,0,0.5,0,0,0,0,0,0,0,0,0.1,0,0,0.2,15.9862,7.1743,13.9113,16.1332,3442
"p330","ssp245","IPSL-CM6A-LR","2075",0.16,0.15,0,40,109.77,4.2827,0.0667,0,0.75,0,0,0,0,0,0,0,0,0,0,0,0.25,15.438,6.4262,11.5467,16.2592,3443
"p330","ssp245","IPSL-CM6A-LR","2075",0.29,0.5,0,74,105.29,4.7122,0.0667,0,0.25,0,0.07,0,0,0,0,0.35,0,0,0,0,0.15,17.8432,7.8726,12.3922,14.287,3444
"p330","ssp245","IPSL-CM6A-LR","2075",0.15,0.45,0,39,109.73,4.4596,0.0167,0,1,0,0.06,0,0,0,0,0.3,0,0,0,0.15,0.2,14.3014,3.9013,13.5212,14.2087,3445
"p330","ssp245","IPSL-CM6A-LR","2075",0.23,0.35,0,47,107.51,4.7694,0.1167,0,0.05,0,0.05,0,0,0,0,0,0,0,0,0,0.3,16.1053,8.1218,10.7425,15.4274,3446
"p330","ssp245","IPSL-CM6A-LR","2075",0.38,0.15,0,65,100.67,4.7123,0.2,0,0.35,0,0.07,0,0,0,0,0.1,0,0,0,0,0.2,16.4177,9.5342,13.3297,15.8074,3447
"p330","ssp245","IPSL-CM6A-LR","2075",0.19,0.2,0,49,109.02,4.8265,0.0667,0,0,0,0.05,0,0,0,0,0,0,0.05,0.05,0,0.7,15.997,8.1652,12.4272,17.4009,3448
"p330","ssp245","IPSL-CM6A-LR","2075",0.2,0,0,51,114.47,4.7031,0.0667,0,0.15,0,0.17,0,0,0,0,0.1,0,0,0,0,0.25,16.2465,8.4724,14.225,15.9197,3449
"p330","ssp245","IPSL-CM6A-LR","2075",0.11,0,0,52,101.41,4.4925,0.0833,0,1,0,0.17,0,0,0,0,0,0,0,0.05,0,0.35,15.9258,2.2573,12.7488,19.1842,3450
"p330","ssp245","IPSL-CM6A-LR","2075",0.44,0,0,54,105.07,4.3216,0,0,0.95,0,0.1,0.05,0,0,0,0,0,0.05,0,0,0.35,15.394,4.3478,15.189,17.5039,3451
"p330","ssp245","IPSL-CM6A-LR","2075",0.12,0.15,0,44,105.27,4.3423,0.0167,0,0.85,0,0.05,0,0,0,0,0.15,0,0,0,0,0.05,14.8246,5.1758,13.4828,14.2848,3452
"p330","ssp245","IPSL-CM6A-LR","2075",0.11,0,0,60,108.78,3.9575,0.1167,0,1,0,0.17,0,0,0,0,0.25,0,0,0,0.15,0.15,16.4917,4.9132,16.2145,17.0563,3453
"p330","ssp245","IPSL-CM6A-LR","2075",0.29,0.2,0,41,108.81,4.1979,0,0,1,0,0.06,0,0,0,0,0,0,0,0,0,0.2,15.0524,3.1993,11.8487,17.5967,3454
"p330","ssp245","IPSL-CM6A-LR","2075",0.46,0.2,0,62,106.51,4.4901,0.05,0,0.65,0,0.1,0,0,0,0,0,0,0,0,0.15,0.5,16.7496,8.81,14.762,15.9133,3455
"p330","ssp245","IPSL-CM6A-LR","2075",0.23,0,0,61,103.61,4.6201,0.1,0,0.3,0,0.07,0,0,0,0,0,0,0.2,0.05,0,0.15,16.842,7.3841,12.9933,18.4038,3456
"p330","ssp245","IPSL-CM6A-LR","2075",0.12,0,0,48,105.45,4.5396,0.0833,0,0,0,0.06,0,0,0,0,0,0,0,0,0,0.5,15.9654,10.6378,10.6647,16.3491,3457
"p330","ssp245","IPSL-CM6A-LR","2075",0.38,0,0,39,114.88,4.7628,0.0833,0,0.45,0,0.07,0,0,0.3,0,0,0,0,0.05,0.15,0.35,14.1471,7.6401,18.1962,16.5471,3458
"p330","ssp245","IPSL-CM6A-LR","2075",0.12,0.3,0.25,53,105.37,4.4314,0.0667,0,0.3,0,0.08,0,0,0,0,0.1,0,0,0,0,0.45,16.4026,6.2618,13.1678,17.5592,3459
"p330","ssp245","IPSL-CM6A-LR","2075",0.38,0.4,0,57,109.64,4.4396,0.0833,0,0.95,0,0.1,0,0,0,0,0.15,0,0,0,0.15,0.9,16.4035,5.1554,13.2912,17.8402,3460
"p330","ssp245","IPSL-CM6A-LR","2075",0.37,0.35,0,60,97.11,4.931,0.0667,0,0.4,0.05,0.15,0,0,0,0,0,0,0,0,0,0.25,17.1669,6.9987,12.8348,15.5501,3461
"p330","ssp245","IPSL-CM6A-LR","2075",0.28,0.3,0,48,108.2,4.8038,0.1667,0,0,0.05,0.09,0,0,0,0,0,0,0,0,0,0.1,15.1382,9.5236,13.4042,13.2233,3462
"p330","ssp245","IPSL-CM6A-LR","2075",0.33,0,0,21,102.48,4.6845,0.0333,0,0.6,0,0.1,0,0,0,0,0.1,0,0.05,0,0.15,0.25,12.4752,6.2542,14.9265,17.3277,3463
"p330","ssp245","IPSL-CM6A-LR","2075",0.36,0,0,34,107.25,4.7183,0.0667,0,0.05,0,0.06,0,0,0,0,0.1,0,0,0,0,0.35,13.6366,8.7578,13.1292,17.6253,3464
"p330","ssp245","IPSL-CM6A-LR","2075",0.15,0,0,48,117.04,4.2759,0.0833,0,0.2,0,0,0,0,0,0,0,0,0.15,0,0,0.3,15.6187,7.4966,12.1337,21.1765,3465
"p330","ssp245","IPSL-CM6A-LR","2075",0.16,0,0.15,46,112.85,4.7458,0.0667,0,0.45,0,0,0,0,0,0,0.2,0,0,0,0,0.2,15.4297,6.5993,16.1823,18.9818,3466
"p330","ssp245","IPSL-CM6A-LR","2075",0.35,0.4,0,54,102.7,4.2659,0.0333,0,0.1,0,0.13,0,0,0,0,0,0,0,0,0.15,0.15,15.8213,7.3292,13.3033,17.6455,3467
"p330","ssp245","IPSL-CM6A-LR","2075",0.14,0.15,0.2,57,104.79,4.6336,0.0667,0,0.8,0,0.12,0,0,0,0,0,0,0.05,0.05,0,0.45,16.7701,6.4306,11.1022,18.1588,3468
"p330","ssp245","IPSL-CM6A-LR","2075",0.27,0.35,0,50,103.24,4.359,0.0167,0,0.2,0,0.07,0.05,0,0,0,0,0,0,0,0,0.35,15.8735,8.7096,13.4412,19.0066,3469
"p330","ssp245","IPSL-CM6A-LR","2075",0.51,0.15,0,68,103.05,4.5162,0.1333,0,0.55,0,0.14,0,0,0,0,0,0,0,0,0,0.2,17.7085,7.6717,13.9623,16.6702,3470
"p330","ssp245","IPSL-CM6A-LR","2075",0.22,0,0.1,55,97.68,4.3935,0.1167,0,0.9,0,0.12,0,0,0,0,0,0,0,0,0.15,0.4,15.4737,6.0418,12.6245,15.7615,3471
"p330","ssp245","IPSL-CM6A-LR","2075",0.23,0,0.1,59,113.09,4.1801,0.0667,0,0.15,0,0,0,0,0,0,0,0,0.05,0.05,0,0.45,16.0469,8.166,11.4893,17.9473,3472
"p330","ssp245","IPSL-CM6A-LR","2075",0.18,0,0.15,54,112.1,4.6393,0,0,0.9,0,0.13,0,0,0,0,0,0,0.1,0,0,0.95,16.9008,5.2389,15.455,19.1409,3473
"p330","ssp245","IPSL-CM6A-LR","2075",0.33,0.6,0,56,109.64,4.4723,0.1167,0,0.2,0,0.12,0,0,0,0,0,0,0,0,0.15,0.2,17.4626,9.1253,14.4405,18.592,3474
"p330","ssp245","IPSL-CM6A-LR","2075",0.3,0.15,0,48,105.67,4.4154,0.1,0,0.2,0,0.12,0,0,0,0,0.15,0,0,0,0,0.1,16.1181,8.5987,14.5068,15.1314,3475
"p330","ssp245","IPSL-CM6A-LR","2075",0.12,0,0,45,110.91,4.9653,0.1,0,0.1,0,0.05,0,0,0,0,0,0,0,0,0,0.25,15.5002,7.6034,14.832,15.9218,3476
"p330","ssp245","IPSL-CM6A-LR","2075",0.2,0,0,61,100.62,4.5025,0.0833,0,0.25,0,0.06,0,0,0,0,0.2,0,0,0.05,0,0.15,16.7936,7.5305,13.6933,15.8366,3477
"p330","ssp245","IPSL-CM6A-LR","2075",0.43,0.2,0,53,104.06,4.4476,0,0,0.35,0,0.1,0,0,0,0,0.15,0,0,0.05,0,0.5,16.6231,7.1945,13.766,17.5003,3478
"p330","ssp245","IPSL-CM6A-LR","2075",0.38,0,0,40,101.66,4.2069,0.05,0,0.35,0,0,0,0,0,0,0.15,0,0,0,0,0.8,14.4542,7.3672,13.0667,18.2352,3479
"p330","ssp245","IPSL-CM6A-LR","2075",0.24,0.15,0.15,51,88.62,4.5398,0.1333,0,0,0,0.18,0,0,0,0,0,0,0,0,0.15,0.8,16.5724,10.2068,13.0732,16.1227,3480
"p330","ssp245","IPSL-CM6A-LR","2075",0.22,0.25,0,63,108.75,4.2647,0.1,0,0.05,0,0.05,0,0,0,0,0,0,0,0,0,0.3,17.3329,10.1171,13.7537,15.6396,3481
"p330","ssp245","IPSL-CM6A-LR","2075",0.22,0.15,0,57,97.09,4.58,0.0667,0,1,0,0.05,0,0,0,0,0,0,0.15,0,0,0.2,17.7045,4.9596,12.1613,18.6561,3482
"p330","ssp245","IPSL-CM6A-LR","2075",0.31,0.1,0,50,110.72,4.6572,0.0667,0,0.45,0,0.1,0,0,0,0,0.1,0,0.25,0.05,0,0.15,15.699,6.387,12.5515,17.2186,3483
"p330","ssp245","IPSL-CM6A-LR","2075",0.29,0.2,0,27,102.28,4.8178,0.1167,0,0.25,0,0.05,0,0,0,0,0,0,0,0,0.15,0.65,14.2559,7.7289,10.9442,18.9545,3484
"p330","ssp245","IPSL-CM6A-LR","2075",0.22,0.9,0,52,106.28,4.5417,0.0833,0,0.45,0,0.06,0,0,0.3,0,0,0,0.05,0,0,0.1,16.9048,6.1068,15.1888,16.5278,3485
"p330","ssp245","IPSL-CM6A-LR","2075",0.22,0.15,0,50,100.15,4.4087,0.0667,0,0.75,0,0.14,0,0,0,0,0.1,0,0.05,0.05,0,0.1,16.7399,6.3979,14.0612,17.0712,3486
"p330","ssp245","IPSL-CM6A-LR","2075",0.36,0,0,47,110,4.7751,0.0833,0,0.6,0,0.09,0,0,0,0,0,0,0,0.05,0.15,0.85,15.931,6.4719,14.4443,17.7229,3487
"p330","ssp245","IPSL-CM6A-LR","2075",0.32,0.4,0,51,110.71,4.5222,0.1,0,0.2,0,0.1,0,0,0,0,0.1,0,0,0,0,0.2,17.379,8.3963,13.9478,17.0648,3488
"p330","ssp245","IPSL-CM6A-LR","2075",0.28,0,0,47,109.6,4.9528,0.0833,0,0.25,0,0.11,0,0,0,0,0,0,0,0,0,0.25,15.6162,7.7818,12.8843,15.8316,3489
"p330","ssp245","IPSL-CM6A-LR","2075",0.13,0,0,37,106.63,4.4965,0,0,1,0,0.06,0,0,0,0,0,0,0,0,0,0.3,14.3678,4.3794,13.1598,15.5814,3490
"p330","ssp245","IPSL-CM6A-LR","2075",0.21,0.15,0,56,111.58,4.5826,0.0167,0,0.6,0,0.06,0,0,0,0,0,0,0,0,0,0.25,16.4965,6.5988,14.0632,14.1358,3491
"p330","ssp245","IPSL-CM6A-LR","2075",0.18,0,0,33,101.44,4.4274,0.0833,0,0.6,0,0.16,0,0,0,0,0,0,0.05,0,0,0.4,14.2554,6.7004,13.1737,17.3697,3492
"p330","ssp245","IPSL-CM6A-LR","2075",0.06,0.2,0,44,106.03,4.9329,0.2167,0,0.3,0,0.1,0,0,0,0,0,0,0,0,0,0.25,14.6124,9.8255,12.2245,15.4576,3493
"p330","ssp245","IPSL-CM6A-LR","2075",0.27,0.4,0,58,106.44,4.4137,0.05,0,0.1,0,0.09,0,0,0,0,0,0,0,0,0,0.15,16.9015,7.3077,12.2473,15.0735,3494
"p330","ssp245","IPSL-CM6A-LR","2075",0,0.1,0.1,51,109.45,4.6052,0.15,0,0.65,0,0.13,0,0,0,0,0,0,0,0,0.6,0.4,16.1467,8.7562,15.1178,17.3406,3495
"p330","ssp245","IPSL-CM6A-LR","2075",0.32,0.6,0,64,110.15,4.5342,0.0333,0,1,0,0.11,0,0,0,0,0,0,0,0,0,0.2,17.6961,5.0732,16.0125,18.0853,3496
"p330","ssp245","IPSL-CM6A-LR","2075",0.13,0,0,72,112.51,4.5409,0.1,0,0.7,0,0.08,0,0,0,0,0.2,0,0,0,0,0.1,16.7596,5.8924,16.6418,15.6407,3497
"p330","ssp245","IPSL-CM6A-LR","2075",0.2,0.3,0,48,106.92,4.5723,0.1,0,0.05,0,0.15,0,0,0,0,0,0,0,0,0,0,15.4028,8.7122,14.3183,13.7261,3498
"p330","ssp245","IPSL-CM6A-LR","2075",0.27,0,0,68,94.62,4.2748,0.0667,0,0.6,0,0,0,0,0,0,0,0,0,0,0,0.25,17.1992,8.001,10.8092,17.2685,3499
"p330","ssp245","IPSL-CM6A-LR","2075",0.3,0.3,0,72,108.48,4.544,0,0,0.4,0,0.1,0,0,0,0,0,0,0,0,0,0.4,17.9635,6.9292,13.0473,14.0298,3500
"p330","ssp245","MIROC-ES2L","2075",0.16,0.1,0.2,51,105.27,4.5537,0.1333,0,0.3,0,0,0,0,0,0,0,0,0,0,0,0.25,15.8288,8.1317,12.0338,15.7119,3501
"p330","ssp245","MIROC-ES2L","2075",0.05,0.3,0.1,53,106.33,4.7855,0.05,0,0,0,0.13,0,0,0,0,0,0,0,0,0,0.5,15.6708,9.1772,13.7175,17.003,3502
"p330","ssp245","MIROC-ES2L","2075",0.1,0,0,44,108.84,4.6175,0.1667,0,0.6,0,0.26,0,0,0,0,0.1,0,0,0,0,0.25,15.2854,8.1906,16.51,16.7239,3503
"p330","ssp245","MIROC-ES2L","2075",0.31,0,0,50,104.86,4.6032,0.2167,0,0,0,0.08,0,0,0,0,0.2,0,0,0,0,0.2,14.2263,10.0194,11.7422,16.1074,3504
"p330","ssp245","MIROC-ES2L","2075",0.18,0,0,59,107.79,4.7117,0.15,0,0.15,0,0.09,0,0,0,0,0,0,0,0,0,0.3,15.8566,8.8322,15.139,15.6149,3505
"p330","ssp245","MIROC-ES2L","2075",0.26,0.1,0.1,48,110.8,4.7775,0.0833,0,0.5,0.05,0,0,0,0,0,0,0,0,0,0,0.4,14.7913,8.5292,9.917,15.527,3506
"p330","ssp245","MIROC-ES2L","2075",0.1,0.2,0,46,103.23,4.6454,0.1,0,0.35,0,0.12,0,0,0,0,0,0,0,0,0,0.05,15.6864,7.9695,11.73,13.7594,3507
"p330","ssp245","MIROC-ES2L","2075",0.34,0.5,0,35,105.25,4.7699,0.1167,0,0.25,0,0.06,0,0,0,0,0,0,0.1,0.05,0,0.5,14.4253,8.8868,12.8842,20.0339,3508
"p330","ssp245","MIROC-ES2L","2075",0.41,0,0,69,98.79,4.0822,0.0667,0,0.5,0,0.1,0,0,0,0,0,0,0,0.05,0,0.2,16.9684,6.4742,15.1283,15.8969,3509
"p330","ssp245","MIROC-ES2L","2075",0.29,0.4,0,57,103.3,4.8767,0.2,0,0.55,0,0.16,0,0,0,0,0,0,0,0,0,0.15,16.3449,7.4648,14.7553,15.973,3510
"p330","ssp245","MIROC-ES2L","2075",0.13,0.2,0.2,64,99.87,4.6251,0.1,0,0.1,0,0.14,0,0,0,0,0,0,0,0,0,0.15,17.0496,9.9063,15.737,16.4141,3511
"p330","ssp245","MIROC-ES2L","2075",0.24,0,0,26,101.91,4.5862,0.05,0,0.4,0,0,0,0,0,0,0,0,0,0,0,0.2,13.1723,8.5287,13.1773,17.8532,3512
"p330","ssp245","MIROC-ES2L","2075",0.24,0.2,0,55,102.91,4.7203,0.2667,0,0.15,0,0.1,0,0,0,0,0.15,0,0,0,0,0.25,16.5242,10.8609,15.9537,15.0626,3513
"p330","ssp245","MIROC-ES2L","2075",0.25,0,0,46,100.86,4.9868,0.2667,0,0,0,0.12,0,0,0,0,0.15,0,0,0,0,0.25,14.5519,10.8068,15.176,16.1359,3514
"p330","ssp245","MIROC-ES2L","2075",0.1,0.1,0,51,107.28,4.6458,0.1333,0,0.05,0,0.05,0,0,0,0,0.3,0,0.1,0,0,0.3,15.1698,8.9178,14.6653,19.2817,3515
"p330","ssp245","MIROC-ES2L","2075",0.11,0,0,42,107.27,4.5974,0.1333,0,0.25,0,0.12,0,0,0,0,0.25,0,0,0,0,0.6,14.8167,8.5722,16.1902,17.2741,3516
"p330","ssp245","MIROC-ES2L","2075",0.13,0,0,48,105.01,4.5325,0.1667,0,0.2,0,0.11,0,0,0,0,0,0,0.05,0,0,0.4,14.905,10.0654,16.4435,16.245,3517
"p330","ssp245","MIROC-ES2L","2075",0.14,0.1,0,44,96.01,4.4074,0.0333,0,0.8,0,0,0,0,0,0,0,0,0,0,0,0.1,14.0341,5.9264,10.3988,15.0164,3518
"p330","ssp245","MIROC-ES2L","2075",0.32,0.4,0,46,106.31,4.3656,0.0833,0,0.85,0.05,0.07,0,0,0,0,0,0,0,0,0,0.15,15.1572,7.0812,11.6137,15.7982,3519
"p330","ssp245","MIROC-ES2L","2075",0.17,0.25,0,53,101.24,5.0029,0.05,0,0.95,0,0,0,0,0,0,0,0,0,0,0,0.65,16.4098,7.2136,14.0205,18.6155,3520
"p330","ssp245","MIROC-ES2L","2075",0.2,0.15,0,51,99.36,4.2266,0.1333,0,0.1,0,0.07,0,0,0,0,0.1,0,0,0.05,0,0.75,16.2774,8.2196,14.3275,17.6262,3521
"p330","ssp245","MIROC-ES2L","2075",0.16,0,0,32,95.83,4.4862,0.15,0,0.1,0,0.06,0,0,0,0,0,0,0,0,0,0.4,13.513,9.983,17.0315,18.8595,3522
"p330","ssp245","MIROC-ES2L","2075",0.15,0.35,0,42,109.43,4.4975,0.1667,0,0.15,0.05,0.06,0,0,0,0,0,0,0,0,0,0.25,14.6952,10.0322,11.1522,14.2211,3523
"p330","ssp245","MIROC-ES2L","2075",0.36,0,0,49,102.69,4.1275,0.05,0,0.35,0,0,0,0,0,0,0,0,0,0,0.15,0.15,14.69,7.5984,13.5075,18.2524,3524
"p330","ssp245","MIROC-ES2L","2075",0.16,0,0,35,109.57,4.7418,0.1,0,0.4,0.05,0,0,0,0,0,0.1,0,0,0,0,0.2,15.3375,8.1582,11.6573,15.3132,3525
"p330","ssp245","MIROC-ES2L","2075",0.15,0.3,0,49,108.41,4.5307,0.15,0,0.1,0,0.06,0,0,0,0,0,0,0,0,0,0.35,16.9553,7.8905,15.4565,16.463,3526
"p330","ssp245","MIROC-ES2L","2075",0.32,0,0,42,92.49,4.6725,0.1333,0,0.45,0,0.11,0,0,0,0,0,0,0.05,0,0,0.55,13.9583,7.3412,16.0932,18.3902,3527
"p330","ssp245","MIROC-ES2L","2075",0,0,0,45,108.21,4.5874,0.1333,0,0,0,0.05,0,0,0,0,0.15,0,0,0,0,0.15,14.2631,10.1822,11.908,16.3347,3528
"p330","ssp245","MIROC-ES2L","2075",0.22,0.25,0,42,106.2,4.7442,0.1,0,0.45,0,0,0,0,0,0,0,0,0,0,0,0.15,15.6385,8.0572,13.2635,14.7179,3529
"p330","ssp245","MIROC-ES2L","2075",0.29,0,0,36,107.5,4.5973,0.05,0,1,0,0.12,0,0,0,0,0,0,0,0,0,0.25,14.1281,4.6941,14.5042,17.2485,3530
"p330","ssp245","MIROC-ES2L","2075",0.15,0,0.1,48,112.89,4.6613,0.1,0,0.65,0,0.05,0,0,0,0,0,0,0,0,0,0.2,15.1118,6.0716,14.9928,13.3829,3531
"p330","ssp245","MIROC-ES2L","2075",0.41,0,0,58,97.84,4.7317,0.1,0,0,0,0.12,0,0,0,0,0,0,0,0,0,0.3,16.2835,8.324,10.2135,15.4218,3532
"p330","ssp245","MIROC-ES2L","2075",0.32,0,0,53,105,4.8366,0.1667,0,0.35,0,0,0,0,0,0,0.15,0,0,0,0,0.4,15.4047,9.1554,17.0073,16.4738,3533
"p330","ssp245","MIROC-ES2L","2075",0.22,0,0,43,89.72,4.6436,0.15,0,0.3,0,0.12,0,0,0,0,0,0,0,0.05,0.15,0.4,14.6584,10.499,14.8255,17.4856,3534
"p330","ssp245","MIROC-ES2L","2075",0.35,0.15,0,50,100.13,4.8124,0.1333,0,0.2,0,0.06,0,0,0,0,0,0,0,0,0,0.6,15.3797,8.3339,11.2203,16.4668,3535
"p330","ssp245","MIROC-ES2L","2075",0.32,0.65,0,51,112.6,4.8601,0.1167,0,0.3,0,0.12,0,0,0,0,0,0,0,0,0,0,15.8874,8.1928,13.5793,12.1426,3536
"p330","ssp245","MIROC-ES2L","2075",0.25,0.25,0,44,95.51,4.4536,0.1833,0,0.3,0,0.07,0,0,0,0,0.3,0,0,0.05,0,0.25,14.8086,9.2028,15.623,16.305,3537
"p330","ssp245","MIROC-ES2L","2075",0.15,0,0,36,105.51,3.9597,0.0333,0,0.65,0,0.06,0,0,0,0,0.15,0,0.05,0,0,0.25,14.3777,5.8779,14.0828,18.0168,3538
"p330","ssp245","MIROC-ES2L","2075",0.27,0.5,0,44,99.25,4.3605,0.0333,0,1,0,0.05,0,0,0.2,0,0,0,0,0,0,0.5,15.2669,3.5824,16.8277,18.1483,3539
"p330","ssp245","MIROC-ES2L","2075",0.33,0,0,44,105.55,4.7753,0.1,0,0.2,0,0.21,0,0,0,0,0,0,0,0,0,0.15,13.9552,9.3821,17.049,16.9259,3540
"p330","ssp245","MIROC-ES2L","2075",0.28,0.2,0,63,89.81,4.5233,0.1333,0,0.2,0,0.05,0,0,0,0,0,0,0,0,0,0.4,16.4985,8.403,11.7873,17.2372,3541
"p330","ssp245","MIROC-ES2L","2075",0.16,0,0,37,94.4,4.655,0.1833,0,0.3,0,0,0,0,0,0,0,0,0.1,0,0,0.2,15.0352,8.1991,14.1572,16.0144,3542
"p330","ssp245","MIROC-ES2L","2075",0.16,0.1,0,36,107.54,4.3738,0.1167,0,0.7,0,0,0,0,0,0,0,0,0,0,0,0.25,14.4886,7.4506,11.7977,16.1398,3543
"p330","ssp245","MIROC-ES2L","2075",0.29,0.35,0,63,102.46,4.7817,0.1167,0,0.2,0,0.07,0,0,0,0,0.35,0,0,0,0,0.15,16.8951,8.8924,12.6442,14.1688,3544
"p330","ssp245","MIROC-ES2L","2075",0.15,0.45,0,37,109.91,4.525,0.05,0,1,0,0.06,0,0,0,0,0.3,0,0,0,0,0.2,13.3489,4.9258,13.7635,14.0929,3545
"p330","ssp245","MIROC-ES2L","2075",0.23,0.3,0,46,104.93,4.8485,0.1667,0,0,0,0.05,0,0,0,0,0,0,0,0,0,0.3,15.1547,9.1469,10.9897,15.3077,3546
"p330","ssp245","MIROC-ES2L","2075",0.38,0.1,0,58,98.01,4.7999,0.3,0,0.15,0,0.07,0,0,0,0,0.1,0,0,0,0,0.2,15.4681,10.5589,13.5797,15.6879,3547
"p330","ssp245","MIROC-ES2L","2075",0.19,0.2,0,45,108.13,4.9065,0.1167,0,0,0,0.05,0,0,0,0,0,0,0.1,0.05,0,0.7,15.0488,9.1856,12.6795,17.2835,3548
"p330","ssp245","MIROC-ES2L","2075",0.08,0,0,40,113.09,4.7652,0.1,0,0.05,0,0.17,0,0,0,0,0.1,0,0,0,0,0.25,15.2942,9.4976,14.466,15.8049,3549
"p330","ssp245","MIROC-ES2L","2075",0.06,0,0,43,102.99,4.5633,0.1167,0,1,0,0.17,0,0,0,0,0,0,0,0.05,0,0.35,14.9747,3.2818,12.9943,19.0655,3550
"p330","ssp245","MIROC-ES2L","2075",0.43,0,0,44,103.64,4.376,0.0167,0,0.8,0,0.1,0.05,0,0,0,0.15,0,0.05,0,0,0.35,14.4437,5.3723,15.438,17.3855,3551
"p330","ssp245","MIROC-ES2L","2075",0.12,0,0,37,101.93,4.4189,0.0333,0,0.75,0,0.05,0,0,0,0,0.15,0,0,0,0,0.05,13.8759,6.196,13.7347,14.1682,3552
"p330","ssp245","MIROC-ES2L","2075",0.11,0,0,53,107.64,4.007,0.1833,0,0.9,0,0.17,0,0,0,0,0.25,0,0,0,0.15,0.15,15.5388,5.9388,16.4552,16.9415,3553
"p330","ssp245","MIROC-ES2L","2075",0.29,0.15,0,34,107.43,4.2428,0.0333,0,1,0,0.06,0,0,0,0,0,0,0.05,0,0,0.2,14.1003,4.2244,12.0932,17.4774,3554
"p330","ssp245","MIROC-ES2L","2075",0.37,0.15,0,51,104.5,4.573,0.0833,0,0.5,0,0.1,0,0,0,0,0,0,0,0,0,0.5,15.799,9.8344,15.0103,15.7936,3555
"p330","ssp245","MIROC-ES2L","2075",0.23,0,0,53,101.09,4.6704,0.1333,0,0.05,0,0.07,0,0,0,0,0,0,0.2,0.05,0,0.15,15.8931,8.4048,13.2445,18.2873,3556
"p330","ssp245","MIROC-ES2L","2075",0.07,0,0,41,101.64,4.6306,0.1833,0,0,0,0.06,0,0,0,0,0,0,0,0,0,0.5,15.0118,11.6625,10.9057,16.2332,3557
"p330","ssp245","MIROC-ES2L","2075",0.33,0,0,27,110.04,4.8425,0.1,0,0.35,0,0.07,0,0,0.3,0,0,0,0,0.05,0,0.35,13.1953,8.6652,18.4405,16.4274,3558
"p330","ssp245","MIROC-ES2L","2075",0.12,0.15,0.1,43,106.77,4.4802,0.0667,0,0.25,0,0.08,0,0,0,0,0.1,0,0,0,0,0.45,15.452,7.2869,13.415,17.4397,3559
"p330","ssp245","MIROC-ES2L","2075",0.37,0.35,0,53,108.68,4.4812,0.0833,0,0.75,0,0.1,0,0,0,0,0.1,0,0,0,0.15,0.9,15.4541,6.176,13.5412,17.7233,3560
"p330","ssp245","MIROC-ES2L","2075",0.37,0.25,0,51,95.63,5.015,0.0833,0,0.2,0.05,0.15,0,0,0,0,0,0,0,0,0,0.25,16.2132,8.0244,13.0742,15.4349,3561
"p330","ssp245","MIROC-ES2L","2075",0.28,0.25,0,42,104.63,4.9032,0.25,0,0,0.05,0.09,0,0,0,0,0,0,0,0,0,0.1,14.1856,10.5482,13.6468,13.1041,3562
"p330","ssp245","MIROC-ES2L","2075",0.28,0,0,21,99.04,4.7595,0.05,0,0.5,0,0.05,0,0,0,0,0.1,0,0.05,0,0,0.25,11.5247,7.2792,15.1737,17.2092,3563
"p330","ssp245","MIROC-ES2L","2075",0.36,0,0,29,103.47,4.8158,0.1167,0,0.05,0,0.06,0,0,0,0,0.1,0,0,0,0,0.3,12.6868,9.7782,13.3783,17.5082,3564
"p330","ssp245","MIROC-ES2L","2075",0.1,0,0,43,113.59,4.3319,0.1167,0,0.1,0,0,0,0,0,0,0,0,0.15,0,0,0.3,14.6653,8.5222,12.3725,21.0616,3565
"p330","ssp245","MIROC-ES2L","2075",0.15,0,0.15,39,110.91,4.8051,0.1,0,0.35,0,0,0,0,0,0,0.2,0,0,0,0,0.2,14.4769,7.6247,16.4253,18.8629,3566
"p330","ssp245","MIROC-ES2L","2075",0.35,0.1,0,47,103.78,4.3236,0.05,0,0,0,0.13,0,0,0,0,0,0,0,0.05,0,0.15,14.8703,8.3546,13.5497,17.5261,3567
"p330","ssp245","MIROC-ES2L","2075",0.14,0.15,0.2,43,104.91,4.6754,0.1,0,0.7,0,0.12,0,0,0,0,0,0,0.05,0.05,0,0.4,15.8207,7.4507,11.3503,18.0411,3568
"p330","ssp245","MIROC-ES2L","2075",0.27,0.15,0,46,101.69,4.4061,0.1333,0,0.15,0,0.07,0.05,0,0,0,0,0,0,0,0,0.35,14.9197,9.7348,13.6792,18.8915,3569
"p330","ssp245","MIROC-ES2L","2075",0.4,0.15,0,59,101.74,4.6153,0.25,0,0.35,0,0.14,0,0,0,0,0,0,0,0,0,0.15,16.7555,8.6977,14.2048,16.5514,3570
"p330","ssp245","MIROC-ES2L","2075",0.21,0,0.1,44,94.14,4.4717,0.1667,0,0.6,0,0.12,0,0,0,0,0,0,0,0,0,0.4,14.5221,7.0667,12.8692,15.6418,3571
"p330","ssp245","MIROC-ES2L","2075",0.23,0,0.1,50,113.39,4.2644,0.1167,0,0.15,0,0,0,0,0,0,0,0,0.05,0.05,0,0.35,15.0966,9.1863,11.738,17.8308,3572
"p330","ssp245","MIROC-ES2L","2075",0.11,0,0.15,44,111.01,4.6938,0.0167,0,0.8,0,0.13,0,0,0,0,0,0,0.1,0,0,0.95,15.9468,6.2643,15.6933,19.0253,3573
"p330","ssp245","MIROC-ES2L","2075",0.33,0.55,0,50,107.38,4.5581,0.2,0,0.2,0,0.12,0,0,0,0,0,0,0.05,0,0,0.2,16.5096,10.1508,14.6822,18.4735,3574
"p330","ssp245","MIROC-ES2L","2075",0.3,0,0,41,101.49,4.4802,0.1667,0,0.1,0,0.12,0,0,0,0,0.15,0,0,0,0,0.1,15.1661,9.6233,14.7523,15.0123,3575
"p330","ssp245","MIROC-ES2L","2075",0.12,0,0,33,108.73,5.0456,0.1167,0,0.1,0,0.05,0,0,0,0,0,0,0,0,0,0.25,14.5498,8.6243,15.0788,15.8056,3576
"p330","ssp245","MIROC-ES2L","2075",0.2,0,0,50,100.86,4.5572,0.1833,0,0.1,0,0.06,0,0,0,0,0.2,0,0,0.05,0,0.15,15.8386,8.5562,13.9307,15.7218,3577
"p330","ssp245","MIROC-ES2L","2075",0.41,0.1,0,48,100.54,4.5125,0.0667,0,0.35,0,0.1,0,0,0,0,0.15,0,0,0.05,0,0.5,15.6698,8.2202,14.006,17.3821,3578
"p330","ssp245","MIROC-ES2L","2075",0.38,0,0,34,94.93,4.2993,0.1167,0,0.35,0,0,0,0,0,0,0.15,0,0,0,0,0.8,13.5025,8.3921,13.3098,18.1167,3579
"p330","ssp245","MIROC-ES2L","2075",0.24,0.15,0.1,43,84.18,4.6284,0.3,0,0,0,0.17,0,0,0,0,0,0,0,0,0,0.6,15.6221,11.2314,13.3205,16.0027,3580
"p330","ssp245","MIROC-ES2L","2075",0.22,0.25,0,57,104.87,4.325,0.15,0,0.05,0,0.05,0,0,0,0,0,0,0,0,0,0.3,16.3785,11.1472,13.99,15.5274,3581
"p330","ssp245","MIROC-ES2L","2075",0.22,0.15,0,47,96.49,4.6442,0.0833,0,0.75,0,0.05,0,0,0,0,0.15,0,0.15,0,0,0.2,16.7513,5.9891,12.4012,18.5345,3582
"p330","ssp245","MIROC-ES2L","2075",0.18,0,0,37,111.95,4.7288,0.0833,0,0.3,0,0.1,0,0,0,0,0.1,0,0.25,0.05,0,0.15,14.7466,7.417,12.7953,17.0973,3583
"p330","ssp245","MIROC-ES2L","2075",0.29,0,0,22,97.22,4.9039,0.1667,0,0.2,0,0.05,0,0,0,0,0,0,0,0,0.15,0.5,13.3051,8.7531,11.1905,18.8356,3584
"p330","ssp245","MIROC-ES2L","2075",0.22,0.75,0,48,106.3,4.6319,0.1167,0,0.3,0,0.06,0,0,0.1,0,0,0,0.05,0,0,0.1,15.9497,7.1366,15.425,16.4162,3585
"p330","ssp245","MIROC-ES2L","2075",0.22,0.15,0,46,98.5,4.4642,0.1167,0,0.65,0,0.14,0,0,0,0,0.1,0,0.05,0.05,0,0.1,15.786,7.4268,14.3015,16.9498,3586
"p330","ssp245","MIROC-ES2L","2075",0.31,0,0,45,107.22,4.852,0.1167,0,0.45,0,0.09,0,0,0,0,0,0,0,0.05,0.15,0.85,14.9786,7.5013,14.6868,17.6011,3587
"p330","ssp245","MIROC-ES2L","2075",0.27,0.25,0,50,109.92,4.5985,0.1833,0,0.05,0,0.1,0,0,0,0,0.1,0,0,0,0,0.2,16.4278,9.4209,14.1937,16.9453,3588
"p330","ssp245","MIROC-ES2L","2075",0.27,0,0,34,107.65,5.0413,0.1833,0,0.1,0,0.11,0,0,0,0,0,0,0,0,0,0.25,14.6609,8.8116,13.119,15.7196,3589
"p330","ssp245","MIROC-ES2L","2075",0.13,0,0,31,105.3,4.5515,0.05,0,0.8,0,0.06,0,0,0,0,0,0,0,0,0,0.2,13.4134,5.4092,13.3997,15.4598,3590
"p330","ssp245","MIROC-ES2L","2075",0.21,0,0,49,108.38,4.657,0.1,0,0.45,0,0.06,0,0,0,0,0,0,0,0,0,0.25,15.5431,7.6279,14.3063,14.015,3591
"p330","ssp245","MIROC-ES2L","2075",0.16,0,0,27,98.78,4.4937,0.0833,0,0.5,0,0.16,0,0,0,0,0,0,0.05,0,0,0.4,13.3039,7.7248,13.4187,17.2508,3592
"p330","ssp245","MIROC-ES2L","2075",0.06,0.15,0,36,98.8,5.0412,0.4333,0,0.3,0,0.1,0,0,0,0,0,0,0,0,0,0.25,13.6572,10.8549,12.4585,15.3459,3593
"p330","ssp245","MIROC-ES2L","2075",0.27,0.3,0,52,104.51,4.4769,0.1167,0,0.05,0,0.09,0,0,0,0,0,0,0,0,0,0.15,15.9469,8.337,12.4847,14.9533,3594
"p330","ssp245","MIROC-ES2L","2075",0,0.1,0,44,104.82,4.685,0.1833,0,0.55,0,0.13,0,0,0,0,0,0,0,0,0.3,0.4,15.1932,9.7854,15.3598,17.2194,3595
"p330","ssp245","MIROC-ES2L","2075",0.32,0.2,0,58,111.09,4.5962,0.05,0,0.9,0,0.11,0,0,0,0,0,0,0,0,0,0.2,16.7443,6.0988,16.2567,17.9664,3596
"p330","ssp245","MIROC-ES2L","2075",0.05,0,0,61,111.17,4.6042,0.1333,0,0.4,0,0.08,0,0,0,0,0.2,0,0,0,0,0.1,15.8037,6.922,16.8758,15.5299,3597
"p330","ssp245","MIROC-ES2L","2075",0.2,0.15,0,42,107.83,4.6234,0.1833,0,0.05,0,0.15,0,0,0,0,0,0,0,0,0,0,14.4477,9.7413,14.5565,13.605,3598
"p330","ssp245","MIROC-ES2L","2075",0.27,0,0.1,59,91.48,4.3585,0.0667,0,0.5,0,0,0,0,0,0,0,0,0,0,0,0.25,16.2457,9.031,11.0505,17.1476,3599
"p330","ssp245","MIROC-ES2L","2075",0.25,0.3,0,63,104.71,4.6083,0.05,0,0.2,0,0.1,0,0,0,0,0,0,0,0,0,0.4,17.0109,7.9542,13.2908,13.9114,3600
"p330","ssp245","MIROC6","2075",0.16,0,0,45,101.87,4.9115,0.1667,0,0.75,0,0,0,0,0,0,0,0,0,0,0,0.25,15.1786,7.0671,11.698,15.0281,3601
"p330","ssp245","MIROC6","2075",0.05,0.15,0,45,104.28,5.1531,0.0667,0,0.1,0,0.2,0,0,0,0,0,0,0,0,0,0.3,15.0235,8.1114,13.3812,16.3111,3602
"p330","ssp245","MIROC6","2075",0.15,0,0,41,106.68,4.9743,0.15,0,0.7,0,0.26,0,0,0,0,0,0,0,0,0,0.25,14.641,7.1231,16.1728,16.0308,3603
"p330","ssp245","MIROC6","2075",0.31,0,0,39,104.08,4.9462,0.2667,0,0.1,0,0.08,0,0,0,0,0.2,0,0,0,0,0.2,13.5841,8.9532,11.4002,15.42,3604
"p330","ssp245","MIROC6","2075",0.18,0,0,59,106.21,5.0813,0.1167,0,0.3,0.05,0.15,0,0,0.1,0,0,0,0,0,0,0.25,15.2066,7.7679,14.8025,14.9307,3605
"p330","ssp245","MIROC6","2075",0.22,0.1,0,42,113.02,5.1503,0.1,0,0.65,0.05,0,0,0,0,0,0,0,0,0,0,0.3,14.1434,7.4638,9.5802,14.8353,3606
"p330","ssp245","MIROC6","2075",0.17,0.1,0,41,100.68,4.9807,0.0833,0,0.65,0,0.12,0,0,0,0,0,0,0,0,0,0.05,15.041,6.9024,11.3925,13.0659,3607
"p330","ssp245","MIROC6","2075",0.29,0.45,0,35,109.08,5.1275,0.1333,0,0.4,0,0.06,0,0,0,0,0,0,0.05,0.05,0,0.45,13.7826,7.8207,12.5415,19.3458,3608
"p330","ssp245","MIROC6","2075",0.41,0,0,59,97.26,4.3869,0.0667,0,0.9,0,0.1,0,0,0,0,0,0,0,0.05,0,0.1,16.3173,5.4104,14.7932,15.2121,3609
"p330","ssp245","MIROC6","2075",0.29,0.35,0,56,101.76,5.2413,0.2333,0,0.95,0,0.16,0,0,0,0,0,0,0,0,0,0.1,15.6969,6.3996,14.4187,15.2818,3610
"p330","ssp245","MIROC6","2075",0.13,0.15,0.15,60,99.45,4.9881,0.1333,0,0.3,0,0.19,0,0,0,0,0,0,0,0,0,0.1,16.4041,8.8396,15.4002,15.7209,3611
"p330","ssp245","MIROC6","2075",0.24,0,0,22,101.26,4.9461,0.05,0,0.7,0,0,0,0,0,0,0,0,0,0,0,0.1,12.5293,7.4626,12.8347,17.1653,3612
"p330","ssp245","MIROC6","2075",0.24,0.3,0,53,98.97,5.1052,0.3167,0,0.2,0,0.1,0,0,0,0,0.1,0,0,0,0,0.2,15.8729,9.7972,15.6183,14.3788,3613
"p330","ssp245","MIROC6","2075",0.26,0,0,46,101.54,5.3656,0.2333,0,0.2,0,0.12,0,0,0,0,0.15,0,0,0,0,0.2,13.9028,9.742,14.8405,15.4448,3614
"p330","ssp245","MIROC6","2075",0.1,0.1,0,45,104.54,5.0164,0.1167,0,0.3,0,0.05,0,0,0,0,0.1,0,0.05,0,0,0.3,14.5238,7.8517,14.3285,18.5895,3615
"p330","ssp245","MIROC6","2075",0.17,0,0,36,107.3,4.9575,0.1333,0,0.35,0,0.12,0,0,0,0,0.15,0,0,0,0,0.7,14.173,7.5062,15.8482,16.5871,3616
"p330","ssp245","MIROC6","2075",0.13,0,0,44,101.33,4.903,0.2,0,0.2,0,0.11,0,0,0,0,0,0,0,0,0,0.3,14.2531,9.0022,16.1072,15.5612,3617
"p330","ssp245","MIROC6","2075",0.18,0.1,0,41,93.63,4.7456,0.05,0,1,0,0,0,0,0,0,0,0,0,0,0,0.1,13.3846,4.8623,10.0625,14.3248,3618
"p330","ssp245","MIROC6","2075",0.32,0.4,0,44,103.8,4.6754,0.1333,0,1,0.05,0.07,0,0,0,0,0,0,0,0,0,0.1,14.5109,6.0155,11.2773,15.1067,3619
"p330","ssp245","MIROC6","2075",0.17,0.1,0,49,100.94,5.4166,0.0833,0,1,0,0,0,0,0,0,0,0,0,0,0,0.55,15.766,6.1482,13.6792,17.9276,3620
"p330","ssp245","MIROC6","2075",0.2,0.1,0,50,99.96,4.5643,0.1667,0,0.35,0,0.07,0,0,0,0,0,0,0,0.05,0,0.8,15.6247,7.1564,13.993,16.9426,3621
"p330","ssp245","MIROC6","2075",0.16,0,0,29,93.02,4.8315,0.1667,0,0.1,0,0.06,0,0,0,0,0,0,0,0,0,0.4,12.8634,8.9182,16.696,18.1694,3622
"p330","ssp245","MIROC6","2075",0.16,0.35,0,38,109.07,4.8534,0.1833,0,0.45,0.05,0.07,0,0,0,0,0,0,0,0,0,0.1,14.0482,8.9665,10.8155,13.5295,3623
"p330","ssp245","MIROC6","2075",0.43,0,0,44,100.8,4.435,0.0667,0,0.8,0,0,0,0,0,0,0,0,0,0,0.15,0.1,14.0449,6.5329,13.1652,17.5655,3624
"p330","ssp245","MIROC6","2075",0.16,0,0,36,105.65,5.0904,0.1,0,0.55,0.05,0,0,0,0,0,0.1,0,0,0,0,0.15,14.685,7.0958,11.3222,14.63,3625
"p330","ssp245","MIROC6","2075",0.25,0.3,0,48,106.98,4.8635,0.15,0,0.35,0,0.06,0,0,0,0,0,0,0,0,0,0.2,16.3049,6.8262,15.1202,15.772,3626
"p330","ssp245","MIROC6","2075",0.32,0,0,38,91.42,5.0275,0.1,0,0.85,0,0.15,0,0,0,0,0,0,0.05,0,0,0.45,13.3105,6.2754,15.757,17.6988,3627
"p330","ssp245","MIROC6","2075",0,0,0,37,109.96,4.9558,0.1667,0,0,0,0.05,0,0,0,0,0.15,0,0,0,0,0.15,13.6176,9.1177,11.5653,15.6482,3628
"p330","ssp245","MIROC6","2075",0.22,0.15,0,38,103.88,5.0852,0.1,0,0.65,0,0,0,0,0,0,0,0,0,0,0,0.05,14.9854,6.9946,12.9277,14.0349,3629
"p330","ssp245","MIROC6","2075",0.32,0,0,31,105.29,4.9601,0.0833,0,1,0,0.14,0,0,0,0,0,0,0,0,0,0.2,13.4774,3.6302,14.1682,16.558,3630
"p330","ssp245","MIROC6","2075",0.15,0,0.1,39,110.27,5.0146,0.1167,0,0.8,0,0.05,0,0,0,0,0,0,0,0,0,0.1,14.4631,5.0065,14.6565,12.6912,3631
"p330","ssp245","MIROC6","2075",0.41,0,0,56,97.49,5.0885,0.1,0,0.3,0,0.12,0,0,0,0,0,0,0,0,0,0.15,15.6378,7.2589,9.8717,14.7347,3632
"p330","ssp245","MIROC6","2075",0.32,0,0,48,105.61,5.2319,0.2,0,0.6,0,0,0,0,0,0,0.15,0,0,0,0,0.35,14.7509,8.0931,16.6707,15.7907,3633
"p330","ssp245","MIROC6","2075",0.22,0,0,40,93,5.0049,0.1833,0,0.5,0,0.12,0,0,0,0,0,0,0,0,0.15,0.4,14.007,9.4362,14.49,16.7955,3634
"p330","ssp245","MIROC6","2075",0.43,0,0,41,98.46,5.2011,0.1333,0,0.45,0,0.06,0,0,0,0,0,0,0,0,0,0.6,14.7305,7.2685,10.8848,15.7748,3635
"p330","ssp245","MIROC6","2075",0.32,0.4,0,49,109.01,5.2445,0.1167,0,0.55,0,0.13,0,0,0,0,0,0,0,0,0,0,15.2408,7.1276,13.2387,11.4553,3636
"p330","ssp245","MIROC6","2075",0.25,0.25,0,39,92.41,4.8162,0.2667,0,0.5,0,0.07,0,0,0,0,0.3,0,0,0.05,0,0.2,14.1541,8.1408,15.2888,15.6229,3637
"p330","ssp245","MIROC6","2075",0.15,0.15,0,35,101.82,4.2508,0.0167,0,0.9,0,0.06,0,0,0,0,0,0,0,0,0,0.25,13.7259,4.8148,13.7468,17.3258,3638
"p330","ssp245","MIROC6","2075",0.27,0.15,0,41,95.86,4.6917,0.0167,0,1,0,0.05,0,0,0.2,0,0,0,0,0,0,0.5,14.6172,2.5179,16.492,17.4576,3639
"p330","ssp245","MIROC6","2075",0.33,0,0,39,107,5.1357,0.1667,0,0.45,0,0.21,0,0,0,0,0,0,0,0,0,0.25,13.3087,8.3185,16.7072,16.2397,3640
"p330","ssp245","MIROC6","2075",0.29,0.2,0,58,83.21,4.8868,0.1333,0,0.75,0,0.12,0,0,0,0,0,0,0,0,0,0.3,15.844,7.3416,11.4518,16.5549,3641
"p330","ssp245","MIROC6","2075",0.16,0,0,32,97.59,4.9972,0.1833,0,0.6,0,0,0,0,0,0,0,0,0.1,0,0,0.15,14.3829,7.1358,13.8225,15.3242,3642
"p330","ssp245","MIROC6","2075",0.16,0.15,0,34,103.73,4.7055,0.1833,0,0.85,0,0.07,0,0,0,0,0,0,0,0,0,0.2,13.8394,6.3863,11.4612,15.4483,3643
"p330","ssp245","MIROC6","2075",0.29,0.35,0,54,102.2,5.1766,0.15,0,0.3,0,0.07,0,0,0,0,0.35,0,0,0,0,0.05,16.2479,7.8287,12.303,13.4836,3644
"p330","ssp245","MIROC6","2075",0.15,0.45,0,30,109.06,4.8872,0.0833,0,1,0,0.06,0,0,0,0,0.2,0,0,0,0,0.2,12.694,3.8652,13.4292,13.4107,3645
"p330","ssp245","MIROC6","2075",0.23,0.1,0,42,104.42,5.221,0.15,0,0.1,0,0.05,0,0,0,0,0,0,0,0,0,0.2,14.5022,8.0843,10.654,14.618,3646
"p330","ssp245","MIROC6","2075",0.37,0,0,49,96.75,5.1642,0.3167,0,0.4,0,0.07,0,0,0,0,0.1,0,0,0,0,0.1,14.8181,9.4952,13.2438,14.9974,3647
"p330","ssp245","MIROC6","2075",0.19,0.15,0,43,107.69,5.2856,0.1333,0,0,0,0.05,0,0,0,0,0,0,0.05,0.05,0,0.55,14.4007,8.122,12.3392,16.597,3648
"p330","ssp245","MIROC6","2075",0.15,0,0,35,110.74,5.1326,0.1333,0,0.2,0,0.17,0,0,0,0,0.1,0,0,0,0,0.2,14.6382,8.4372,14.1313,15.1228,3649
"p330","ssp245","MIROC6","2075",0.11,0,0,33,98.82,4.9225,0.1333,0,1,0,0.22,0,0,0,0,0,0,0,0.1,0,0.35,14.3212,2.2205,12.6583,18.3756,3650
"p330","ssp245","MIROC6","2075",0.43,0,0,37,98.61,4.7332,0.0167,0,1,0,0.1,0.05,0,0,0,0,0,0.05,0,0,0.2,13.7934,4.3088,15.1032,16.6941,3651
"p330","ssp245","MIROC6","2075",0.12,0,0,27,97.91,4.7494,0.0167,0,0.95,0,0.11,0,0,0,0,0.15,0,0,0,0,0.05,13.2279,5.1335,13.3932,13.4826,3652
"p330","ssp245","MIROC6","2075",0.11,0,0,47,102.91,4.3284,0.1833,0,1,0,0.17,0,0,0,0,0.2,0,0,0,0.15,0.15,14.8821,4.8782,16.1198,16.2597,3653
"p330","ssp245","MIROC6","2075",0.29,0.15,0,33,103.28,4.5923,0.0167,0,1,0,0.06,0,0,0,0,0,0,0,0,0,0.2,13.447,3.1628,11.7585,16.7876,3654
"p330","ssp245","MIROC6","2075",0.39,0.1,0,41,103.27,4.9248,0.0833,0,0.7,0,0.1,0,0,0,0,0,0,0,0,0,0.4,15.1476,8.7712,14.674,15.103,3655
"p330","ssp245","MIROC6","2075",0.18,0,0,48,99.29,5.0469,0.2,0,0.4,0,0.07,0,0,0,0,0,0,0.2,0,0,0.15,15.2441,7.342,12.9042,17.6015,3656
"p330","ssp245","MIROC6","2075",0.12,0,0,39,99.8,4.9802,0.2,0,0,0,0.06,0,0,0,0,0,0,0,0,0,0.45,14.3552,10.6029,10.5707,15.5525,3657
"p330","ssp245","MIROC6","2075",0.33,0,0,25,109.41,5.226,0.1167,0,0.6,0,0.13,0,0,0.3,0,0,0,0,0.05,0,0.35,12.541,7.6032,18.1052,15.738,3658
"p330","ssp245","MIROC6","2075",0.12,0.15,0,37,104.11,4.8519,0.0833,0,0.4,0,0.08,0,0,0,0,0,0,0,0,0,0.45,14.8008,6.2236,13.0795,16.7492,3659
"p330","ssp245","MIROC6","2075",0.37,0.35,0,51,103.88,4.8638,0.1,0,1,0,0.1,0,0,0,0,0,0,0,0,0.15,0.65,14.8049,5.1131,13.2002,17.0386,3660
"p330","ssp245","MIROC6","2075",0.37,0.25,0,42,94.25,5.3928,0.1,0,0.5,0.05,0.15,0,0,0,0,0,0,0,0,0,0.2,15.556,6.9643,12.7392,14.7544,3661
"p330","ssp245","MIROC6","2075",0.29,0.2,0,35,107.13,5.2609,0.2667,0,0.05,0.1,0.09,0,0,0,0,0,0,0,0,0,0,13.5307,9.4875,13.3117,12.4153,3662
"p330","ssp245","MIROC6","2075",0.33,0,0,16,99.81,5.1189,0.0667,0,0.8,0,0.1,0,0,0,0,0.1,0,0,0,0,0.25,10.8725,6.2164,14.8377,16.5195,3663
"p330","ssp245","MIROC6","2075",0.29,0,0,21,103.09,5.1756,0.1167,0,0.1,0,0.06,0,0,0,0,0.1,0,0,0,0,0.2,12.0373,8.7158,13.0372,16.8232,3664
"p330","ssp245","MIROC6","2075",0.1,0,0,37,111.32,4.6797,0.1333,0,0.25,0,0.05,0,0,0,0,0,0,0.15,0,0,0.3,14.007,7.4628,12.0383,20.3807,3665
"p330","ssp245","MIROC6","2075",0.15,0,0.15,37,110.6,5.1876,0.0833,0,0.65,0,0,0,0,0,0,0.2,0,0,0,0,0.15,13.8215,6.5633,16.09,18.1742,3666
"p330","ssp245","MIROC6","2075",0.35,0.15,0,39,101.42,4.6624,0.0833,0,0.25,0,0.17,0,0,0,0,0,0,0,0,0,0.15,14.2176,7.2916,13.2142,16.8358,3667
"p330","ssp245","MIROC6","2075",0.14,0.15,0.1,39,103.72,5.0587,0.0833,0,0.9,0,0.12,0,0,0,0,0,0,0.05,0.05,0,0.35,15.1702,6.3886,11.0102,17.3564,3668
"p330","ssp245","MIROC6","2075",0.29,0.1,0,44,103.06,4.7601,0.15,0,0.25,0,0.07,0,0,0,0,0,0,0,0,0,0.35,14.2614,8.6756,13.3438,18.2112,3669
"p330","ssp245","MIROC6","2075",0.45,0.15,0,56,100.87,4.9581,0.25,0,0.85,0,0.14,0,0,0,0,0,0,0,0,0,0.1,16.0997,7.6364,13.8697,15.8623,3670
"p330","ssp245","MIROC6","2075",0.21,0,0.1,32,93,4.8099,0.1667,0,1,0,0.12,0,0,0,0,0,0,0,0,0,0.4,13.8694,6.0039,12.5348,14.9518,3671
"p330","ssp245","MIROC6","2075",0.23,0,0,45,111.58,4.5739,0.1333,0,0.2,0,0,0,0,0,0,0,0,0.05,0.05,0,0.35,14.4456,8.1246,11.3968,17.1452,3672
"p330","ssp245","MIROC6","2075",0.11,0,0.15,44,106.95,5.0871,0.0667,0,0.95,0,0.13,0,0,0,0,0,0,0.1,0,0,0.8,15.2879,5.2055,15.3582,18.345,3673
"p330","ssp245","MIROC6","2075",0.33,0.3,0,49,106.73,4.91,0.1667,0,0.25,0,0.12,0,0,0,0,0,0,0,0,0,0.15,15.8533,9.0905,14.3473,17.785,3674
"p330","ssp245","MIROC6","2075",0.29,0.15,0,37,99.45,4.8313,0.1833,0,0.2,0,0.13,0,0,0,0,0.15,0,0,0,0,0.1,14.5125,8.5608,14.4162,14.3221,3675
"p330","ssp245","MIROC6","2075",0.12,0,0,23,107.8,5.4332,0.15,0,0.4,0,0.07,0,0,0,0,0,0,0,0,0,0.2,13.8988,7.5629,14.7382,15.1203,3676
"p330","ssp245","MIROC6","2075",0.2,0,0,48,96.87,4.9193,0.1833,0,0.4,0,0.06,0,0,0,0,0.1,0,0,0.05,0,0.15,15.1796,7.4978,13.596,15.0412,3677
"p330","ssp245","MIROC6","2075",0.43,0,0,47,98.26,4.8678,0.0667,0,0.4,0,0.12,0,0,0,0,0.15,0,0,0.05,0,0.45,15.0129,7.1601,13.6708,16.6935,3678
"p330","ssp245","MIROC6","2075",0.38,0,0,32,92.51,4.61,0.15,0,0.6,0,0,0,0,0,0,0.15,0,0,0,0,0.5,12.8484,7.3312,12.9747,17.4268,3679
"p330","ssp245","MIROC6","2075",0.24,0,0,39,84.63,5.0005,0.35,0,0.05,0,0.18,0,0,0,0,0,0,0,0.05,0,0.6,14.9708,10.1682,12.9858,15.3129,3680
"p330","ssp245","MIROC6","2075",0.22,0.1,0,54,104.8,4.6799,0.1667,0,0.1,0,0.05,0,0,0,0,0,0,0,0,0,0.4,15.7205,10.086,13.6603,14.8488,3681
"p330","ssp245","MIROC6","2075",0.22,0.15,0,44,95.89,5.0154,0.0667,0,1,0,0.05,0,0,0,0,0,0,0.1,0,0,0.2,16.0954,4.9274,12.072,17.8414,3682
"p330","ssp245","MIROC6","2075",0.25,0,0,33,108.67,5.0936,0.1,0,0.6,0.05,0.12,0,0,0,0,0.1,0,0.2,0.05,0,0.15,14.0937,6.3535,12.466,16.4021,3683
"p330","ssp245","MIROC6","2075",0.29,0.2,0,21,99.3,5.2903,0.1833,0,0.45,0,0.05,0,0,0,0,0,0,0,0,0.15,0.35,12.6549,7.6909,10.8552,18.1456,3684
"p330","ssp245","MIROC6","2075",0.22,0.55,0,42,104.41,4.9777,0.0833,0,0.6,0,0.08,0,0,0.3,0,0,0,0,0,0,0.05,15.2917,6.077,15.096,15.7371,3685
"p330","ssp245","MIROC6","2075",0.23,0.15,0,41,96.52,4.8276,0.1333,0,0.8,0,0.15,0,0,0,0,0.1,0,0.05,0.05,0,0.05,15.1301,6.3653,13.9713,16.2561,3686
"p330","ssp245","MIROC6","2075",0.36,0,0,40,103.08,5.2493,0.1333,0,0.65,0,0.09,0,0,0,0,0,0,0,0.05,0.15,0.6,14.3253,6.4381,14.3575,16.907,3687
"p330","ssp245","MIROC6","2075",0.32,0.4,0,48,107.29,4.9559,0.2,0,0.2,0,0.1,0,0,0,0,0.1,0,0,0,0,0.2,15.7771,8.3581,13.8592,16.2558,3688
"p330","ssp245","MIROC6","2075",0.32,0,0,30,104.91,5.4333,0.2,0,0.4,0,0.11,0,0,0,0,0,0,0,0,0,0.25,14.002,7.7522,12.7893,15.041,3689
"p330","ssp245","MIROC6","2075",0.21,0,0,26,101.1,4.9326,0.0333,0,1,0,0.1,0,0,0,0,0,0,0,0,0,0.1,12.7574,4.348,13.0703,14.7676,3690
"p330","ssp245","MIROC6","2075",0.22,0,0,44,105.07,5.029,0.0833,0,0.85,0,0.06,0,0,0,0,0,0,0,0,0,0.25,14.8896,6.5655,13.9767,13.32,3691
"p330","ssp245","MIROC6","2075",0.16,0,0,23,98.3,4.8533,0.0833,0,0.75,0,0.16,0,0,0,0,0,0,0.05,0,0,0.3,12.6526,6.6628,13.0833,16.5609,3692
"p330","ssp245","MIROC6","2075",0.06,0.15,0,32,100.09,5.4319,0.45,0,0.4,0,0.14,0,0,0,0,0,0,0,0,0,0.2,12.998,9.7966,12.1293,14.6676,3693
"p330","ssp245","MIROC6","2075",0.27,0,0,46,100.6,4.8339,0.0833,0,0.15,0,0.14,0,0,0,0,0,0,0,0,0,0.1,15.2909,7.2761,12.1548,14.26,3694
"p330","ssp245","MIROC6","2075",0,0.1,0,41,103.37,5.0692,0.1833,0,0.7,0,0.13,0,0,0,0,0,0,0,0,0.3,0.35,14.5391,8.7223,15.0298,16.5241,3695
"p330","ssp245","MIROC6","2075",0.32,0.15,0,55,109.07,4.9734,0.0833,0,1,0,0.11,0,0,0,0,0,0,0,0,0,0.2,16.0932,5.0363,15.9213,17.2762,3696
"p330","ssp245","MIROC6","2075",0.05,0,0,48,106.21,4.9903,0.1833,0,0.9,0,0.08,0,0,0,0,0,0,0,0,0,0.1,15.144,5.8634,16.5465,14.8512,3697
"p330","ssp245","MIROC6","2075",0.19,0,0,41,104.59,5.0028,0.2667,0,0.15,0,0.15,0,0,0,0,0,0,0,0,0,0,13.7908,8.6811,14.2255,12.9127,3698
"p330","ssp245","MIROC6","2075",0.27,0,0,50,90.74,4.6932,0.1,0,0.65,0,0.05,0,0,0,0,0,0,0,0,0,0.15,15.5912,7.9688,10.721,16.4523,3699
"p330","ssp245","MIROC6","2075",0.3,0.25,0,59,103.58,4.9766,0.05,0,0.45,0,0.1,0,0,0,0,0,0,0,0,0,0.35,16.3591,6.8923,12.9555,13.2221,3700
"p330","ssp245","MPI-ESM1-2-LR","2075",0.16,0,0,50,104,4.5134,0.0667,0,0.7,0,0,0,0,0,0,0,0,0,0,0,0.2,15.6486,6.6962,10.2918,13.8397,3701
"p330","ssp245","MPI-ESM1-2-LR","2075",0.05,0.4,0,51,107.42,4.776,0.05,0,0.05,0,0.08,0,0,0,0,0,0,0,0,0,0.15,15.4899,7.7421,11.9802,15.1148,3702
"p330","ssp245","MPI-ESM1-2-LR","2075",0.15,0,0,45,110.18,4.5758,0.1167,0,0.7,0,0.24,0,0,0,0,0,0,0,0,0,0.2,15.1036,6.7553,14.7788,14.8311,3703
"p330","ssp245","MPI-ESM1-2-LR","2075",0.31,0,0,48,108.02,4.5491,0.15,0,0.1,0,0.08,0,0,0,0,0.2,0,0,0,0,0.15,14.0435,8.586,10.0205,14.2132,3704
"p330","ssp245","MPI-ESM1-2-LR","2075",0.19,0,0,61,107.98,4.6778,0.0833,0,0.3,0.05,0.05,0,0,0,0,0.1,0,0,0,0,0.1,15.6771,7.3974,13.394,13.7434,3705
"p330","ssp245","MPI-ESM1-2-LR","2075",0.28,0.15,0.1,48,113.12,4.7595,0.05,0,0.6,0.1,0,0,0,0,0,0,0,0,0,0,0.3,14.6107,7.0945,8.1783,13.6388,3706
"p330","ssp245","MPI-ESM1-2-LR","2075",0.22,0.1,0,46,102.28,4.5848,0.0333,0,0.6,0,0.12,0,0,0,0,0,0,0,0,0,0,15.5045,6.5344,9.9963,11.867,3707
"p330","ssp245","MPI-ESM1-2-LR","2075",0.34,0.5,0,37,107.94,4.7352,0.0833,0,0.4,0,0.06,0,0,0,0,0,0,0.05,0,0,0.55,14.2429,7.453,11.1605,18.1397,3708
"p330","ssp245","MPI-ESM1-2-LR","2075",0.41,0,0,67,95.77,4.0695,0.05,0,0.85,0,0.1,0,0,0,0,0,0,0,0,0,0.1,16.7886,5.0391,13.3837,14.0265,3709
"p330","ssp245","MPI-ESM1-2-LR","2075",0.31,0.4,0,56,102.39,4.8161,0.1667,0,0.95,0,0.16,0,0,0,0,0,0,0,0,0,0.1,16.1646,6.0303,13.0152,14.0862,3710
"p330","ssp245","MPI-ESM1-2-LR","2075",0.13,0.2,0.15,66,101.08,4.5985,0.0833,0,0.3,0,0.14,0,0,0,0,0,0,0,0,0,0.05,16.8682,8.4717,14.0018,14.5227,3711
"p330","ssp245","MPI-ESM1-2-LR","2075",0.24,0,0,23,102.59,4.5693,0.05,0,0.65,0,0,0,0,0,0,0,0,0,0,0,0.05,12.9899,7.0945,11.4527,15.9602,3712
"p330","ssp245","MPI-ESM1-2-LR","2075",0.24,0.3,0,55,104.63,4.7086,0.25,0,0.2,0,0.1,0,0,0,0,0,0,0,0,0,0.1,16.3452,9.4254,14.2073,13.1938,3713
"p330","ssp245","MPI-ESM1-2-LR","2075",0.26,0,0,47,104.85,4.9336,0.1833,0,0.2,0,0.12,0,0,0,0,0.15,0,0,0,0,0.15,14.3722,9.3715,13.4368,14.2506,3714
"p330","ssp245","MPI-ESM1-2-LR","2075",0.1,0.15,0,50,109.11,4.6236,0.0833,0,0.25,0,0.05,0,0,0,0,0.15,0,0,0,0,0.3,14.9893,7.4832,12.9305,17.3924,3715
"p330","ssp245","MPI-ESM1-2-LR","2075",0.17,0,0,42,109.33,4.5671,0.0833,0,0.3,0,0.12,0,0,0,0,0.35,0,0,0,0,0.5,14.634,7.1381,14.4643,15.3818,3716
"p330","ssp245","MPI-ESM1-2-LR","2075",0.13,0,0,48,105.55,4.5332,0.0833,0,0.2,0,0.11,0,0,0,0,0,0,0,0,0,0.3,14.7256,8.6305,14.6963,14.3762,3717
"p330","ssp245","MPI-ESM1-2-LR","2075",0.18,0.1,0,44,92.4,4.4019,0.0167,0,1,0,0,0,0,0,0,0,0,0,0,0,0.1,13.8537,4.4915,8.6577,13.1312,3718
"p330","ssp245","MPI-ESM1-2-LR","2075",0.37,0.4,0,45,101.52,4.3107,0.0333,0,0.95,0.05,0.07,0,0,0,0,0,0,0,0,0,0.1,14.9768,5.6462,9.8772,13.9094,3719
"p330","ssp245","MPI-ESM1-2-LR","2075",0.17,0.25,0,57,104.38,5.0121,0.0333,0,1,0,0,0,0,0,0,0,0,0,0,0,0.5,16.2277,5.7792,12.294,16.7238,3720
"p330","ssp245","MPI-ESM1-2-LR","2075",0.2,0.15,0,55,98.18,4.2125,0.0833,0,0.35,0,0.07,0,0,0,0,0.1,0,0,0,0,0.4,16.0979,6.784,12.5798,15.7584,3721
"p330","ssp245","MPI-ESM1-2-LR","2075",0.16,0,0,33,98.27,4.4462,0.0667,0,0.1,0,0.06,0,0,0,0,0,0,0,0,0,0.1,13.3333,8.5477,15.29,16.9762,3722
"p330","ssp245","MPI-ESM1-2-LR","2075",0.16,0.35,0,40,111.08,4.4684,0.1333,0,0.45,0.05,0.06,0,0,0,0,0,0,0,0,0,0.05,14.5152,8.5971,9.4145,12.3333,3723
"p330","ssp245","MPI-ESM1-2-LR","2075",0.49,0,0,49,102.32,4.0879,0,0,0.8,0,0,0,0,0,0,0,0,0,0,0.15,0.1,14.508,6.1642,11.7795,16.362,3724
"p330","ssp245","MPI-ESM1-2-LR","2075",0.16,0.15,0,36,108.79,4.7175,0.0667,0,0.55,0.05,0,0,0,0,0,0,0,0,0,0,0,15.1593,6.7233,9.9085,13.446,3725
"p330","ssp245","MPI-ESM1-2-LR","2075",0.28,0.3,0,51,107.9,4.4971,0.1,0,0.25,0,0.06,0,0,0,0,0,0,0,0,0,0.15,16.7757,6.4552,13.7125,14.5795,3726
"p330","ssp245","MPI-ESM1-2-LR","2075",0.32,0,0,40,93.93,4.6437,0.0333,0,0.75,0,0.11,0,0,0,0,0,0,0,0,0,0.35,13.7776,5.9062,14.3535,16.5035,3727
"p330","ssp245","MPI-ESM1-2-LR","2075",0,0,0,44,107.47,4.587,0.05,0,0.05,0,0.05,0,0,0,0,0.15,0,0,0,0,0.1,14.0814,8.7482,10.1788,14.4453,3728
"p330","ssp245","MPI-ESM1-2-LR","2075",0.22,0.15,0,42,106.18,4.6758,0.05,0,0.65,0,0,0,0,0,0,0,0,0,0,0,0.05,15.4599,6.6222,11.513,12.8516,3729
"p330","ssp245","MPI-ESM1-2-LR","2075",0.32,0,0,35,106.33,4.6101,0.05,0,1,0,0.12,0,0,0,0,0,0,0,0,0,0.15,13.949,3.259,12.7602,15.3661,3730
"p330","ssp245","MPI-ESM1-2-LR","2075",0.15,0,0,49,110.54,4.6176,0.0667,0,0.75,0,0,0,0,0,0,0,0,0,0,0,0,14.9314,4.6362,13.2533,11.4964,3731
"p330","ssp245","MPI-ESM1-2-LR","2075",0.42,0,0,58,98.32,4.7242,0.05,0,0.1,0,0.11,0,0,0,0,0,0,0,0,0,0.1,16.1022,6.8895,8.4833,13.5326,3732
"p330","ssp245","MPI-ESM1-2-LR","2075",0.32,0,0,54,105.16,4.8405,0.05,0,0.55,0,0,0,0,0,0,0.15,0,0,0,0,0.2,15.2268,7.7202,15.2558,14.6084,3733
"p330","ssp245","MPI-ESM1-2-LR","2075",0.22,0,0,42,94.63,4.6015,0.1167,0,0.45,0,0.12,0,0,0,0,0.2,0,0,0,0,0.35,14.4791,9.0649,13.08,15.6044,3734
"p330","ssp245","MPI-ESM1-2-LR","2075",0.44,0,0,51,101.8,4.7799,0.0833,0,0.45,0.05,0.06,0,0,0,0,0,0,0,0,0,0.5,15.1991,6.8991,9.4808,14.58,3735
"p330","ssp245","MPI-ESM1-2-LR","2075",0.37,0.55,0,52,112.2,4.8472,0.0833,0,0.5,0,0.12,0,0,0,0,0,0,0,0,0,0,15.7059,6.7584,11.8485,10.2545,3736
"p330","ssp245","MPI-ESM1-2-LR","2075",0.25,0.25,0,42,95.54,4.4385,0.15,0,0.6,0,0.07,0,0,0,0,0.35,0,0,0,0,0.1,14.6309,7.767,13.8713,14.4401,3737
"p330","ssp245","MPI-ESM1-2-LR","2075",0.15,0.15,0,36,100.12,3.905,0.0167,0,1,0,0.06,0,0,0,0,0,0,0,0,0,0.2,14.1988,4.4428,12.3357,16.1361,3738
"p330","ssp245","MPI-ESM1-2-LR","2075",0.28,0.25,0,47,95.84,4.3273,0.0167,0,1,0,0.05,0,0,0,0,0,0,0,0,0,0.25,15.0865,2.1474,15.0865,16.2632,3739
"p330","ssp245","MPI-ESM1-2-LR","2075",0.33,0,0,45,107.63,4.7236,0.05,0,0.4,0,0.21,0,0,0,0,0.1,0,0,0,0,0.2,13.7747,7.9482,15.3163,15.0392,3740
"p330","ssp245","MPI-ESM1-2-LR","2075",0.34,0.2,0,61,88.53,4.4829,0.0833,0,0.6,0,0.05,0,0,0,0,0,0,0,0,0.15,0.25,16.3208,6.9681,10.0342,15.3738,3741
"p330","ssp245","MPI-ESM1-2-LR","2075",0.16,0,0,35,95.99,4.6295,0.1333,0,0.55,0,0,0,0,0,0,0,0,0.05,0,0,0.25,14.8562,6.7633,12.41,14.1342,3742
"p330","ssp245","MPI-ESM1-2-LR","2075",0.16,0.15,0,36,105.63,4.3164,0.0833,0,0.8,0,0,0,0,0,0,0,0,0,0,0,0,14.309,6.015,10.0543,14.2552,3743
"p330","ssp245","MPI-ESM1-2-LR","2075",0.29,0.35,0,63,102.12,4.767,0.0667,0,0.3,0.05,0.07,0,0,0,0,0,0,0,0,0,0,16.7146,7.4573,10.911,12.2835,3744
"p330","ssp245","MPI-ESM1-2-LR","2075",0.15,0.5,0,37,106.71,4.5101,0.0167,0,1,0,0.06,0,0,0,0,0.2,0,0,0,0,0.1,13.1717,3.4907,12.0098,12.2309,3745
"p330","ssp245","MPI-ESM1-2-LR","2075",0.23,0.1,0,47,104.02,4.8289,0.1,0,0.1,0,0.05,0,0,0,0,0,0,0,0,0,0.05,14.9759,7.7123,9.2403,13.4288,3746
"p330","ssp245","MPI-ESM1-2-LR","2075",0.4,0.15,0,56,96.81,4.7497,0.2,0,0.4,0,0.06,0,0,0,0,0.15,0,0,0,0,0.05,15.2885,9.124,11.835,13.8047,3747
"p330","ssp245","MPI-ESM1-2-LR","2075",0.19,0.2,0,46,110.21,4.8874,0.0833,0,0,0,0.05,0,0,0,0,0,0,0,0.05,0,0.3,14.8681,7.7509,10.9452,15.3976,3748
"p330","ssp245","MPI-ESM1-2-LR","2075",0.22,0,0,43,111.81,4.7648,0.0667,0,0.2,0,0.17,0,0,0,0,0.1,0,0,0,0,0.05,15.1167,8.062,12.7108,13.9434,3749
"p330","ssp245","MPI-ESM1-2-LR","2075",0.11,0,0,40,97.11,4.5437,0.1,0,1,0,0.17,0,0,0,0,0,0,0,0,0,0.5,14.7959,1.8472,11.2445,17.1873,3750
"p330","ssp245","MPI-ESM1-2-LR","2075",0.44,0,0,42,102.33,4.3709,0,0,1,0,0.1,0,0,0,0,0.1,0,0,0,0,0.15,14.2647,3.9373,13.6928,15.5032,3751
"p330","ssp245","MPI-ESM1-2-LR","2075",0.12,0,0,36,100.11,4.3808,0,0,0.95,0,0.05,0,0,0,0,0,0,0,0,0,0.05,13.6956,4.7618,11.9992,12.2827,3752
"p330","ssp245","MPI-ESM1-2-LR","2075",0.11,0,0,52,105.56,4.0025,0.1167,0,1,0,0.17,0,0,0,0,0.35,0,0,0,0,0.05,15.3618,4.5032,14.6987,15.0807,3753
"p330","ssp245","MPI-ESM1-2-LR","2075",0.29,0.15,0,33,104.54,4.2557,0,0,1,0,0.06,0,0,0,0,0,0,0,0,0,0.25,13.9229,2.7896,10.3418,15.5998,3754
"p330","ssp245","MPI-ESM1-2-LR","2075",0.46,0.2,0,49,102.98,4.5332,0.0333,0,0.7,0,0.1,0,0,0,0,0,0,0,0,0,0.25,15.6197,8.3989,13.265,13.912,3755
"p330","ssp245","MPI-ESM1-2-LR","2075",0.23,0,0,53,100.7,4.682,0.1167,0,0.45,0,0.07,0,0,0,0,0,0,0,0,0,0.15,15.7126,6.9699,11.5082,16.403,3756
"p330","ssp245","MPI-ESM1-2-LR","2075",0.12,0,0,41,102.63,4.5804,0.1333,0,0,0,0.06,0,0,0,0,0,0,0,0,0,0.25,14.8347,10.2277,9.148,14.3737,3757
"p330","ssp245","MPI-ESM1-2-LR","2075",0.38,0,0,28,112.83,4.8121,0.0833,0,0.5,0,0.07,0,0,0,0,0,0,0,0,0,0.55,13.0176,7.2297,16.6877,14.5514,3758
"p330","ssp245","MPI-ESM1-2-LR","2075",0.12,0.25,0.1,44,103.3,4.488,0.0667,0,0.4,0,0.08,0,0,0,0,0,0,0,0,0,0.25,15.2732,5.8518,11.6678,15.5589,3759
"p330","ssp245","MPI-ESM1-2-LR","2075",0.38,0.35,0,53,107.4,4.4938,0.0667,0,1,0,0.1,0,0,0,0,0,0,0,0,0,0.25,15.2746,4.7412,11.803,15.8405,3760
"p330","ssp245","MPI-ESM1-2-LR","2075",0.37,0.25,0,48,93.24,4.9845,0.0833,0,0.5,0.05,0.14,0,0,0,0,0,0,0,0,0,0.05,16.0365,6.5884,11.3158,13.5769,3761
"p330","ssp245","MPI-ESM1-2-LR","2075",0.29,0.2,0,39,107.99,4.8531,0.2167,0,0.05,0.15,0.09,0,0,0,0,0,0,0,0,0,0,14.008,9.1133,11.8932,11.2283,3762
"p330","ssp245","MPI-ESM1-2-LR","2075",0.33,0,0,20,99.09,4.7415,0.05,0,0.75,0,0.05,0,0,0,0,0.1,0,0,0,0,0.3,11.3456,5.844,13.4258,15.3289,3763
"p330","ssp245","MPI-ESM1-2-LR","2075",0.36,0,0,27,105.9,4.7691,0.0667,0,0.05,0,0.06,0,0,0,0,0,0,0,0,0,0.1,12.5076,8.3437,11.6397,15.6264,3764
"p330","ssp245","MPI-ESM1-2-LR","2075",0.15,0,0,43,113.2,4.3286,0.1,0,0.25,0,0,0,0,0,0,0,0,0.1,0,0,0.2,14.4886,7.0864,10.6137,19.2038,3765
"p330","ssp245","MPI-ESM1-2-LR","2075",0.16,0,0.15,40,110.52,4.8095,0.0667,0,0.6,0,0,0,0,0,0,0.35,0,0,0,0,0.15,14.2993,6.1887,14.67,16.9883,3766
"p330","ssp245","MPI-ESM1-2-LR","2075",0.38,0.15,0,46,102.34,4.3116,0.05,0,0.25,0,0.13,0,0,0,0,0,0,0,0,0,0.1,14.6916,6.9188,11.8002,15.6465,3767
"p330","ssp245","MPI-ESM1-2-LR","2075",0.14,0.2,0.1,45,104.42,4.7025,0.0833,0,0.85,0,0,0,0,0,0,0,0,0,0,0,0.1,15.6409,6.0162,9.6113,16.1603,3768
"p330","ssp245","MPI-ESM1-2-LR","2075",0.29,0.1,0,44,102.25,4.4222,0.0833,0,0.25,0.05,0.07,0,0,0,0,0,0,0,0,0,0.3,14.7431,8.2993,11.9188,17.0347,3769
"p330","ssp245","MPI-ESM1-2-LR","2075",0.51,0.15,0,58,101.81,4.5639,0.1833,0,0.7,0,0.14,0,0,0,0,0,0,0,0,0,0.05,16.5783,7.2618,12.4488,14.677,3770
"p330","ssp245","MPI-ESM1-2-LR","2075",0.24,0,0,43,93.75,4.4363,0.1333,0,1,0,0.1,0,0,0,0,0,0,0,0,0,0.25,14.3441,5.6318,11.1193,13.7636,3771
"p330","ssp245","MPI-ESM1-2-LR","2075",0.28,0,0,50,111.93,4.2126,0.0833,0,0.2,0,0,0,0,0,0,0,0,0,0,0,0.3,14.9174,7.7518,9.9967,15.9494,3772
"p330","ssp245","MPI-ESM1-2-LR","2075",0.23,0,0.15,47,109.27,4.693,0.0167,0,0.95,0,0.13,0,0,0,0,0.2,0,0,0,0,0.4,15.77,4.8286,13.9313,17.1694,3773
"p330","ssp245","MPI-ESM1-2-LR","2075",0.33,0.8,0,51,107.09,4.5146,0.1333,0,0.3,0,0.12,0,0,0,0,0,0,0,0,0,0.05,16.3326,8.7153,12.9255,16.6005,3774
"p330","ssp245","MPI-ESM1-2-LR","2075",0.3,0.15,0,40,103.8,4.4646,0.1167,0,0.2,0,0.12,0,0,0,0,0.15,0,0,0,0,0,14.9885,8.1875,13.0003,13.1345,3775
"p330","ssp245","MPI-ESM1-2-LR","2075",0.12,0,0,33,109.18,5.0217,0.0833,0,0.35,0,0,0,0,0,0,0,0,0,0,0,0.05,14.3712,7.1898,13.337,13.9258,3776
"p330","ssp245","MPI-ESM1-2-LR","2075",0.2,0,0,51,99.31,4.5663,0.15,0,0.4,0,0.06,0,0,0,0,0,0,0,0,0,0.1,15.6627,7.1208,12.1683,13.8668,3777
"p330","ssp245","MPI-ESM1-2-LR","2075",0.43,0.1,0,48,99.74,4.507,0.0167,0,0.4,0,0.1,0,0,0,0,0.15,0,0,0,0,0.3,15.4925,6.7847,12.2488,15.5097,3778
"p330","ssp245","MPI-ESM1-2-LR","2075",0.38,0,0,34,96.01,4.2407,0.0667,0,0.45,0,0,0,0,0,0,0.15,0,0,0,0,0.35,13.3252,6.957,11.5578,16.2397,3779
"p330","ssp245","MPI-ESM1-2-LR","2075",0.24,0,0,41,88.05,4.5782,0.1333,0,0.05,0,0.17,0,0,0,0,0,0,0,0,0,0.35,15.4432,9.7968,11.5738,14.1227,3780
"p330","ssp245","MPI-ESM1-2-LR","2075",0.24,0.1,0,56,104.63,4.3126,0.1167,0,0.15,0,0.05,0,0,0,0,0,0,0,0,0,0.4,16.2029,9.7103,12.2227,13.6737,3781
"p330","ssp245","MPI-ESM1-2-LR","2075",0.3,0.3,0,49,95.47,4.6419,0.0667,0,1,0,0,0,0,0,0,0.1,0,0,0,0,0.25,16.5747,4.5528,10.6387,16.6612,3782
"p330","ssp245","MPI-ESM1-2-LR","2075",0.31,0,0,38,110.14,4.7011,0.0667,0,0.6,0.05,0.05,0,0,0,0,0,0,0.05,0.05,0,0.1,14.5686,5.9808,11.039,15.2198,3783
"p330","ssp245","MPI-ESM1-2-LR","2075",0.29,0.2,0,22,99.6,4.8688,0.15,0,0.45,0,0.05,0,0,0,0,0,0,0,0,0,0.25,13.1261,7.3183,9.4428,16.9556,3784
"p330","ssp245","MPI-ESM1-2-LR","2075",0.24,0.7,0,48,104.89,4.5834,0.0833,0,0.6,0,0.06,0,0,0,0,0,0,0,0,0,0.1,15.7751,5.7008,13.657,14.5628,3785
"p330","ssp245","MPI-ESM1-2-LR","2075",0.28,0.15,0,49,96.52,4.4617,0.0833,0,0.8,0,0.14,0,0,0,0,0.1,0,0,0.05,0,0.05,15.6099,5.9907,12.5378,15.0767,3786
"p330","ssp245","MPI-ESM1-2-LR","2075",0.41,0,0,45,106.68,4.8422,0.0833,0,0.7,0,0.09,0,0,0,0,0,0,0,0,0,0.5,14.8013,6.0653,12.9292,15.7248,3787
"p330","ssp245","MPI-ESM1-2-LR","2075",0.35,0.4,0,50,109.53,4.5718,0.1,0,0.2,0,0.1,0,0,0,0,0,0,0,0,0,0.1,16.2497,7.9853,12.446,15.0676,3788
"p330","ssp245","MPI-ESM1-2-LR","2075",0.33,0,0,38,108.57,5.0072,0.1,0,0.35,0,0.11,0,0,0,0,0,0,0,0,0,0,14.4859,7.3754,11.35,13.8678,3789
"p330","ssp245","MPI-ESM1-2-LR","2075",0.21,0,0,30,102.52,4.5556,0.0333,0,1,0,0.06,0,0,0,0,0,0,0,0,0,0,13.2376,3.9733,11.635,13.5889,3790
"p330","ssp245","MPI-ESM1-2-LR","2075",0.22,0,0,48,107.42,4.6327,0.0667,0,0.8,0,0.06,0,0,0,0,0,0,0,0,0,0.15,15.3669,6.1919,12.5473,12.1386,3791
"p330","ssp245","MPI-ESM1-2-LR","2075",0.18,0,0,25,98.92,4.4763,0.0833,0,0.75,0,0.16,0,0,0,0,0,0,0,0,0,0.2,13.1258,6.2897,11.6682,15.3724,3792
"p330","ssp245","MPI-ESM1-2-LR","2075",0.11,0.15,0,36,101.13,4.9741,0.2667,0,0.4,0,0.1,0,0,0,0,0,0,0,0,0,0,13.4821,9.4189,10.6883,13.4946,3793
"p330","ssp245","MPI-ESM1-2-LR","2075",0.27,0,0,51,104.39,4.4692,0.0667,0,0.1,0,0.09,0,0,0,0,0,0,0,0,0,0.05,15.7714,6.9002,10.7195,13.0826,3794
"p330","ssp245","MPI-ESM1-2-LR","2075",0,0.1,0,44,108.12,4.6413,0.1667,0,0.65,0,0.13,0,0,0,0,0,0,0,0,0.15,0.05,15.0164,8.349,13.6,15.3445,3795
"p330","ssp245","MPI-ESM1-2-LR","2075",0.32,0.15,0,60,109.84,4.5817,0.0333,0,1,0,0.11,0,0,0,0,0,0,0,0,0,0.1,16.5667,4.6637,14.5052,16.0888,3796
"p330","ssp245","MPI-ESM1-2-LR","2075",0.13,0,0,54,109.58,4.591,0.1167,0,0.9,0,0.08,0,0,0,0,0.1,0,0,0,0,0.05,15.6288,5.4853,15.105,13.6797,3797
"p330","ssp245","MPI-ESM1-2-LR","2075",0.2,0,0,41,107.45,4.6239,0.1667,0,0.15,0,0.15,0,0,0,0,0,0,0,0,0,0,14.2723,8.305,12.7892,11.7353,3798
"p330","ssp245","MPI-ESM1-2-LR","2075",0.27,0,0,61,90.56,4.3149,0.0667,0,0.7,0,0,0,0,0,0,0,0,0,0,0,0.05,16.0688,7.5938,9.2895,15.2733,3799
"p330","ssp245","MPI-ESM1-2-LR","2075",0.3,0.25,0,64,104.86,4.5995,0,0,0.45,0,0.1,0,0,0,0,0,0,0,0,0,0.3,16.8334,6.5182,11.539,12.0344,3800
"p330","ssp245","MRI-ESM2-0","2075",0.16,0,0,47,97.3,5.0626,0.1333,0,1,0,0,0,0,0,0,0,0,0,0,0,0.25,15.246,6.0764,10.8668,15.3199,3801
"p330","ssp245","MRI-ESM2-0","2075",0.05,0.3,0.1,49,103.63,5.3336,0.0667,0,0.1,0,0.14,0,0,0,0,0,0,0,0,0,0.45,15.0893,7.1169,12.5455,16.6195,3802
"p330","ssp245","MRI-ESM2-0","2075",0.1,0,0,41,103.62,5.1297,0.1167,0,0.85,0,0.26,0,0,0,0,0,0,0,0,0,0.25,14.7045,6.1264,15.3317,16.3406,3803
"p330","ssp245","MRI-ESM2-0","2075",0.31,0,0,42,103.23,5.0855,0.2333,0,0.25,0,0.08,0,0,0,0,0.2,0,0,0,0,0.2,13.6455,7.9512,10.5637,15.7177,3804
"p330","ssp245","MRI-ESM2-0","2075",0.18,0,0,56,103.28,5.2399,0.1,0,0.5,0.05,0.09,0,0,0,0,0,0,0,0,0,0.25,15.2746,6.7774,13.973,15.2213,3805
"p330","ssp245","MRI-ESM2-0","2075",0.26,0,0.1,47,111,5.3357,0.0833,0,0.8,0.1,0,0,0,0,0,0,0,0,0,0,0.4,14.2098,6.4706,8.7458,15.1432,3806
"p330","ssp245","MRI-ESM2-0","2075",0.15,0.1,0,45,92.22,5.136,0.05,0,1,0,0.12,0,0,0,0,0,0,0,0,0,0.05,15.1053,5.9052,10.553,13.3752,3807
"p330","ssp245","MRI-ESM2-0","2075",0.34,0.45,0,34,105.77,5.288,0.1167,0,0.5,0,0.06,0,0,0,0,0,0,0.05,0.05,0,0.5,13.8446,6.8193,11.7053,19.6439,3808
"p330","ssp245","MRI-ESM2-0","2075",0.41,0,0,59,88.57,4.5426,0.05,0,1,0,0.1,0,0,0,0,0,0,0,0.05,0,0.2,16.3862,4.4208,13.9642,15.5035,3809
"p330","ssp245","MRI-ESM2-0","2075",0.29,0.35,0,56,97.46,5.4024,0.1833,0,1,0,0.16,0,0,0,0,0,0,0,0,0,0.15,15.7636,5.4073,13.5852,15.5889,3810
"p330","ssp245","MRI-ESM2-0","2075",0.13,0.2,0.15,58,93.12,5.1481,0.1167,0,0.3,0,0.14,0,0,0,0,0,0,0,0,0,0.15,16.4682,7.8438,14.561,16.0303,3811
"p330","ssp245","MRI-ESM2-0","2075",0.24,0,0,20,99.33,5.1069,0.0333,0,0.75,0,0,0,0,0,0,0,0,0,0,0,0.1,12.591,6.4616,12.0003,17.4632,3812
"p330","ssp245","MRI-ESM2-0","2075",0.24,0.3,0,54,96.41,5.2707,0.2833,0,0.2,0,0.1,0,0,0,0,0,0,0,0,0,0.25,15.9419,8.8082,14.7903,14.6688,3813
"p330","ssp245","MRI-ESM2-0","2075",0.27,0,0,46,98.31,5.5287,0.2167,0,0.35,0,0.12,0,0,0,0,0.15,0,0,0,0,0.25,13.9701,8.7497,14.0078,15.752,3814
"p330","ssp245","MRI-ESM2-0","2075",0.1,0,0,48,102.8,5.1783,0.1,0,0.6,0,0.05,0,0,0,0,0.15,0,0.05,0,0,0.3,14.5885,6.8566,13.4912,18.8985,3815
"p330","ssp245","MRI-ESM2-0","2075",0.11,0,0,38,105.06,5.1197,0.1,0,0.65,0,0.12,0,0,0,0,0.25,0,0,0,0,0.65,14.2353,6.5067,15.0142,16.8835,3816
"p330","ssp245","MRI-ESM2-0","2075",0.13,0,0,46,97.64,5.0672,0.1667,0,0.3,0,0.11,0,0,0,0,0,0,0,0,0,0.35,14.3229,8.0145,15.2813,15.8515,3817
"p330","ssp245","MRI-ESM2-0","2075",0.18,0,0,43,84.54,4.9111,0.0167,0,1,0.05,0,0,0,0,0,0,0,0,0,0,0.1,13.4521,3.8705,9.2308,14.6315,3818
"p330","ssp245","MRI-ESM2-0","2075",0.32,0.4,0,45,94.24,4.8197,0.0667,0,1,0.05,0.07,0,0,0,0,0,0,0,0,0,0.15,14.576,5.0207,10.4405,15.4152,3819
"p330","ssp245","MRI-ESM2-0","2075",0.17,0.25,0,52,99.6,5.5942,0.0667,0,1,0,0,0,0,0,0,0,0,0,0,0,0.65,15.8288,5.1482,12.8458,18.2253,3820
"p330","ssp245","MRI-ESM2-0","2075",0.2,0.15,0,49,93.86,4.712,0.1333,0,0.5,0,0.07,0,0,0,0,0.1,0,0,0.05,0,0.75,15.6943,6.1686,13.167,17.2312,3821
"p330","ssp245","MRI-ESM2-0","2075",0.16,0,0,30,92.65,4.9824,0.1167,0,0.25,0,0.06,0,0,0,0,0,0,0,0,0,0.4,12.9309,7.9274,15.8653,18.4765,3822
"p330","ssp245","MRI-ESM2-0","2075",0.15,0.35,0,37,106.14,5.0087,0.1667,0,0.55,0.05,0.06,0,0,0,0,0,0,0,0,0,0.15,14.1139,7.9724,9.9795,13.8364,3823
"p330","ssp245","MRI-ESM2-0","2075",0.36,0,0,44,94,4.5779,0.0167,0,0.85,0,0,0,0,0,0,0,0,0,0,0.15,0.15,14.1087,5.534,12.333,17.8627,3824
"p330","ssp245","MRI-ESM2-0","2075",0.16,0,0,33,102.05,5.2825,0.0833,0,0.75,0.05,0,0,0,0,0,0,0,0,0,0,0.2,14.7548,6.1083,10.4977,14.9187,3825
"p330","ssp245","MRI-ESM2-0","2075",0.15,0.3,0,49,102.12,5.0379,0.1167,0,0.7,0,0.06,0,0,0,0,0,0,0,0,0,0.25,16.373,5.8361,14.2897,16.0777,3826
"p330","ssp245","MRI-ESM2-0","2075",0.32,0,0,38,84.55,5.1866,0.0833,0,1,0,0.11,0,0,0,0,0,0,0.05,0,0,0.55,13.3763,5.2823,14.9218,18.0059,3827
"p330","ssp245","MRI-ESM2-0","2075",0,0,0,41,105.58,5.1277,0.15,0,0.35,0,0.05,0,0,0,0,0.15,0,0,0,0,0.15,13.6815,8.1188,10.7352,15.9445,3828
"p330","ssp245","MRI-ESM2-0","2075",0.22,0,0,39,101.3,5.2451,0.1,0,0.65,0,0,0,0,0,0,0,0,0,0,0,0.05,15.0552,6.008,12.1037,14.3234,3829
"p330","ssp245","MRI-ESM2-0","2075",0.32,0,0,33,103.33,5.145,0.05,0,1,0,0.12,0,0,0,0,0,0,0,0,0,0.2,13.5459,2.6402,13.3402,16.8633,3830
"p330","ssp245","MRI-ESM2-0","2075",0.15,0,0.1,47,106.57,5.1734,0.0667,0,1,0,0.05,0,0,0,0,0,0,0,0,0,0.1,14.5298,4.0128,13.8223,12.9988,3831
"p330","ssp245","MRI-ESM2-0","2075",0.41,0,0,56,92.74,5.2637,0.0833,0,0.5,0,0.12,0,0,0,0,0,0,0,0,0,0.2,15.7018,6.2615,9.0417,15.0311,3832
"p330","ssp245","MRI-ESM2-0","2075",0.32,0,0,50,101.78,5.4065,0.1333,0,0.85,0,0,0,0,0,0,0.15,0,0,0,0,0.4,14.822,7.1074,15.8487,16.0788,3833
"p330","ssp245","MRI-ESM2-0","2075",0.22,0,0,42,90.7,5.1613,0.1667,0,0.6,0,0.12,0,0,0,0,0,0,0,0.05,0.15,0.4,14.0758,8.447,13.6625,17.1005,3834
"p330","ssp245","MRI-ESM2-0","2075",0.35,0,0,47,95.21,5.357,0.1,0,0.65,0.05,0.06,0,0,0,0,0,0,0,0,0,0.6,14.7978,6.2763,10.053,16.0824,3835
"p330","ssp245","MRI-ESM2-0","2075",0.37,0.4,0,49,104.92,5.4194,0.1,0,0.65,0,0.12,0,0,0,0,0,0,0,0,0,0,15.3058,6.1317,12.4093,11.752,3836
"p330","ssp245","MRI-ESM2-0","2075",0.25,0.25,0,41,87.35,4.9632,0.2,0,0.8,0,0.07,0,0,0,0,0.3,0,0,0.05,0,0.25,14.2252,7.1552,14.4672,15.91,3837
"p330","ssp245","MRI-ESM2-0","2075",0.15,0,0,36,90.23,4.3907,0.0167,0,1,0,0.06,0,0,0,0,0.1,0,0,0,0,0.25,13.7947,3.8261,12.9203,17.6311,3838
"p330","ssp245","MRI-ESM2-0","2075",0.27,0.1,0,44,89.01,4.85,0.0167,0,1,0.05,0.05,0,0,0,0,0,0,0,0,0,0.5,14.6845,1.526,15.6607,17.7636,3839
"p330","ssp245","MRI-ESM2-0","2075",0.33,0,0,43,102.32,5.2918,0.1,0,0.55,0,0.21,0,0,0,0,0,0,0,0,0,0.15,13.374,7.3224,15.879,16.5358,3840
"p330","ssp245","MRI-ESM2-0","2075",0.28,0.2,0,57,76.6,5.0291,0.1333,0,1,0,0.05,0,0,0,0,0,0,0,0,0,0.35,15.9151,6.3568,10.632,16.8421,3841
"p330","ssp245","MRI-ESM2-0","2075",0.16,0,0,34,91.27,5.1717,0.15,0,0.9,0,0,0,0,0,0,0,0,0.1,0,0,0.2,14.4521,6.148,12.9967,15.6289,3842
"p330","ssp245","MRI-ESM2-0","2075",0.16,0.1,0,36,99.08,4.845,0.1333,0,0.9,0,0,0,0,0,0,0,0,0,0,0,0.25,13.9064,5.3948,10.6302,15.7548,3843
"p330","ssp245","MRI-ESM2-0","2075",0.29,0.35,0,58,98.85,5.3347,0.1167,0,0.55,0.05,0.07,0,0,0,0,0,0,0,0,0,0.05,16.3134,6.8334,11.4763,13.7783,3844
"p330","ssp245","MRI-ESM2-0","2075",0.15,0.25,0,36,103.33,5.0555,0.05,0,1,0,0.06,0,0,0,0,0.2,0,0,0,0,0.2,12.7654,2.881,12.6095,13.6981,3845
"p330","ssp245","MRI-ESM2-0","2075",0.23,0,0,46,98.22,5.3961,0.1167,0,0.2,0,0.05,0,0,0,0,0,0,0,0,0,0.3,14.5713,7.0971,9.8288,14.9227,3846
"p330","ssp245","MRI-ESM2-0","2075",0.38,0,0,55,87.37,5.3224,0.2833,0,0.6,0,0.07,0,0,0,0,0.1,0,0,0,0,0.15,14.8864,8.5043,12.4135,15.303,3847
"p330","ssp245","MRI-ESM2-0","2075",0.19,0.15,0,45,105.78,5.4656,0.1,0,0.2,0,0.05,0,0,0,0,0,0,0.05,0.05,0,0.55,14.4668,7.1268,11.513,16.8923,3848
"p330","ssp245","MRI-ESM2-0","2075",0.15,0,0,37,105.95,5.3273,0.1167,0,0.35,0,0.17,0,0,0,0,0.1,0,0,0,0,0.25,14.7105,7.4535,13.3125,15.4096,3849
"p330","ssp245","MRI-ESM2-0","2075",0.11,0,0,38,90.51,5.0885,0.1167,0,1,0.05,0.17,0,0,0,0,0,0,0,0.05,0,0.35,14.3913,1.2333,11.8358,18.6803,3850
"p330","ssp245","MRI-ESM2-0","2075",0.43,0,0,34,95.62,4.8974,0,0,1,0,0.1,0.05,0,0,0,0,0,0.05,0,0,0.35,13.8618,3.3192,14.2737,16.9997,3851
"p330","ssp245","MRI-ESM2-0","2075",0.12,0,0,33,91.88,4.9017,0.0167,0,1,0,0.05,0,0,0,0,0,0,0,0,0,0.05,13.2939,4.1389,12.568,13.7771,3852
"p330","ssp245","MRI-ESM2-0","2075",0.11,0,0,49,96.48,4.4827,0.1167,0,1,0,0.17,0,0,0,0,0.25,0,0,0,0.15,0.15,14.9548,3.8948,15.3028,16.5447,3853
"p330","ssp245","MRI-ESM2-0","2075",0.29,0.15,0,33,98.2,4.7525,0.0167,0,1,0,0.06,0,0,0,0,0,0,0,0,0,0.2,13.5179,2.1772,10.9357,17.0915,3854
"p330","ssp245","MRI-ESM2-0","2075",0.37,0.2,0,47,97.39,5.0781,0.0833,0,0.9,0,0.1,0,0,0,0,0,0,0,0,0,0.5,15.2168,7.7819,13.8473,15.4089,3855
"p330","ssp245","MRI-ESM2-0","2075",0.23,0,0,53,94.49,5.2209,0.15,0,0.75,0,0.07,0,0,0,0,0,0,0.2,0,0,0.15,15.311,6.3477,12.0795,17.8964,3856
"p330","ssp245","MRI-ESM2-0","2075",0.12,0,0,40,96.44,5.1323,0.2,0,0.1,0,0.06,0,0,0,0,0,0,0,0,0,0.45,14.4277,9.6198,9.7547,15.8379,3857
"p330","ssp245","MRI-ESM2-0","2075",0.33,0,0,25,106.41,5.4021,0.0833,0,0.85,0,0.07,0,0,0,0,0,0,0,0.05,0,0.35,12.6121,6.6177,17.2842,16.0421,3858
"p330","ssp245","MRI-ESM2-0","2075",0.17,0.15,0.1,43,98.53,5.0137,0.0833,0,0.55,0,0.08,0,0,0,0,0,0,0,0,0,0.45,14.8697,5.2348,12.2532,17.0548,3859
"p330","ssp245","MRI-ESM2-0","2075",0.37,0.35,0,53,103.64,5.0257,0.0833,0,1,0,0.1,0,0,0,0,0,0,0,0,0.15,0.9,14.8723,4.1203,12.3773,17.3317,3860
"p330","ssp245","MRI-ESM2-0","2075",0.37,0.25,0,45,84.23,5.5754,0.0833,0,0.8,0.05,0.15,0,0,0,0,0,0,0,0,0,0.2,15.6293,5.9824,11.9238,15.0379,3861
"p330","ssp245","MRI-ESM2-0","2075",0.28,0.15,0,37,102.85,5.4285,0.25,0,0.05,0.2,0.09,0,0,0,0,0,0,0,0,0,0.05,13.6024,8.5022,12.4928,12.7188,3862
"p330","ssp245","MRI-ESM2-0","2075",0.28,0,0,17,95.17,5.2855,0.0667,0,1,0,0.1,0,0,0,0,0.1,0,0,0,0,0.25,10.9421,5.2287,14.0123,16.8239,3863
"p330","ssp245","MRI-ESM2-0","2075",0.36,0,0,24,100,5.3391,0.1167,0,0.15,0,0.06,0,0,0,0,0,0,0,0,0,0.25,12.1047,7.7232,12.2153,17.117,3864
"p330","ssp245","MRI-ESM2-0","2075",0.1,0,0,39,107.86,4.8425,0.1167,0,0.5,0,0,0,0,0,0,0,0,0.15,0,0,0.3,14.081,6.4807,11.2238,20.6653,3865
"p330","ssp245","MRI-ESM2-0","2075",0.15,0,0.15,34,103.27,5.3662,0.0833,0,0.8,0,0,0,0,0,0,0.1,0,0,0,0,0.2,13.8936,5.5787,15.2703,18.4771,3866
"p330","ssp245","MRI-ESM2-0","2075",0.38,0.1,0,38,98.16,4.8169,0.05,0,0.45,0,0.13,0,0,0,0,0,0,0,0.05,0,0.15,14.2872,6.3041,12.3885,17.14,3867
"p330","ssp245","MRI-ESM2-0","2075",0.14,0.15,0.1,37,99.78,5.2515,0.0833,0,1,0,0.12,0,0,0,0,0,0,0.05,0.05,0,0.4,15.2381,5.3971,10.1888,17.6502,3868
"p330","ssp245","MRI-ESM2-0","2075",0.27,0.1,0,41,98.42,4.9309,0.1167,0,0.35,0.1,0.07,0.05,0,0,0,0,0,0,0,0,0.35,14.3354,7.695,12.5315,18.4944,3869
"p330","ssp245","MRI-ESM2-0","2075",0.45,0.15,0,56,98.79,5.115,0.2167,0,1,0,0.14,0,0,0,0,0,0,0,0,0,0.1,16.1721,6.6527,13.0518,16.1653,3870
"p330","ssp245","MRI-ESM2-0","2075",0.21,0,0.1,38,86.41,4.9672,0.1167,0,1,0,0.12,0,0,0,0,0,0,0,0,0,0.4,13.9396,5.0178,11.7107,15.2556,3871
"p330","ssp245","MRI-ESM2-0","2075",0.23,0,0.1,47,105.96,4.7154,0.1167,0,0.4,0,0,0,0,0,0,0,0,0.05,0.05,0,0.35,14.5145,7.1332,10.5762,17.4388,3872
"p330","ssp245","MRI-ESM2-0","2075",0.12,0,0.15,45,102.26,5.2539,0.0167,0,1,0,0.13,0,0,0,0,0,0,0.1,0,0,0.7,15.3618,4.2252,14.5468,18.6282,3873
"p330","ssp245","MRI-ESM2-0","2075",0.33,0.55,0,49,100.69,5.0617,0.15,0,0.35,0,0.12,0,0,0,0,0,0,0,0,0,0.15,15.926,8.1075,13.529,18.087,3874
"p330","ssp245","MRI-ESM2-0","2075",0.3,0,0,39,99.28,4.9887,0.1667,0,0.25,0,0.12,0,0,0,0,0.15,0,0,0,0,0.1,14.5834,7.5754,13.5943,14.6256,3875
"p330","ssp245","MRI-ESM2-0","2075",0.17,0,0,26,103.97,5.6138,0.1333,0,0.55,0,0.05,0,0,0,0,0,0,0,0,0,0.25,13.967,6.5719,13.9185,15.4136,3876
"p330","ssp245","MRI-ESM2-0","2075",0.2,0,0,49,94.31,5.092,0.1833,0,0.95,0,0.06,0,0,0,0,0,0,0,0.05,0,0.15,15.254,6.5187,12.7857,15.3244,3877
"p330","ssp245","MRI-ESM2-0","2075",0.43,0,0,47,91.87,5.0274,0.0333,0,0.65,0,0.1,0,0,0,0,0.15,0,0,0.05,0,0.5,15.0857,6.1774,12.855,16.9947,3878
"p330","ssp245","MRI-ESM2-0","2075",0.43,0,0,31,87.68,4.7507,0.1,0,0.8,0.05,0,0,0,0,0,0.15,0,0,0,0,0.6,12.9192,6.3449,12.1542,17.7298,3879
"p330","ssp245","MRI-ESM2-0","2075",0.24,0,0.1,40,85.44,5.1324,0.3333,0,0.15,0,0.18,0,0,0,0,0,0,0,0,0,0.45,15.0393,9.1804,12.1585,15.6182,3880
"p330","ssp245","MRI-ESM2-0","2075",0.24,0.1,0,55,101.15,4.8344,0.1333,0,0.3,0,0.05,0,0,0,0,0,0,0,0,0,0.4,15.7953,9.1092,12.8427,15.1303,3881
"p330","ssp245","MRI-ESM2-0","2075",0.22,0.15,0,44,90.9,5.184,0.0667,0,1,0,0.05,0,0,0,0,0.15,0,0.15,0,0,0.2,16.1683,3.947,11.2487,18.1541,3882
"p330","ssp245","MRI-ESM2-0","2075",0.18,0,0,37,105.92,5.2736,0.0833,0,1,0.05,0.1,0,0,0,0,0.1,0,0.25,0.05,0,0.15,14.1644,5.37,11.6367,16.7174,3883
"p330","ssp245","MRI-ESM2-0","2075",0.29,0.2,0,22,95.19,5.4499,0.15,0,0.7,0,0.05,0,0,0,0,0,0,0,0,0.15,0.45,12.7235,6.7031,10.0298,18.4502,3884
"p330","ssp245","MRI-ESM2-0","2075",0.22,0.55,0,47,100.36,5.134,0.0833,0,0.95,0,0.06,0,0,0.2,0,0,0,0.05,0,0,0.05,15.3668,5.0998,14.2788,16.0178,3885
"p330","ssp245","MRI-ESM2-0","2075",0.27,0.15,0,46,90.62,4.9899,0.1,0,1,0,0.14,0,0,0,0,0,0,0.05,0.05,0,0.1,15.2029,5.386,13.1485,16.5688,3886
"p330","ssp245","MRI-ESM2-0","2075",0.31,0,0,41,99.19,5.4121,0.1,0,0.85,0,0.09,0,0,0,0,0,0,0,0.05,0.15,0.75,14.3966,5.4558,13.5287,17.2217,3887
"p330","ssp245","MRI-ESM2-0","2075",0.34,0.25,0,50,105.06,5.1178,0.1833,0,0.45,0,0.1,0,0,0,0,0,0,0,0,0,0.2,15.8466,7.3708,13.0342,16.5603,3888
"p330","ssp245","MRI-ESM2-0","2075",0.27,0,0,33,101.48,5.6023,0.15,0,0.6,0,0.11,0,0,0,0,0,0,0,0,0,0.25,14.0776,6.7761,11.9742,15.3215,3889
"p330","ssp245","MRI-ESM2-0","2075",0.13,0,0,29,96.59,5.0973,0.0333,0,1,0,0.06,0,0,0,0,0,0,0,0,0,0.2,12.8305,3.3693,12.2482,15.0794,3890
"p330","ssp245","MRI-ESM2-0","2075",0.21,0,0,47,99.43,5.193,0.0333,0,1,0,0.06,0,0,0,0,0,0,0,0,0,0.25,14.9616,5.5833,13.1493,13.6352,3891
"p330","ssp245","MRI-ESM2-0","2075",0.16,0,0,24,92.29,5.0123,0.0833,0,0.9,0,0.16,0,0,0,0,0,0,0,0,0,0.35,12.7222,5.6766,12.2597,16.865,3892
"p330","ssp245","MRI-ESM2-0","2075",0.06,0.15,0,32,94.24,5.5785,0.4,0,0.55,0,0.1,0,0,0,0,0,0,0,0,0,0.25,13.0733,8.8202,11.314,14.9475,3893
"p330","ssp245","MRI-ESM2-0","2075",0.27,0,0,47,97.85,5.0026,0.0667,0,0.15,0,0.09,0,0,0,0,0,0,0,0,0,0.1,15.3647,6.2973,11.3343,14.572,3894
"p330","ssp245","MRI-ESM2-0","2075",0,0.1,0,41,100.3,5.2146,0.1833,0,1,0,0.13,0,0,0,0,0,0,0,0,0.3,0.4,14.611,7.7417,14.2037,16.8394,3895
"p330","ssp245","MRI-ESM2-0","2075",0.32,0.15,0,55,105.02,5.1433,0.0667,0,1,0,0.11,0,0,0,0,0,0,0,0,0,0.2,16.1629,4.0503,15.0993,17.5802,3896
"p330","ssp245","MRI-ESM2-0","2075",0.05,0,0,52,102.47,5.151,0.15,0,1,0,0.08,0,0,0,0,0.1,0,0,0,0,0.1,15.2201,4.8879,15.733,15.1309,3897
"p330","ssp245","MRI-ESM2-0","2075",0.2,0,0,41,102.39,5.1794,0.2167,0,0.3,0,0.15,0,0,0,0,0,0,0,0,0,0,13.8649,7.7032,13.407,13.2241,3898
"p330","ssp245","MRI-ESM2-0","2075",0.27,0,0.1,54,85.38,4.8441,0.0833,0,0.75,0,0,0,0,0,0,0,0,0,0,0,0.2,15.6632,6.9874,9.8963,16.7671,3899
"p330","ssp245","MRI-ESM2-0","2075",0.3,0.25,0,61,97.87,5.1407,0.05,0,0.65,0,0.1,0,0,0,0,0,0,0,0,0,0.4,16.4295,5.9072,12.134,13.5248,3900
"p330","ssp245","NESM3","2075",0.16,0.25,0.15,60,102.21,4.7029,0.0667,0,0.7,0,0,0,0,0,0,0,0,0,0,0,0.25,17.286,6.7846,11.211,14.7937,3901
"p330","ssp245","NESM3","2075",0.05,0.6,0,65,106.66,4.9631,0.05,0,0,0,0.13,0,0,0,0,0,0,0,0,0,0.2,17.1279,7.8274,12.8983,16.0645,3902
"p330","ssp245","NESM3","2075",0.15,0,0,64,108.52,4.7448,0.1333,0,0.7,0,0.26,0,0,0,0,0.1,0,0,0,0,0.2,16.7415,6.8379,15.6925,15.7798,3903
"p330","ssp245","NESM3","2075",0.31,0,0,62,106.39,4.7019,0.15,0,0.1,0,0.08,0,0,0,0,0.2,0,0,0,0,0.15,15.6811,8.6673,10.9312,15.1633,3904
"p330","ssp245","NESM3","2075",0.19,0,0,65,108.06,4.8389,0.0833,0,0.35,0,0.09,0,0,0,0,0,0,0,0,0,0.15,17.3151,7.4855,14.3143,14.6962,3905
"p330","ssp245","NESM3","2075",0.28,0.1,0.1,60,111.91,4.9501,0.0833,0,0.55,0.05,0,0,0,0,0,0,0,0,0,0,0.3,16.2491,7.1802,9.0962,14.5889,3906
"p330","ssp245","NESM3","2075",0.22,0.2,0,59,100.36,4.7519,0.05,0,0.7,0,0.12,0,0,0,0,0,0,0,0,0,0.05,17.1425,6.6182,10.9122,12.8162,3907
"p330","ssp245","NESM3","2075",0.34,0.5,0,43,102.59,4.9059,0.0833,0,0.3,0,0.06,0,0,0,0,0,0,0.05,0.05,0,0.5,15.8801,7.5354,12.0715,19.09,3908
"p330","ssp245","NESM3","2075",0.41,0.1,0,82,92.11,4.2109,0.05,0,0.85,0,0.1,0,0,0,0,0,0,0,0,0,0.05,18.4269,5.1279,14.305,14.9801,3909
"p330","ssp245","NESM3","2075",0.3,0.7,0,61,101.17,4.989,0.1667,0,0.9,0,0.16,0,0,0,0,0,0,0,0,0,0.1,17.8029,6.1161,13.9342,15.0359,3910
"p330","ssp245","NESM3","2075",0.13,0.3,0.15,73,97.87,4.7822,0.1,0,0.3,0,0.14,0,0,0,0,0,0,0,0,0,0.1,18.5059,8.5554,14.9188,15.4718,3911
"p330","ssp245","NESM3","2075",0.24,0,0.1,38,101.5,4.7295,0.05,0,0.7,0,0,0,0,0,0,0,0,0,0,0,0.05,14.6275,7.1775,12.3638,16.9106,3912
"p330","ssp245","NESM3","2075",0.24,0.4,0,67,105.08,4.8968,0.2667,0,0.2,0,0.1,0,0,0,0,0.1,0,0,0,0,0.15,17.9829,9.515,15.1288,14.1465,3913
"p330","ssp245","NESM3","2075",0.26,0,0,57,102.87,5.1236,0.2,0,0.1,0,0.12,0,0,0,0,0.15,0,0,0,0,0.15,16.0095,9.4588,14.3538,15.2006,3914
"p330","ssp245","NESM3","2075",0.1,0.25,0,63,107.06,4.7968,0.0833,0,0.25,0,0.05,0,0,0,0,0.3,0,0.05,0,0,0.35,16.6268,7.5672,13.8465,18.3412,3915
"p330","ssp245","NESM3","2075",0.17,0,0.1,60,106,4.7471,0.1,0,0.35,0,0.12,0,0,0,0,0.25,0,0,0,0,0.7,16.272,7.2205,15.3762,16.3327,3916
"p330","ssp245","NESM3","2075",0.13,0.1,0,60,104.33,4.7046,0.1,0,0.2,0,0.11,0,0,0,0,0,0,0,0,0,0.3,16.364,8.7201,15.6168,15.33,3917
"p330","ssp245","NESM3","2075",0.18,0.1,0,51,90.77,4.5505,0.0167,0,1,0,0,0,0,0,0,0,0,0,0,0,0.1,15.4916,4.5786,9.5757,14.0806,3918
"p330","ssp245","NESM3","2075",0.32,0.4,0,54,98.62,4.4467,0.0333,0,1,0,0.07,0,0,0,0,0,0,0,0,0,0.1,16.6146,5.7306,10.7952,14.8591,3919
"p330","ssp245","NESM3","2075",0.17,0.45,0,72,102.8,5.1962,0.0333,0,1,0,0,0,0,0,0,0,0,0,0,0,0.55,17.8656,5.8625,13.2068,17.6738,3920
"p330","ssp245","NESM3","2075",0.2,0.35,0,68,96.77,4.3612,0.0833,0,0.25,0,0.07,0,0,0,0,0.1,0,0,0,0,0.6,17.7359,6.8742,13.5022,16.7121,3921
"p330","ssp245","NESM3","2075",0.16,0,0,40,98,4.6117,0.0833,0,0.1,0,0.06,0,0,0,0,0,0,0,0,0,0.15,14.9714,8.6353,16.2082,17.9267,3922
"p330","ssp245","NESM3","2075",0.16,0.35,0,50,110.52,4.6358,0.1333,0,0.4,0.05,0.06,0,0,0,0,0,0,0,0,0,0.05,16.1527,8.6827,10.3312,13.2818,3923
"p330","ssp245","NESM3","2075",0.49,0,0,60,100.86,4.2427,0,0,0.8,0,0,0,0,0,0,0,0,0,0,0.15,0.15,16.146,6.2483,12.6922,17.3123,3924
"p330","ssp245","NESM3","2075",0.16,0,0,46,106.94,4.9023,0.0667,0,0.6,0.05,0,0,0,0,0,0,0,0,0,0,0.1,16.7969,6.8139,10.8297,14.4003,3925
"p330","ssp245","NESM3","2075",0.25,0.6,0,67,107.82,4.6592,0.1,0,0.3,0,0.06,0,0,0,0,0,0,0,0,0,0.2,18.4135,6.5438,14.633,15.5294,3926
"p330","ssp245","NESM3","2075",0.32,0,0,49,91.64,4.8179,0.0333,0,0.75,0,0.11,0,0,0,0,0,0,0.05,0,0,0.4,15.4154,5.9921,15.2722,17.4527,3927
"p330","ssp245","NESM3","2075",0,0,0,51,105.66,4.7483,0.0667,0,0.2,0,0.05,0,0,0,0,0.15,0,0,0,0,0.15,15.7193,8.8328,11.0913,15.3964,3928
"p330","ssp245","NESM3","2075",0.22,0.4,0,62,104.72,4.8501,0.05,0,0.65,0,0,0,0,0,0,0,0,0,0,0,0.05,17.0979,6.7135,12.4352,13.8066,3929
"p330","ssp245","NESM3","2075",0.32,0,0,50,105.68,4.8005,0.0667,0,1,0,0.12,0,0,0,0,0,0,0,0,0,0.2,15.5865,3.3477,13.6802,16.3171,3930
"p330","ssp245","NESM3","2075",0.15,0,0.1,59,107.75,4.7935,0.0667,0,0.75,0,0.05,0,0,0,0,0,0,0,0,0,0,16.5689,4.7225,14.1713,12.4462,3931
"p330","ssp245","NESM3","2075",0.41,0,0,68,95.67,4.8748,0.05,0,0.1,0,0.12,0,0,0,0,0,0,0,0,0,0.25,17.7402,6.9742,9.397,14.4841,3932
"p330","ssp245","NESM3","2075",0.32,0.25,0,65,103.22,5.0023,0.0833,0,0.6,0,0,0,0,0,0,0.15,0,0,0,0,0.2,16.8641,7.8123,16.1778,15.5628,3933
"p330","ssp245","NESM3","2075",0.22,0,0,59,94.78,4.7805,0.1167,0,0.4,0,0.12,0,0,0,0,0,0,0,0.05,0.15,0.4,16.1168,9.1541,14.0005,16.5552,3934
"p330","ssp245","NESM3","2075",0.43,0.15,0,59,101.24,4.958,0.0833,0,0.55,0,0.06,0,0,0,0,0,0,0,0,0,0.55,16.8376,6.9857,10.399,15.5314,3935
"p330","ssp245","NESM3","2075",0.37,0.65,0,57,109.86,5.0264,0.0833,0,0.55,0,0.12,0,0,0,0,0,0,0,0,0,0,17.3436,6.8445,12.7625,11.2053,3936
"p330","ssp245","NESM3","2075",0.25,0.45,0,55,94.53,4.5989,0.15,0,0.65,0,0.07,0,0,0,0,0.3,0,0,0.05,0,0.2,16.2678,7.8595,14.7947,15.3959,3937
"p330","ssp245","NESM3","2075",0.15,0.25,0,56,100.02,4.073,0.0167,0,0.95,0,0.06,0,0,0,0,0.1,0,0,0,0,0.35,15.8359,4.5326,13.2562,17.0867,3938
"p330","ssp245","NESM3","2075",0.27,0.5,0,56,92.66,4.4921,0.0167,0,1,0,0.05,0,0,0,0,0,0,0,0,0,0.3,16.7248,2.2349,16.0053,17.2142,3939
"p330","ssp245","NESM3","2075",0.33,0,0,61,107.47,4.8962,0.05,0,0.4,0,0.21,0,0,0,0,0,0,0,0,0,0.2,15.4127,8.0347,16.2303,15.9903,3940
"p330","ssp245","NESM3","2075",0.29,0.3,0,70,86.6,4.6634,0.0833,0,0.55,0,0.05,0,0,0,0,0,0,0,0,0,0.3,17.9584,7.0607,10.9582,16.3287,3941
"p330","ssp245","NESM3","2075",0.16,0,0,59,89.84,4.792,0.1333,0,0.65,0,0,0,0,0,0,0,0,0.05,0,0,0.15,16.4942,6.8547,13.3312,15.0855,3942
"p330","ssp245","NESM3","2075",0.16,0.15,0,43,104.74,4.486,0.0833,0,0.75,0,0,0,0,0,0,0,0,0,0,0,0.05,15.9464,6.1035,10.9748,15.2064,3943
"p330","ssp245","NESM3","2075",0.29,0.75,0,76,101.1,4.9492,0.0667,0,0.3,0,0.07,0,0,0,0,0.35,0,0,0,0,0.05,18.3521,7.5449,11.8263,13.2341,3944
"p330","ssp245","NESM3","2075",0.15,0.5,0,48,105.08,4.6863,0.0333,0,1,0,0.06,0,0,0,0,0.2,0,0,0,0,0.2,14.8087,3.5846,12.9337,13.1862,3945
"p330","ssp245","NESM3","2075",0.23,0.35,0,52,101.61,4.9994,0.1,0,0.1,0,0.05,0,0,0,0,0,0,0,0,0,0.2,16.6134,7.8027,10.162,14.38,3946
"p330","ssp245","NESM3","2075",0.4,0.25,0,66,93.75,4.9077,0.2,0,0.4,0,0.07,0,0,0,0,0.1,0,0,0,0,0.1,16.9266,9.2124,12.7553,14.7552,3947
"p330","ssp245","NESM3","2075",0.19,0.2,0,52,108.62,5.0766,0.0833,0,0,0,0.05,0,0,0,0,0,0,0,0.05,0,0.55,16.5061,7.8388,11.8605,16.3497,3948
"p330","ssp245","NESM3","2075",0.15,0,0,60,109.22,4.9479,0.0667,0,0.2,0,0.17,0,0,0,0,0.1,0,0,0,0,0.15,16.7542,8.1559,13.6367,14.899,3949
"p330","ssp245","NESM3","2075",0.11,0,0,60,96.05,4.7183,0.1167,0,1,0,0.17,0,0,0,0,0,0,0,0,0,0.5,16.4336,1.9385,12.1668,18.1389,3950
"p330","ssp245","NESM3","2075",0.44,0,0,59,100.6,4.5584,0,0,1,0,0.1,0.05,0,0,0,0.1,0,0.05,0,0,0.2,15.9029,4.0264,14.6133,16.4535,3951
"p330","ssp245","NESM3","2075",0.12,0.15,0,50,98.93,4.5414,0.0167,0,1,0,0.05,0,0,0,0,0.15,0,0,0,0,0.05,15.333,4.8493,12.9152,13.2347,3952
"p330","ssp245","NESM3","2075",0.11,0,0,69,103.59,4.151,0.1333,0,1,0,0.17,0,0,0,0,0.25,0,0,0,0,0.1,16.9991,4.598,15.6237,16.0362,3953
"p330","ssp245","NESM3","2075",0.29,0.2,0,48,103.74,4.4205,0,0,1,0,0.06,0,0,0,0,0,0,0,0,0,0.2,15.5605,2.8809,11.2657,16.5523,3954
"p330","ssp245","NESM3","2075",0.45,0.3,0,68,101.39,4.6966,0.0667,0,0.75,0,0.1,0,0,0,0,0,0,0,0,0,0.35,17.2579,8.4891,14.1858,14.8636,3955
"p330","ssp245","NESM3","2075",0.23,0,0,69,99.45,4.8417,0.1167,0,0.4,0,0.07,0,0,0,0,0,0,0.2,0.05,0,0.15,17.3505,7.0586,12.425,17.355,3956
"p330","ssp245","NESM3","2075",0.12,0,0,56,101.88,4.746,0.1333,0,0,0,0.06,0,0,0,0,0,0,0,0,0,0.3,16.4728,10.3227,10.0737,15.3294,3957
"p330","ssp245","NESM3","2075",0.33,0,0.1,42,110.96,5.013,0.1,0,0.5,0,0.07,0,0,0.1,0,0,0,0,0,0,0.35,14.6556,7.3228,17.6123,15.5032,3958
"p330","ssp245","NESM3","2075",0.12,0.3,0.15,57,101.46,4.6469,0.0667,0,0.4,0,0.08,0,0,0,0,0,0,0,0,0,0.45,16.9109,5.9416,12.5893,16.51,3959
"p330","ssp245","NESM3","2075",0.38,0.45,0,57,108.15,4.6593,0.0833,0,1,0,0.1,0,0,0,0,0,0,0,0,0,0.55,16.9118,4.8303,12.7205,16.792,3960
"p330","ssp245","NESM3","2075",0.37,0.55,0,68,90.41,5.1571,0.0833,0,0.5,0.05,0.15,0,0,0,0,0,0,0,0,0,0.15,17.6741,6.6843,12.2423,14.5324,3961
"p330","ssp245","NESM3","2075",0.29,0.3,0.1,52,105.74,5.0383,0.2167,0,0.05,0.1,0.09,0,0,0,0,0,0,0,0,0,0,15.6455,9.2061,12.8175,12.1815,3962
"p330","ssp245","NESM3","2075",0.33,0,0,27,98.41,4.8952,0.05,0,0.75,0,0.05,0,0,0,0,0.1,0,0,0,0,0.3,12.9834,5.9348,14.348,16.2797,3963
"p330","ssp245","NESM3","2075",0.36,0,0,42,104.83,4.9397,0.0667,0,0.05,0,0.06,0,0,0,0,0.1,0,0,0,0,0.15,14.1451,8.433,12.5572,16.5786,3964
"p330","ssp245","NESM3","2075",0.15,0,0,52,112.23,4.5012,0.1,0,0.25,0,0,0,0,0,0,0,0,0.15,0,0,0.3,16.1255,7.1821,11.54,20.1594,3965
"p330","ssp245","NESM3","2075",0.15,0,0.15,55,108.54,4.976,0.0667,0,0.7,0,0,0,0,0,0,0.2,0,0,0,0,0.15,15.9369,6.2823,15.595,17.94,3966
"p330","ssp245","NESM3","2075",0.38,0.5,0,61,100.64,4.4489,0.05,0,0.35,0,0.13,0,0,0,0,0,0,0,0,0,0.15,16.3291,7.0097,12.723,16.5982,3967
"p330","ssp245","NESM3","2075",0.14,0.15,0.3,63,103,4.8783,0.0833,0,0.95,0,0.12,0,0,0,0,0,0,0,0.05,0,0.2,17.2791,6.1063,10.5288,17.113,3968
"p330","ssp245","NESM3","2075",0.29,0.45,0,58,101.53,4.5678,0.1,0,0.25,0,0.07,0.05,0,0,0,0,0,0,0,0,0.3,16.3807,8.3965,12.846,17.9909,3969
"p330","ssp245","NESM3","2075",0.45,0.45,0,71,101.16,4.7481,0.1833,0,0.75,0,0.14,0,0,0,0,0,0,0,0,0,0.05,18.2157,7.3564,13.3738,15.6303,3970
"p330","ssp245","NESM3","2075",0.21,0,0.1,59,93.09,4.6015,0.1333,0,1,0,0.12,0,0,0,0,0,0,0,0,0,0.4,15.982,5.7222,12.0422,14.715,3971
"p330","ssp245","NESM3","2075",0.23,0,0,62,110.28,4.3554,0.1167,0,0.25,0,0,0,0,0,0,0,0,0,0.05,0,0.3,16.555,7.842,10.9155,16.9027,3972
"p330","ssp245","NESM3","2075",0.11,0,0.15,61,107.42,4.8661,0.0167,0,1,0,0.13,0,0,0,0,0,0,0.05,0,0,0.45,17.4077,4.9262,14.8593,18.1262,3973
"p330","ssp245","NESM3","2075",0.33,0.6,0,63,104.73,4.6915,0.15,0,0.35,0,0.12,0,0,0,0,0,0,0,0,0,0.15,17.9702,8.8098,13.851,17.5532,3974
"p330","ssp245","NESM3","2075",0.3,0.15,0,62,102.23,4.6063,0.1167,0,0.2,0,0.12,0,0,0,0,0.15,0,0,0,0,0.1,16.626,8.2802,13.9238,14.0868,3975
"p330","ssp245","NESM3","2075",0.12,0,0,58,107.37,5.2076,0.1,0,0.35,0,0.05,0,0,0,0,0,0,0,0,0,0.1,16.0082,7.2808,14.2558,14.8788,3976
"p330","ssp245","NESM3","2075",0.2,0,0,66,98.46,4.7309,0.15,0,0.4,0,0.06,0,0,0,0,0.2,0,0,0,0,0.15,17.2997,7.2185,13.0955,14.8234,3977
"p330","ssp245","NESM3","2075",0.43,0.3,0,60,97.27,4.6621,0.0167,0,0.45,0,0.1,0,0,0,0,0.15,0,0,0,0,0.5,17.1299,6.8801,13.1747,16.4627,3978
"p330","ssp245","NESM3","2075",0.38,0,0,42,94.76,4.3985,0.0667,0,0.45,0,0,0,0,0,0,0.15,0,0,0,0,0.45,14.9625,7.0492,12.4818,17.1914,3979
"p330","ssp245","NESM3","2075",0.24,0.15,0.1,57,87.21,4.7333,0.15,0,0,0,0.17,0,0,0,0,0,0,0,0,0,0.4,17.0809,9.8864,12.4958,15.073,3980
"p330","ssp245","NESM3","2075",0.24,0.35,0,63,103.19,4.4795,0.1167,0,0.2,0,0.05,0,0,0,0,0,0,0,0,0,0.4,17.8427,9.8068,13.1523,14.6307,3981
"p330","ssp245","NESM3","2075",0.3,0.3,0,61,93.13,4.8113,0.0667,0,1,0,0.05,0,0,0,0,0.15,0,0.05,0,0,0.2,18.2149,4.6471,11.5678,17.6126,3982
"p330","ssp245","NESM3","2075",0.31,0,0,55,108.59,4.8799,0.0667,0,0.6,0.05,0.1,0,0,0,0,0.1,0,0.15,0.05,0,0.15,16.2091,6.0723,11.9655,16.1691,3983
"p330","ssp245","NESM3","2075",0.29,0.2,0,34,97.24,5.0341,0.1333,0,0.4,0,0.05,0,0,0,0,0,0,0,0,0.15,0.3,14.7664,7.4088,10.364,17.9068,3984
"p330","ssp245","NESM3","2075",0.24,0.9,0,61,104.42,4.7472,0.0833,0,0.5,0,0.06,0,0,0,0,0,0,0,0,0,0.05,17.4148,5.7976,14.588,15.5204,3985
"p330","ssp245","NESM3","2075",0.28,0.15,0,61,94.72,4.6277,0.0833,0,0.8,0,0.14,0,0,0,0,0.1,0,0.05,0.05,0,0.05,17.2497,6.0863,13.4663,16.0288,3986
"p330","ssp245","NESM3","2075",0.39,0,0,56,105.85,5.027,0.1,0,0.7,0,0.09,0,0,0,0,0,0,0,0,0,0.6,16.4415,6.1573,13.8553,16.6747,3987
"p330","ssp245","NESM3","2075",0.35,0.4,0,59,109.33,4.7367,0.1,0,0.2,0,0.1,0,0,0,0,0,0,0,0,0,0.2,17.8901,8.0762,13.3673,16.018,3988
"p330","ssp245","NESM3","2075",0.32,0,0,56,107.07,5.1857,0.1167,0,0.35,0,0.11,0,0,0,0,0,0,0,0,0,0.15,16.1258,7.4734,12.2813,14.8246,3989
"p330","ssp245","NESM3","2075",0.21,0,0,41,101.24,4.7278,0.0333,0,1,0,0.06,0,0,0,0,0,0,0,0,0,0.1,14.8776,4.0685,12.5645,14.5402,3990
"p330","ssp245","NESM3","2075",0.22,0.15,0,59,105.25,4.8174,0.0667,0,0.85,0,0.06,0,0,0,0,0,0,0,0,0,0.2,17.0069,6.2848,13.475,13.09,3991
"p330","ssp245","NESM3","2075",0.18,0,0,39,95.46,4.6326,0.0833,0,0.75,0,0.16,0,0,0,0,0,0,0,0,0,0.3,14.7663,6.3811,12.5917,16.3245,3992
"p330","ssp245","NESM3","2075",0.06,0.2,0,50,98.91,5.1465,0.2833,0,0.4,0,0.1,0,0,0,0,0,0,0,0,0,0.1,15.122,9.5174,11.6195,14.4516,3993
"p330","ssp245","NESM3","2075",0.27,0.55,0,60,101.3,4.6463,0.0667,0,0.1,0,0.09,0,0,0,0,0,0,0,0,0,0.1,17.4113,6.9968,11.6493,14.0341,3994
"p330","ssp245","NESM3","2075",0,0.1,0.1,55,106.68,4.8205,0.1667,0,0.65,0,0.13,0,0,0,0,0,0,0,0,0.3,0.25,16.657,8.4423,14.5275,16.2955,3995
"p330","ssp245","NESM3","2075",0.32,0.55,0,66,107.41,4.7828,0.0333,0,1,0,0.11,0,0,0,0,0,0,0,0,0,0.2,18.2074,4.7548,15.4287,17.0406,3996
"p330","ssp245","NESM3","2075",0.13,0,0,76,107.52,4.7832,0.1167,0,0.95,0,0.08,0,0,0,0,0.1,0,0,0,0,0.1,17.2689,5.5847,16.0363,14.6368,3997
"p330","ssp245","NESM3","2075",0.2,0.3,0,52,107.99,4.8033,0.1833,0,0.15,0,0.15,0,0,0,0,0,0,0,0,0,0,15.9124,8.4018,13.7198,12.6867,3998
"p330","ssp245","NESM3","2075",0.27,0,0,75,87.5,4.4856,0.0833,0,0.7,0,0,0,0,0,0,0,0,0,0,0,0.1,17.7092,7.6878,10.2172,16.2241,3999
"p330","ssp245","NESM3","2075",0.3,0.3,0,75,102.06,4.7548,0,0,0.45,0,0.1,0,0,0,0,0,0,0,0,0,0.35,18.474,6.6117,12.463,12.9859,4000
"p330","ssp245","UKESM1-0-LL","2075",0.16,0.3,0.15,66,105.29,4.4976,0.15,0,0.4,0,0,0,0,0,0,0,0,0.05,0,0,0.35,18.0173,7.934,12.9207,17.6896,4001
"p330","ssp245","UKESM1-0-LL","2075",0.1,0.65,0,65,107.62,4.7395,0.0833,0,0,0,0.2,0,0,0,0,0.1,0,0.25,0,0,0.85,17.8606,8.9763,14.5947,18.9736,4002
"p330","ssp245","UKESM1-0-LL","2075",0.17,0.65,0,66,111.34,4.5657,0.1667,0,0.6,0,0.26,0,0,0,0,0.1,0,0.15,0,0,0.3,17.4776,7.9874,17.3783,18.6902,4003
"p330","ssp245","UKESM1-0-LL","2075",0.31,0,0,62,105.82,4.5811,0.2167,0,0.05,0,0.08,0,0,0,0,0.2,0,0.05,0,0,0.4,16.4195,9.8174,12.6022,18.0652,4004
"p330","ssp245","UKESM1-0-LL","2075",0.21,0.45,0,65,108.26,4.6781,0.1333,0,0.15,0,0.09,0,0,0,0,0,0,0.05,0,0,0.65,18.0451,8.6348,16.0265,17.5924,4005
"p330","ssp245","UKESM1-0-LL","2075",0.28,0.15,0.1,63,110.28,4.7007,0.0833,0,0.5,0.05,0,0,0,0,0,0,0,0,0,0,0.15,16.9812,8.3298,10.7963,17.4976,4006
"p330","ssp245","UKESM1-0-LL","2075",0.27,0.55,0,58,100.48,4.579,0.0667,0,0.35,0,0.12,0,0,0,0,0,0,0,0,0,0.25,17.8779,7.767,12.5997,15.7255,4007
"p330","ssp245","UKESM1-0-LL","2075",0.34,0.7,0,45,99.2,4.7501,0.1,0,0.25,0,0.06,0,0,0,0,0,0,0.3,0,0,0.4,16.6185,8.6844,13.7455,21.9923,4008
"p330","ssp245","UKESM1-0-LL","2075",0.41,0.35,0,84,95.09,4.0556,0.05,0,0.55,0,0.1,0,0,0,0,0,0,0.15,0.05,0,0.25,19.1567,6.2766,16.0192,17.8753,4009
"p330","ssp245","UKESM1-0-LL","2075",0.31,0.85,0,65,100.65,4.8126,0.2,0,0.55,0,0.16,0,0,0,0,0,0,0.1,0,0,0.25,18.5348,7.2654,15.636,17.9444,4010
"p330","ssp245","UKESM1-0-LL","2075",0.13,0.5,0.15,76,98.16,4.5832,0.1,0,0.1,0,0.14,0,0,0,0,0,0,0,0,0,0.25,19.2406,9.7048,16.609,18.3812,4011
"p330","ssp245","UKESM1-0-LL","2075",0.24,0,0.1,45,101.6,4.5533,0.05,0,0.5,0,0,0,0,0,0,0.1,0,0.05,0.05,0,0.2,15.3648,8.3266,14.0412,19.8124,4012
"p330","ssp245","UKESM1-0-LL","2075",0.24,0.65,0,66,106.74,4.6762,0.2667,0,0.15,0,0.1,0,0,0.1,0,0.15,0,0,0,0,0.3,18.7119,10.6639,16.845,17.0415,4013
"p330","ssp245","UKESM1-0-LL","2075",0.27,0.35,0,56,102.65,4.9291,0.2667,0,0,0,0.12,0,0,0,0,0.15,0,0.1,0,0,0.55,16.7412,10.6078,16.0593,18.1077,4014
"p330","ssp245","UKESM1-0-LL","2075",0.1,0.45,0,64,109.76,4.6054,0.1,0,0.15,0,0.05,0,0,0.1,0,0.25,0,0.3,0.05,0,0.3,17.361,8.7168,15.5382,21.2506,4015
"p330","ssp245","UKESM1-0-LL","2075",0.17,0.3,0,62,106.22,4.5272,0.1333,0,0.25,0,0.12,0,0,0.1,0,0.25,0,0.25,0.05,0,0.55,17.009,8.3704,17.0563,19.2344,4016
"p330","ssp245","UKESM1-0-LL","2075",0.13,0.55,0,60,107.57,4.4878,0.15,0,0.2,0,0.11,0,0,0.15,0,0,0,0.05,0,0,0.25,17.0931,9.8692,17.3367,18.2247,4017
"p330","ssp245","UKESM1-0-LL","2075",0.18,0.4,0,53,94.68,4.3754,0.05,0,0.8,0,0,0,0,0,0,0.1,0,0,0,0,0.3,16.223,5.728,11.2837,16.9889,4018
"p330","ssp245","UKESM1-0-LL","2075",0.37,0.55,0,55,102.07,4.3297,0.1,0,0.85,0,0.07,0,0,0,0,0.1,0,0,0,0,0.3,17.348,6.8804,12.4895,17.768,4019
"p330","ssp245","UKESM1-0-LL","2075",0.17,0.75,0,71,105,4.9904,0.05,0,0.95,0,0,0,0,0,0,0,0,0.2,0,0,0.8,18.6016,7.0123,14.8888,20.5764,4020
"p330","ssp245","UKESM1-0-LL","2075",0.2,0.4,0,69,95.54,4.1909,0.1333,0,0.15,0,0.07,0,0,0,0,0.1,0,0.1,0.1,0,0.9,18.4641,8.0233,15.2242,19.6069,4021
"p330","ssp245","UKESM1-0-LL","2075",0.16,0.15,0,42,98.49,4.4462,0.15,0,0.1,0,0.06,0,0,0.1,0,0,0,0,0,0,0.35,15.7016,9.7846,17.9178,20.8336,4022
"p330","ssp245","UKESM1-0-LL","2075",0.16,0.5,0,52,108.37,4.4523,0.1667,0,0.15,0.05,0.06,0,0,0,0,0,0,0,0,0,0.3,16.8861,9.8319,12.0288,16.1908,4023
"p330","ssp245","UKESM1-0-LL","2075",0.49,0,0,61,105.14,4.0844,0.05,0,0.35,0,0,0,0,0,0,0,0,0.3,0,0.15,0.35,16.882,7.3974,14.376,20.215,4024
"p330","ssp245","UKESM1-0-LL","2075",0.16,0.2,0,43,110.01,4.6446,0.0833,0,0.45,0.05,0,0,0,0,0,0.2,0,0,0,0,0.2,17.5248,7.9633,12.5548,17.2944,4025
"p330","ssp245","UKESM1-0-LL","2075",0.28,0.5,0,65,104.79,4.4596,0.1333,0,0.1,0,0.06,0,0,0,0,0.15,0,0,0.05,0,0.45,19.1437,7.6928,16.3445,18.4374,4026
"p330","ssp245","UKESM1-0-LL","2075",0.32,0.45,0,52,94.65,4.6426,0.1,0,0.5,0,0.15,0,0,0,0,0.1,0,0.3,0,0,0.7,16.1484,7.1414,16.9722,20.3602,4027
"p330","ssp245","UKESM1-0-LL","2075",0,0,0,54,103.59,4.5564,0.15,0,0,0,0.05,0,0,0,0,0.15,0,0,0,0,0.25,16.4546,9.9818,12.779,18.2982,4028
"p330","ssp245","UKESM1-0-LL","2075",0.22,0.5,0,67,106.56,4.6689,0.1,0,0.5,0,0,0,0,0,0,0,0,0,0,0,0.25,17.825,7.8626,14.162,16.6997,4029
"p330","ssp245","UKESM1-0-LL","2075",0.32,0,0,50,105.57,4.5503,0.05,0,1,0,0.13,0,0,0.2,0,0,0,0.2,0,0,0.25,16.3162,4.4965,15.3942,19.2235,4030
"p330","ssp245","UKESM1-0-LL","2075",0.22,0.1,0,59,108.54,4.6056,0.1,0,0.65,0,0.05,0,0,0,0,0.1,0,0,0,0,0.3,17.3013,5.8722,15.8735,15.3545,4031
"p330","ssp245","UKESM1-0-LL","2075",0.48,1,0,67,95.76,4.712,0.0667,0,0,0,0.12,0,0,0,0,0,0,0.1,0,0,0.4,18.4749,8.1238,11.0865,17.3852,4032
"p330","ssp245","UKESM1-0-LL","2075",0.32,0.3,0,68,102.04,4.7995,0.15,0,0.35,0,0,0,0,0.15,0,0.25,0,0.05,0,0,0.5,17.5908,8.9607,17.9072,18.4562,4033
"p330","ssp245","UKESM1-0-LL","2075",0.22,0.35,0,61,95.29,4.595,0.15,0,0.35,0,0.12,0,0,0,0,0,0,0.2,0,0.15,0.35,16.8459,10.3028,15.7177,19.4614,4034
"p330","ssp245","UKESM1-0-LL","2075",0.45,0.55,0,63,104.58,4.7631,0.1333,0,0.35,0,0.06,0,0,0,0,0,0,0.1,0,0,0.35,17.5691,8.1348,12.1038,18.4388,4035
"p330","ssp245","UKESM1-0-LL","2075",0.39,1,0,59,111.82,4.8257,0.1167,0,0.4,0,0.12,0,0,0,0,0,0,0,0,0,0.05,18.0779,7.9933,14.4548,14.1068,4036
"p330","ssp245","UKESM1-0-LL","2075",0.25,0.7,0,55,97.22,4.4313,0.2,0,0.3,0,0.07,0,0,0,0,0.3,0,0.1,0,0,0.45,16.9943,9.0085,16.5267,18.2884,4037
"p330","ssp245","UKESM1-0-LL","2075",0.2,0.55,0,60,105.49,3.8899,0.0167,0,0.7,0,0.06,0,0,0,0,0.25,0,0.2,0,0,0.4,16.5647,5.6817,14.9768,19.992,4038
"p330","ssp245","UKESM1-0-LL","2075",0.28,0.35,0,56,94.23,4.2905,0.0333,0,1,0,0.05,0,0,0.2,0,0,0,0.1,0,0,0.45,17.4556,3.3838,17.7138,20.1214,4039
"p330","ssp245","UKESM1-0-LL","2075",0.33,0,0,61,105.96,4.7308,0.1,0,0.25,0,0.21,0,0,0.15,0,0,0,0.1,0,0,0.2,16.1464,9.1839,17.9247,18.8917,4040
"p330","ssp245","UKESM1-0-LL","2075",0.34,0.6,0,70,91.27,4.4836,0.1333,0,0.3,0,0.05,0,0,0,0,0,0,0.05,0,0,0.25,18.6838,8.2095,12.6925,19.2207,4041
"p330","ssp245","UKESM1-0-LL","2075",0.16,0.25,0,60,91.1,4.5975,0.1833,0,0.4,0,0,0,0,0,0,0,0,0.3,0,0,0.35,17.2223,8.0028,15.0532,17.9921,4042
"p330","ssp245","UKESM1-0-LL","2075",0.16,0.45,0,44,107.44,4.3236,0.1167,0,0.7,0,0,0,0,0,0,0,0,0.15,0,0,0.35,16.6776,7.2525,12.6837,18.1135,4043
"p330","ssp245","UKESM1-0-LL","2075",0.29,1,0,80,101.73,4.7466,0.1167,0,0.2,0,0.07,0,0,0,0,0.35,0,0,0,0,0.35,19.0856,8.6942,13.5235,16.1348,4044
"p330","ssp245","UKESM1-0-LL","2075",0.25,0.65,0,48,106.84,4.4593,0.05,0,1,0,0.06,0,0,0,0,0.3,0,0,0,0,0.25,15.534,4.7329,14.6705,16.079,4045
"p330","ssp245","UKESM1-0-LL","2075",0.23,0.8,0,55,102.79,4.8084,0.1333,0,0,0,0.05,0,0,0,0,0,0,0,0,0,0.75,17.341,8.9517,11.8867,17.2864,4046
"p330","ssp245","UKESM1-0-LL","2075",0.4,0.45,0,67,96.74,4.7666,0.3,0,0.15,0,0.07,0,0,0,0,0.1,0,0.05,0,0,0.3,17.6567,10.3613,14.467,17.6621,4047
"p330","ssp245","UKESM1-0-LL","2075",0.19,0.75,0,53,106.66,4.8585,0.1,0,0,0,0.05,0,0,0,0,0,0,0.15,0,0,0.6,17.239,8.9872,13.5597,19.25,4048
"p330","ssp245","UKESM1-0-LL","2075",0.22,0,0,62,110.21,4.6993,0.1,0,0.05,0,0.17,0,0,0,0,0.1,0,0.05,0,0,0.25,17.4791,9.3046,15.375,17.7904,4049
"p330","ssp245","UKESM1-0-LL","2075",0.11,0.3,0,62,100.94,4.5146,0.1167,0,1,0,0.17,0,0,0,0,0.1,0,0.35,0.15,0,0.15,17.1607,3.087,13.8937,21.0447,4050
"p330","ssp245","UKESM1-0-LL","2075",0.44,0.2,0,59,105.36,4.3147,0.0167,0,0.85,0,0.1,0.05,0,0,0,0,0,0.15,0,0,0.15,16.6321,5.175,16.3283,19.3598,4051
"p330","ssp245","UKESM1-0-LL","2075",0.12,0.15,0,53,102.28,4.3594,0.0333,0,0.8,0,0.05,0,0,0,0,0.3,0,0,0,0,0.35,16.0651,5.9988,14.6162,16.135,4052
"p330","ssp245","UKESM1-0-LL","2075",0.11,0.45,0,70,106.75,3.9714,0.2,0,0.95,0,0.17,0,0,0,0,0.25,0,0.25,0,0,0.3,17.7226,5.7464,17.366,18.9276,4053
"p330","ssp245","UKESM1-0-LL","2075",0.31,0.2,0,51,108.2,4.2094,0.0333,0,1,0,0.06,0,0,0,0,0,0,0.1,0,0,0.2,16.2868,4.0302,12.995,19.4573,4054
"p330","ssp245","UKESM1-0-LL","2075",0.46,0.55,0,70,103.38,4.5278,0.0833,0,0.5,0,0.1,0,0,0,0,0,0,0,0.05,0,0.8,17.9867,9.6384,15.9022,17.7691,4055
"p330","ssp245","UKESM1-0-LL","2075",0.23,0.2,0,72,102.35,4.6422,0.1333,0,0.2,0,0.07,0,0,0,0,0,0,0.55,0,0,0.05,18.0822,8.2077,14.1282,20.2552,4056
"p330","ssp245","UKESM1-0-LL","2075",0.12,0.35,0,59,102.58,4.5844,0.1833,0,0,0,0.06,0,0,0,0,0,0,0.15,0,0,0.75,17.1962,11.4714,11.818,18.2203,4057
"p330","ssp245","UKESM1-0-LL","2075",0.38,0.1,0.1,48,112.39,4.7691,0.1,0,0.4,0,0.07,0,0,0.3,0,0,0,0,0.1,0,0.6,15.3814,8.4708,19.3433,18.4074,4058
"p330","ssp245","UKESM1-0-LL","2075",0.17,0.35,0,57,102.06,4.4564,0.0667,0,0.25,0,0.08,0,0,0,0,0.35,0,0.05,0,0,0.35,17.6393,7.0899,14.3088,19.4176,4059
"p330","ssp245","UKESM1-0-LL","2075",0.39,0.75,0,57,112.35,4.45,0.0833,0,0.8,0,0.1,0,0,0,0,0.25,0,0.15,0.05,0,0.8,17.6434,5.9791,14.4267,19.6918,4060
"p330","ssp245","UKESM1-0-LL","2075",0.37,0.9,0,70,91.96,4.9736,0.0833,0,0.25,0.05,0.15,0,0,0,0,0,0,0.05,0.05,0,0.6,18.3969,7.8333,13.9885,17.4226,4061
"p330","ssp245","UKESM1-0-LL","2075",0.3,0.5,0,55,103.39,4.8565,0.2333,0,0,0.05,0.09,0,0,0,0,0,0,0,0,0,0.7,16.3712,10.3556,14.5517,15.0855,4062
"p330","ssp245","UKESM1-0-LL","2075",0.33,0.1,0.1,34,98.84,4.7479,0.05,0,0.55,0,0.1,0,0,0,0,0.1,0,0.25,0,0,0.45,13.712,7.0842,16.0695,19.1867,4063
"p330","ssp245","UKESM1-0-LL","2075",0.41,0,0,44,103.19,4.7646,0.0833,0,0.05,0,0.06,0,0,0,0,0.1,0,0.05,0,0,0.2,14.8755,9.5819,14.2655,19.4776,4064
"p330","ssp245","UKESM1-0-LL","2075",0.15,0.35,0,53,113.59,4.2903,0.1167,0,0.15,0,0,0,0,0,0,0,0,0.75,0,0,0.15,16.8487,8.3313,13.2885,23.0501,4065
"p330","ssp245","UKESM1-0-LL","2075",0.16,0,0.3,55,109.42,4.7772,0.0833,0,0.35,0,0,0,0,0,0,0.25,0,0.2,0,0,0.2,16.6621,7.4309,17.3317,20.8438,4066
"p330","ssp245","UKESM1-0-LL","2075",0.38,0.5,0,63,104.01,4.2936,0.05,0,0,0,0.13,0.05,0,0,0,0,0,0.2,0.05,0,0.3,17.0569,8.1588,14.4468,19.5039,4067
"p330","ssp245","UKESM1-0-LL","2075",0.14,0.45,0.1,69,104.06,4.6264,0.0833,0,0.8,0,0.12,0,0,0,0,0,0,0.1,0.05,0,0.5,18.009,7.2551,12.24,20.0117,4068
"p330","ssp245","UKESM1-0-LL","2075",0.29,0.9,0,57,99.09,4.3805,0.1333,0,0.15,0,0.07,0.05,0,0,0,0,0,0.3,0,0,0.45,17.1023,9.5447,14.597,20.8804,4069
"p330","ssp245","UKESM1-0-LL","2075",0.51,0.3,0,71,98.99,4.5597,0.25,0,0.4,0,0.14,0,0,0,0,0,0,0,0,0,0.3,18.9404,8.5049,15.1128,18.5338,4070
"p330","ssp245","UKESM1-0-LL","2075",0.24,0.1,0,61,93.62,4.4256,0.1667,0,0.75,0,0.12,0,0,0,0,0.1,0,0,0.05,0,0.2,16.7086,6.8717,13.7692,17.6205,4071
"p330","ssp245","UKESM1-0-LL","2075",0.28,0.25,0,64,109.2,4.2213,0.1167,0,0.15,0,0,0,0,0,0,0,0,0.3,0.05,0,0.45,17.2848,8.9913,12.6292,19.8015,4072
"p330","ssp245","UKESM1-0-LL","2075",0.24,0.35,0,62,111.07,4.6556,0.0167,0,0.85,0,0.13,0,0,0,0,0,0,0.3,0,0,1,18.129,6.0746,16.613,21.014,4073
"p330","ssp245","UKESM1-0-LL","2075",0.33,0.6,0,61,105.15,4.5005,0.1667,0,0.2,0,0.12,0,0,0,0,0,0,0.4,0,0,0.7,18.6941,9.9583,15.5918,20.4567,4074
"p330","ssp245","UKESM1-0-LL","2075",0.3,0.55,0,61,102.01,4.4521,0.15,0,0.1,0,0.12,0,0,0,0,0.15,0,0.05,0,0,0.15,17.3527,9.4288,15.6528,16.9917,4075
"p330","ssp245","UKESM1-0-LL","2075",0.17,0,0,69,105.47,4.995,0.1,0,0.1,0,0.05,0,0,0,0,0,0,0.05,0,0,0.45,16.7379,8.4297,15.9722,17.7767,4076
"p330","ssp245","UKESM1-0-LL","2075",0.2,0.6,0,67,101.98,4.5242,0.1667,0,0.1,0,0.06,0,0,0,0,0.4,0,0.2,0.05,0,0.15,18.021,8.3669,14.8515,17.7119,4077
"p330","ssp245","UKESM1-0-LL","2075",0.43,0.95,0,62,100.69,4.501,0.05,0,0.35,0,0.1,0,0,0,0,0.15,0,0.2,0,0,0.5,17.8541,8.0286,14.9182,19.365,4078
"p330","ssp245","UKESM1-0-LL","2075",0.44,0.1,0,49,98.57,4.2495,0.1333,0,0.35,0,0,0,0,0,0,0.15,0,0.1,0,0,0.5,15.6881,8.1983,14.2133,20.0964,4079
"p330","ssp245","UKESM1-0-LL","2075",0.24,0.2,0.1,59,84.82,4.6093,0.2833,0,0,0,0.18,0,0,0,0,0,0,0.1,0.05,0,0.8,17.8099,11.0358,14.2152,17.9794,4080
"p330","ssp245","UKESM1-0-LL","2075",0.24,0.5,0,66,105.52,4.2817,0.15,0,0.05,0,0.05,0,0,0,0,0,0,0.1,0.05,0,0.2,18.5601,10.9558,14.9118,17.5182,4081
"p330","ssp245","UKESM1-0-LL","2075",0.36,0.65,0,63,95.98,4.6066,0.0833,0,0.8,0,0.05,0,0,0,0,0,0,0.3,0,0,0.3,18.9342,5.7961,13.315,20.5227,4082
"p330","ssp245","UKESM1-0-LL","2075",0.37,0.5,0,60,111.15,4.6456,0.0833,0,0.35,0,0.1,0,0,0,0,0.1,0,0.7,0,0,0.1,16.9313,7.2213,13.7005,19.0823,4083
"p330","ssp245","UKESM1-0-LL","2075",0.29,0.55,0,37,97.46,4.8617,0.1667,0,0.2,0,0.05,0,0,0,0,0,0,0.2,0,0.15,0.8,15.4915,8.5575,12.0863,20.8121,4084
"p330","ssp245","UKESM1-0-LL","2075",0.24,1,0,58,102.43,4.5902,0.1167,0,0.4,0,0.06,0,0,0.5,0,0,0,0.15,0,0,0.3,18.1312,6.9463,16.35,18.4075,4085
"p330","ssp245","UKESM1-0-LL","2075",0.28,0.15,0,63,96.02,4.417,0.1333,0,0.65,0,0.14,0,0,0,0,0.1,0,0.2,0.05,0,0.15,17.9689,7.2348,15.2162,18.9388,4086
"p330","ssp245","UKESM1-0-LL","2075",0.41,0.65,0,59,108.73,4.8208,0.1333,0,0.45,0,0.09,0,0,0,0,0,0,0.05,0,0,0.6,17.1627,7.3063,15.5928,19.5868,4087
"p330","ssp245","UKESM1-0-LL","2075",0.35,0.95,0,54,108.74,4.5508,0.15,0,0.1,0,0.1,0,0,0,0,0.1,0,0.1,0,0,0.15,18.6142,9.2258,15.0913,18.9238,4088
"p330","ssp245","UKESM1-0-LL","2075",0.33,0.1,0,67,107.98,5.0144,0.1833,0,0.15,0,0.11,0,0,0,0,0,0,0,0,0,0.6,16.8421,8.6222,14.0453,17.7115,4089
"p330","ssp245","UKESM1-0-LL","2075",0.21,0.15,0,44,105,4.5238,0.05,0,0.95,0,0.06,0,0,0.15,0,0,0,0,0,0,0.75,15.5961,5.2172,14.3163,17.4505,4090
"p330","ssp245","UKESM1-0-LL","2075",0.22,0.3,0,60,108.7,4.6099,0.0833,0,0.5,0,0.06,0,0,0,0,0,0,0,0,0,0.25,17.7279,7.4335,15.2148,16.0011,4091
"p330","ssp245","UKESM1-0-LL","2075",0.18,0.1,0,43,98.74,4.4512,0.1,0,0.55,0,0.16,0,0,0,0,0,0,0.3,0,0,0.35,15.4898,7.5302,14.3178,19.2288,4092
"p330","ssp245","UKESM1-0-LL","2075",0.11,0.3,0,50,99.39,4.9935,0.4333,0,0.3,0,0.14,0,0,0,0,0,0,0,0,0,0.4,15.8379,10.6655,13.3878,17.3381,4093
"p330","ssp245","UKESM1-0-LL","2075",0.32,1,0,66,106.95,4.4393,0.1167,0,0.05,0,0.09,0.05,0,0,0,0,0,0,0.05,0,0.45,18.1297,8.1452,13.4043,16.9424,4094
"p330","ssp245","UKESM1-0-LL","2075",0,0.3,0.1,57,107.43,4.6469,0.1667,0,0.65,0,0.13,0,0,0,0,0,0,0.05,0,0.3,0.75,17.3775,9.591,16.27,19.2061,4095
"p330","ssp245","UKESM1-0-LL","2075",0.38,0.9,0,68,110.31,4.5213,0.05,0,1,0,0.11,0,0,0,0,0,0,0.05,0,0,0.15,18.9305,5.9042,17.1582,19.945,4096
"p330","ssp245","UKESM1-0-LL","2075",0.13,0.15,0,78,110.77,4.5552,0.1333,0,0.55,0,0.08,0,0,0,0,0.2,0,0.05,0,0,0.1,17.9841,6.7336,17.806,17.5228,4097
"p330","ssp245","UKESM1-0-LL","2075",0.26,0.6,0,52,107.15,4.5707,0.1833,0,0.05,0,0.15,0,0,0,0,0,0,0,0,0,0.6,16.6301,9.5499,15.477,15.5964,4098
"p330","ssp245","UKESM1-0-LL","2075",0.27,0,0,77,89.06,4.305,0.0667,0,0.55,0,0,0,0,0,0,0,0,0.1,0.05,0,0.65,18.429,8.8368,11.9618,19.1342,4099
"p330","ssp245","UKESM1-0-LL","2075",0.3,0.75,0,76,103.63,4.5826,0.05,0,0.2,0,0.1,0,0,0,0,0,0,0,0,0,0.8,19.1969,7.7597,14.193,15.8911,4100
"p330","ssp370","ACCESS-CM2","2075",0.16,0.45,0.15,64,104.51,4.8087,0.15,0,0.45,0,0,0,0,0,0,0.1,0,0,0,0,0.4,17.8086,7.6728,13.1463,17.2787,4101
"p330","ssp370","ACCESS-CM2","2075",0.05,0.65,0,65,108.64,5.0915,0.0833,0,0,0,0.13,0,0,0,0,0.1,0,0.05,0,0,0.75,17.6516,8.7142,14.8247,18.5602,4102
"p330","ssp370","ACCESS-CM2","2075",0.15,0.4,0,65,112.64,4.8848,0.15,0,0.65,0,0.26,0,0,0,0,0.1,0,0.05,0,0.15,0.45,17.2659,7.7247,17.6133,18.2771,4103
"p330","ssp370","ACCESS-CM2","2075",0.31,0,0,62,106.16,4.8722,0.2167,0,0.1,0,0.08,0,0,0,0,0.2,0,0,0.05,0,0.4,16.2065,9.5555,12.8422,17.6582,4104
"p330","ssp370","ACCESS-CM2","2075",0.19,0.25,0,66,106.77,5.0007,0.1167,0,0.2,0,0.09,0,0,0,0,0,0,0,0,0,0.55,17.8371,8.3737,16.2507,17.1809,4105
"p330","ssp370","ACCESS-CM2","2075",0.28,0.1,0.1,62,113.14,5.0623,0.1,0,0.45,0,0,0,0,0,0,0,0,0,0,0,0.3,16.7715,8.0678,11.0255,17.0839,4106
"p330","ssp370","ACCESS-CM2","2075",0.22,0.75,0,59,103.91,4.9007,0.05,0,0.55,0,0.12,0,0,0,0,0,0,0,0,0,0.2,17.6673,7.5042,12.8338,15.3136,4107
"p330","ssp370","ACCESS-CM2","2075",0.34,0.6,0,46,101.56,5.07,0.1,0,0.25,0,0.06,0,0,0,0,0,0,0.15,0.05,0,0.55,16.4059,8.4236,13.9848,21.5852,4108
"p330","ssp370","ACCESS-CM2","2075",0.41,0.2,0,84,94.94,4.3546,0.0667,0,0.7,0,0.1,0,0,0,0,0,0,0.1,0.05,0,0.3,18.9483,6.0168,16.2423,17.4632,4109
"p330","ssp370","ACCESS-CM2","2075",0.3,0.7,0,61,106.22,5.1439,0.25,0,0.85,0,0.16,0,0,0,0,0,0,0.05,0,0,0.3,18.3252,7.0039,15.8642,17.5303,4110
"p330","ssp370","ACCESS-CM2","2075",0.13,0.3,0.15,75,99.99,4.9034,0.1333,0,0.2,0,0.14,0,0,0,0,0,0,0,0,0,0.35,19.0297,9.4418,16.8415,17.9679,4111
"p330","ssp370","ACCESS-CM2","2075",0.24,0,0.1,45,102.47,4.875,0.05,0,0.65,0,0,0,0,0,0,0.1,0,0,0,0,0.35,15.1532,8.0658,14.2782,19.4048,4112
"p330","ssp370","ACCESS-CM2","2075",0.24,0.65,0,64,108.37,5.0139,0.2667,0,0.2,0,0.1,0,0,0.1,0,0.15,0,0,0,0,0.4,18.5043,10.4046,17.0677,16.6299,4113
"p330","ssp370","ACCESS-CM2","2075",0.26,0,0,57,101.8,5.2626,0.2667,0,0,0,0.12,0,0,0,0,0.15,0,0,0,0.15,0.55,16.532,10.3466,16.2862,17.695,4114
"p330","ssp370","ACCESS-CM2","2075",0.1,0.45,0,64,110.36,4.9323,0.1167,0,0.2,0,0.05,0,0,0.1,0,0.3,0,0.25,0,0.15,0.3,17.1503,8.4543,15.7713,20.8374,4115
"p330","ssp370","ACCESS-CM2","2075",0.17,0,0,58,108.13,4.8598,0.1333,0,0.2,0,0.12,0,0,0.1,0,0.35,0,0.1,0,0.15,0.55,16.7974,8.1094,17.2927,18.8262,4116
"p330","ssp370","ACCESS-CM2","2075",0.13,0.3,0,58,108.95,4.8153,0.15,0,0.2,0,0.11,0,0,0,0,0,0,0.05,0,0,0.3,16.8848,9.6095,17.5582,17.8119,4117
"p330","ssp370","ACCESS-CM2","2075",0.18,0.4,0,58,95.62,4.6961,0.05,0,0.9,0,0,0,0,0,0,0.1,0,0,0,0,0.25,16.0139,5.4669,11.51,16.575,4118
"p330","ssp370","ACCESS-CM2","2075",0.32,0.45,0,59,104.79,4.6234,0.1167,0,0.95,0,0.07,0,0,0,0,0.1,0,0,0,0,0.25,17.1379,6.6182,12.72,17.3553,4119
"p330","ssp370","ACCESS-CM2","2075",0.17,0.65,0,69,101.62,5.3426,0.0833,0,1,0,0,0,0,0,0,0,0,0.1,0,0,0.85,18.3903,6.7515,15.1238,20.168,4120
"p330","ssp370","ACCESS-CM2","2075",0.2,0.45,0,69,96.5,4.4915,0.15,0,0.2,0,0.07,0,0,0,0,0.1,0,0,0.1,0,0.95,18.2569,7.7635,15.4445,19.1943,4121
"p330","ssp370","ACCESS-CM2","2075",0.16,0.15,0,44,99.92,4.7578,0.15,0,0.1,0,0.06,0,0,0.1,0,0,0,0,0,0,0.45,15.4931,9.5236,18.1438,20.4198,4122
"p330","ssp370","ACCESS-CM2","2075",0.16,0.4,0,55,111.53,4.7642,0.2,0,0.25,0.05,0.06,0,0,0,0,0,0,0,0,0,0.35,16.6754,9.5693,12.259,15.7777,4123
"p330","ssp370","ACCESS-CM2","2075",0.43,0,0,61,107.02,4.3714,0.0833,0,0.45,0,0,0,0,0,0,0,0,0.2,0,0.15,0.3,16.6705,7.1374,14.6112,19.8058,4124
"p330","ssp370","ACCESS-CM2","2075",0.16,0.2,0,44,110.46,5.023,0.0833,0,0.5,0,0,0,0,0,0,0.25,0,0,0,0,0.3,17.3173,7.7039,12.7748,16.8825,4125
"p330","ssp370","ACCESS-CM2","2075",0.28,0.55,0,69,108.89,4.8015,0.15,0,0.15,0,0.06,0,0,0,0,0.15,0,0,0,0.3,0.45,18.9352,7.4327,16.569,18.0232,4126
"p330","ssp370","ACCESS-CM2","2075",0.32,0.2,0,53,98.12,4.9615,0.1,0,0.65,0,0.11,0,0,0,0,0.1,0,0.1,0,0.15,0.7,15.9382,6.8797,17.2015,19.948,4127
"p330","ssp370","ACCESS-CM2","2075",0,0,0,55,103.44,4.8897,0.1667,0,0,0,0.05,0,0,0,0,0.15,0,0,0,0,0.25,16.2434,9.7222,13.0118,17.8897,4128
"p330","ssp370","ACCESS-CM2","2075",0.22,0.4,0,64,109.37,5.0007,0.1,0,0.5,0,0,0,0,0,0,0,0,0,0,0,0.2,17.6179,7.6034,14.3812,16.2869,4129
"p330","ssp370","ACCESS-CM2","2075",0.32,0,0,52,104.56,4.906,0.1,0,1,0,0.12,0,0,0.2,0,0,0,0,0,0,0.35,16.1084,4.2369,15.6175,18.8103,4130
"p330","ssp370","ACCESS-CM2","2075",0.15,0.1,0.1,59,108.61,4.9341,0.1,0,0.7,0,0,0,0,0,0,0.1,0,0,0,0.15,0.3,17.0919,5.6105,16.1018,14.9408,4131
"p330","ssp370","ACCESS-CM2","2075",0.42,0.6,0,69,97.31,5.0493,0.0833,0,0,0,0.12,0,0,0,0,0,0,0,0,0,0.5,18.2638,7.8637,11.3193,16.9759,4132
"p330","ssp370","ACCESS-CM2","2075",0.32,0.3,0,66,103.26,5.153,0.1833,0,0.45,0,0,0,0,0.15,0,0.3,0,0,0,0.15,0.6,17.3847,8.7022,18.1252,18.0443,4133
"p330","ssp370","ACCESS-CM2","2075",0.22,0.2,0,60,94.49,4.9181,0.15,0,0.3,0,0.12,0,0,0,0,0,0,0.1,0.05,0.15,0.35,16.6382,10.043,15.94,19.0474,4134
"p330","ssp370","ACCESS-CM2","2075",0.44,0.25,0,62,104.15,5.087,0.1167,0,0.45,0,0.06,0,0,0,0,0,0,0,0,0.15,0.3,17.3601,7.8735,12.3317,18.0248,4135
"p330","ssp370","ACCESS-CM2","2075",0.37,0.75,0,58,111.43,5.1741,0.1167,0,0.5,0,0.12,0,0,0,0,0,0,0,0,0,0,17.8674,7.7333,14.6865,13.698,4136
"p330","ssp370","ACCESS-CM2","2075",0.25,0.7,0,55,99.53,4.7306,0.2667,0,0.45,0,0.07,0,0,0,0,0.35,0,0.05,0.05,0,0.55,16.7882,8.7502,16.7433,17.8754,4137
"p330","ssp370","ACCESS-CM2","2075",0.15,0.3,0,61,106.74,4.1732,0.0333,0,0.75,0,0.06,0,0,0,0,0.25,0,0.1,0,0,0.25,16.3568,5.422,15.1982,19.578,4138
"p330","ssp370","ACCESS-CM2","2075",0.28,0.55,0,55,96.91,4.6111,0.0333,0,1,0,0.05,0,0,0.2,0,0,0,0.05,0,0.15,0.75,17.2462,3.123,17.9393,19.7068,4139
"p330","ssp370","ACCESS-CM2","2075",0.33,0,0,63,108.92,5.0466,0.1333,0,0.35,0,0.21,0,0,0.15,0,0,0,0,0,0,0.15,15.9359,8.9245,18.1553,18.4821,4140
"p330","ssp370","ACCESS-CM2","2075",0.29,0.6,0,69,95.89,4.7786,0.1333,0,0.4,0,0.05,0,0,0,0,0,0,0.05,0,0.15,0.4,18.478,7.9512,12.9078,18.8085,4141
"p330","ssp370","ACCESS-CM2","2075",0.16,0.35,0,60,91.88,4.9403,0.1833,0,0.5,0,0,0,0,0,0,0,0,0.3,0,0,0.35,17.0147,7.7431,15.2737,17.5767,4142
"p330","ssp370","ACCESS-CM2","2075",0.16,0.4,0,42,108.86,4.6144,0.15,0,0.7,0,0,0,0,0,0,0,0,0.15,0,0,0.35,16.4688,6.992,12.9092,17.6992,4143
"p330","ssp370","ACCESS-CM2","2075",0.29,1,0,75,102.33,5.0734,0.1167,0,0.2,0,0.07,0,0,0,0,0.35,0,0,0,0,0.3,18.8756,8.4345,13.7525,15.7261,4144
"p330","ssp370","ACCESS-CM2","2075",0.15,0.55,0,52,106.14,4.7944,0.0833,0,1,0,0.06,0,0,0,0,0.35,0,0,0,0.15,0.25,15.3284,4.476,14.8848,15.665,4145
"p330","ssp370","ACCESS-CM2","2075",0.23,0.7,0,52,103.97,5.1535,0.1333,0,0.05,0,0.05,0,0,0,0,0,0,0,0,0,0.75,17.1343,8.6923,12.1055,16.8708,4146
"p330","ssp370","ACCESS-CM2","2075",0.4,0.55,0,66,98.52,5.0831,0.3,0,0.3,0,0.07,0,0,0,0,0.1,0,0,0,0,0.4,17.4481,10.1007,14.6923,17.2476,4147
"p330","ssp370","ACCESS-CM2","2075",0.19,0.7,0,56,107.28,5.2137,0.1167,0,0,0,0.05,0,0,0,0,0,0,0.1,0.05,0,0.6,17.0292,8.7284,13.7893,18.8408,4148
"p330","ssp370","ACCESS-CM2","2075",0.15,0,0,62,111.26,5.0732,0.1167,0,0.15,0,0.17,0,0,0,0,0.1,0,0,0,0,0.25,17.2735,9.0476,15.5887,17.3776,4149
"p330","ssp370","ACCESS-CM2","2075",0.11,0.25,0,59,100.51,4.843,0.1333,0,1,0,0.17,0,0,0,0,0.1,0,0.25,0.05,0,0.3,16.9539,2.8289,14.1128,20.6298,4150
"p330","ssp370","ACCESS-CM2","2075",0.43,0,0,56,107.02,4.6379,0.05,0,0.95,0,0.1,0.05,0,0,0,0.15,0,0.1,0,0.15,0.35,16.4242,4.9153,16.5517,18.9461,4151
"p330","ssp370","ACCESS-CM2","2075",0.12,0.15,0,53,103.53,4.6721,0.0333,0,0.75,0,0.05,0,0,0,0,0.3,0,0,0,0,0.25,15.8558,5.7402,14.8443,15.7256,4152
"p330","ssp370","ACCESS-CM2","2075",0.11,0.25,0,71,108.82,4.2689,0.2,0,1,0,0.17,0,0,0,0,0.25,0,0.05,0,0.15,0.3,17.518,5.4892,17.5782,18.5144,4153
"p330","ssp370","ACCESS-CM2","2075",0.29,0.2,0,52,108.82,4.5228,0.0333,0,1,0,0.06,0,0,0,0,0,0,0.05,0,0,0.25,16.0801,3.772,13.2125,19.0418,4154
"p330","ssp370","ACCESS-CM2","2075",0.39,0.35,0,68,103.11,4.8428,0.1,0,0.6,0,0.1,0,0,0,0,0,0,0,0.05,0.15,0.6,17.779,9.378,16.1248,17.3555,4155
"p330","ssp370","ACCESS-CM2","2075",0.23,0,0,67,101.83,4.9843,0.1667,0,0.4,0,0.07,0,0,0,0,0,0,0.3,0.05,0,0.1,17.8733,7.9489,14.3553,19.8459,4156
"p330","ssp370","ACCESS-CM2","2075",0.12,0,0,60,104.15,4.8967,0.2,0,0,0,0.06,0,0,0,0,0,0,0,0,0,0.85,16.9912,11.2148,12.0287,17.8074,4157
"p330","ssp370","ACCESS-CM2","2075",0.33,0,0.1,48,114.79,5.1219,0.1,0,0.45,0,0.07,0,0,0.3,0,0,0,0,0.05,0.15,0.6,15.1751,8.2126,19.5602,17.9924,4158
"p330","ssp370","ACCESS-CM2","2075",0.12,0.35,0.15,60,102.94,4.7776,0.0667,0,0.3,0,0.08,0,0,0,0,0.35,0,0.05,0,0,0.4,17.4316,6.8303,14.531,19.0014,4159
"p330","ssp370","ACCESS-CM2","2075",0.37,1,0,57,110.94,4.7744,0.1,0,0.95,0,0.1,0,0,0,0,0.25,0,0.1,0,0.3,0.85,17.4346,5.7212,14.653,19.2824,4160
"p330","ssp370","ACCESS-CM2","2075",0.37,0.9,0,69,94.3,5.3277,0.1,0,0.4,0.05,0.14,0,0,0,0,0,0,0.05,0.05,0,0.5,18.1925,7.5767,14.199,17.0097,4161
"p330","ssp370","ACCESS-CM2","2075",0.29,0.45,0,57,105.39,5.1938,0.2333,0,0.05,0.05,0.09,0,0,0,0,0,0,0,0,0,0.25,16.1653,10.0977,14.767,14.6697,4162
"p330","ssp370","ACCESS-CM2","2075",0.33,0,0,34,99.13,5.0796,0.05,0,0.6,0,0.05,0,0,0,0,0.1,0,0.15,0,0.15,0.45,13.5041,6.8238,16.2902,18.772,4163
"p330","ssp370","ACCESS-CM2","2075",0.36,0,0,45,106.27,5.0951,0.0833,0,0.05,0,0.06,0,0,0,0,0.1,0,0,0,0,0.35,14.6662,9.3242,14.4903,19.0679,4164
"p330","ssp370","ACCESS-CM2","2075",0.1,0,0,51,116.76,4.6094,0.15,0,0.15,0,0,0,0,0,0,0,0,0.4,0,0.15,0.2,16.6446,8.0755,13.4983,22.6365,4165
"p330","ssp370","ACCESS-CM2","2075",0.15,0,0.3,58,110.45,5.1258,0.1,0,0.4,0,0,0,0,0,0,0.4,0,0.05,0,0,0.2,16.4563,7.1734,17.5455,20.4286,4166
"p330","ssp370","ACCESS-CM2","2075",0.38,0.55,0,62,99.6,4.6058,0.05,0,0.1,0,0.13,0.05,0,0,0,0,0,0.1,0.05,0.15,0.45,16.8502,7.8993,14.6662,19.0888,4167
"p330","ssp370","ACCESS-CM2","2075",0.14,0.35,0.15,68,106.01,4.9935,0.0833,0,0.8,0,0.11,0,0,0,0,0,0,0.05,0.05,0,0.55,17.8003,6.9977,12.4645,19.6024,4168
"p330","ssp370","ACCESS-CM2","2075",0.29,0.85,0,60,99.7,4.7126,0.15,0,0.2,0,0.07,0.05,0,0,0,0,0,0.25,0.05,0,0.65,16.8985,9.2887,14.8057,20.4669,4169
"p330","ssp370","ACCESS-CM2","2075",0.45,0.45,0,71,98.11,4.8775,0.2167,0,0.55,0,0.14,0,0,0,0,0,0,0,0,0,0.4,18.7352,8.2476,15.3268,18.118,4170
"p330","ssp370","ACCESS-CM2","2075",0.21,0.1,0,59,96.8,4.7405,0.1833,0,0.9,0,0.12,0,0,0,0,0.1,0,0,0,0.3,0.45,16.502,6.6129,13.988,17.2055,4171
"p330","ssp370","ACCESS-CM2","2075",0.23,0,0,63,111.13,4.5175,0.1333,0,0.15,0,0,0,0,0,0,0,0,0.15,0.05,0.15,0.45,17.0764,8.7337,12.8523,19.3908,4172
"p330","ssp370","ACCESS-CM2","2075",0.16,0.35,0.15,61,112.75,4.9948,0.0333,0,0.9,0,0.13,0,0,0,0,0,0,0.25,0,0,1,17.9255,5.8189,16.821,20.6012,4173
"p330","ssp370","ACCESS-CM2","2075",0.33,0.8,0,65,106.55,4.8142,0.1667,0,0.25,0,0.12,0,0,0,0,0,0,0.2,0,0.15,0.5,18.4891,9.7017,15.8045,20.0414,4174
"p330","ssp370","ACCESS-CM2","2075",0.3,0.4,0,61,102.07,4.7688,0.15,0,0.2,0,0.12,0,0,0,0,0.15,0,0,0,0,0.3,17.1463,9.1699,15.871,16.5765,4175
"p330","ssp370","ACCESS-CM2","2075",0.12,0,0,68,108.3,5.357,0.1167,0,0.15,0,0.05,0,0,0,0,0,0,0.05,0,0.15,0.3,16.5296,8.1728,16.193,17.3674,4176
"p330","ssp370","ACCESS-CM2","2075",0.2,0.1,0,65,100.53,4.8642,0.1667,0,0.25,0,0.06,0,0,0,0,0.4,0,0.05,0.05,0,0.15,17.8176,8.1124,15.0585,17.2984,4177
"p330","ssp370","ACCESS-CM2","2075",0.43,0.75,0,61,101.9,4.8148,0.05,0,0.35,0,0.1,0,0,0,0,0.15,0,0.1,0.05,0,0.4,17.6484,7.7721,15.13,18.9506,4178
"p330","ssp370","ACCESS-CM2","2075",0.38,0,0,53,100.71,4.5422,0.1333,0,0.35,0,0,0,0,0,0,0.15,0,0.1,0,0,0.7,15.4819,7.9398,14.4295,19.6814,4179
"p330","ssp370","ACCESS-CM2","2075",0.24,0.3,0.1,58,86.24,4.8927,0.3,0,0,0,0.17,0,0,0,0,0,0,0.05,0,0.3,0.95,17.6018,10.7762,14.4358,17.5652,4180
"p330","ssp370","ACCESS-CM2","2075",0.24,0.5,0,63,107.81,4.5913,0.15,0,0.1,0,0.05,0,0,0,0,0,0,0,0,0,0.3,18.3574,10.6981,15.1178,17.1065,4181
"p330","ssp370","ACCESS-CM2","2075",0.3,0.6,0,60,95.08,4.9433,0.0833,0,1,0,0.05,0,0,0,0,0.15,0,0.2,0,0,0.45,18.7302,5.5363,13.526,20.1029,4182
"p330","ssp370","ACCESS-CM2","2075",0.25,0.4,0,59,110.47,5.0092,0.1333,0,0.4,0,0.1,0,0,0,0,0.1,0,0.55,0.05,0.15,0.15,16.726,6.96,13.9155,18.6633,4183
"p330","ssp370","ACCESS-CM2","2075",0.29,0.65,0,47,100.47,5.1981,0.1833,0,0.25,0,0.05,0,0,0,0,0,0,0,0,0.3,0.75,15.2845,8.2984,12.3068,20.3977,4184
"p330","ssp370","ACCESS-CM2","2075",0.24,1,0,60,104.99,4.9042,0.1167,0,0.45,0,0.06,0,0,0.25,0,0,0,0.1,0,0,0.3,17.9286,6.6882,16.5548,17.9957,4185
"p330","ssp370","ACCESS-CM2","2075",0.28,0.15,0,62,99.07,4.7438,0.1333,0,0.75,0,0.14,0,0,0,0,0.1,0,0.15,0.05,0,0.2,17.7643,6.9752,15.4257,18.5186,4186
"p330","ssp370","ACCESS-CM2","2075",0.41,0.35,0,60,109.3,5.1599,0.1167,0,0.6,0,0.09,0,0,0,0,0,0,0,0.05,0.15,1,16.9577,7.0458,15.8082,19.1677,4187
"p330","ssp370","ACCESS-CM2","2075",0.35,0.6,0,56,107.62,4.8809,0.1333,0,0.2,0,0.1,0,0,0,0,0.1,0,0,0,0,0.2,18.4075,8.9662,15.311,18.5088,4188
"p330","ssp370","ACCESS-CM2","2075",0.32,0.1,0,67,107.66,5.3539,0.1833,0,0.2,0,0.11,0,0,0,0,0,0,0,0.05,0,0.45,16.6396,8.3642,14.2497,17.3,4189
"p330","ssp370","ACCESS-CM2","2075",0.21,0,0,45,105.38,4.8456,0.05,0,1,0,0.06,0,0,0.15,0,0.1,0,0,0,0,0.7,15.3924,4.9585,14.5257,17.0297,4190
"p330","ssp370","ACCESS-CM2","2075",0.22,0.3,0,58,109.84,4.9397,0.0667,0,0.6,0,0.06,0,0,0,0,0.1,0,0,0,0,0.3,17.523,7.1732,15.4278,15.5811,4191
"p330","ssp370","ACCESS-CM2","2075",0.16,0,0,51,98.62,4.7719,0.1,0,0.6,0,0.16,0,0,0,0,0,0,0.05,0,0,0.55,15.2834,7.2713,14.5375,18.8147,4192
"p330","ssp370","ACCESS-CM2","2075",0.11,0.3,0,53,103.67,5.3158,0.45,0,0.35,0,0.1,0,0,0,0,0,0,0,0,0.3,0.45,15.6362,10.4092,13.591,16.9263,4193
"p330","ssp370","ACCESS-CM2","2075",0.27,1,0,62,105.38,4.7659,0.1167,0,0.1,0,0.09,0.05,0,0,0,0,0,0,0.05,0,0.4,17.9262,7.8868,13.6123,16.5236,4194
"p330","ssp370","ACCESS-CM2","2075",0,0.1,0.1,60,110.16,4.9523,0.1667,0,0.65,0,0.13,0,0,0,0,0,0,0.05,0,0.6,0.8,17.1724,9.3316,16.4823,18.7856,4195
"p330","ssp370","ACCESS-CM2","2075",0.32,0.9,0,64,108.33,4.8609,0.0833,0,1,0,0.11,0,0,0,0,0,0,0.05,0,0,0.3,18.7241,5.6454,17.3757,19.5308,4196
"p330","ssp370","ACCESS-CM2","2075",0.13,0,0,77,111.49,4.8805,0.15,0,0.7,0,0.08,0,0,0.1,0,0.2,0,0,0,0,0.05,17.7824,6.4767,18.0072,17.1112,4197
"p330","ssp370","ACCESS-CM2","2075",0.2,0.4,0,54,109.24,4.9198,0.2,0,0.05,0,0.15,0,0,0,0,0,0,0,0,0,0.6,16.4269,9.2919,15.6835,15.1758,4198
"p330","ssp370","ACCESS-CM2","2075",0.27,0,0,78,90.27,4.6097,0.0667,0,0.6,0,0,0,0,0,0,0,0,0,0,0,0.65,18.2247,8.5771,12.1742,18.7152,4199
"p330","ssp370","ACCESS-CM2","2075",0.3,0.3,0,74,104.51,4.9124,0.05,0,0.3,0,0.05,0,0,0,0,0,0,0,0,0.15,0.7,18.9907,7.5018,14.4105,15.4759,4200
"p330","ssp370","AWI-CM-1-1-MR","2075",0.16,0.8,0.1,68,103.83,2.6274,0.0167,0,0,0,0,0,0,0,0,0.15,0,0,0,0,0.25,18.7042,8.399,12.3788,15.8294,4201
"p330","ssp370","AWI-CM-1-1-MR","2075",0.05,0.5,0,65,105.82,2.7613,0.0167,0,0,0,0.13,0,0,0,0,0.1,0,0,0,0,0.5,18.5526,9.4454,14.0643,17.1085,4202
"p330","ssp370","AWI-CM-1-1-MR","2075",0.19,0.75,0,69,110.54,2.6442,0.05,0,0.5,0,0.26,0,0,0,0,0.1,0,0,0,0,0.25,18.1732,8.4602,16.8587,16.8261,4203
"p330","ssp370","AWI-CM-1-1-MR","2075",0.36,0.35,0,64,106.8,2.7393,0.05,0,0,0,0.08,0,0,0,0,0.2,0,0,0.05,0,0.25,17.1193,10.292,12.0912,16.2115,4204
"p330","ssp370","AWI-CM-1-1-MR","2075",0.19,0.65,0,66,107.33,2.7323,0.0167,0,0.05,0,0.09,0,0,0,0,0,0,0,0,0,0.3,18.7316,9.0992,15.4827,15.7324,4205
"p330","ssp370","AWI-CM-1-1-MR","2075",0.28,0.45,0.1,64,111.8,2.694,0.0333,0,0.25,0,0,0,0,0,0,0,0,0,0,0,0.4,17.6719,8.7977,10.2633,15.6323,4206
"p330","ssp370","AWI-CM-1-1-MR","2075",0.22,0.8,0,61,104.01,2.6517,0,0,0.1,0,0.12,0,0,0,0,0,0,0,0,0,0.1,18.573,8.2389,12.077,13.862,4207
"p330","ssp370","AWI-CM-1-1-MR","2075",0.34,0.9,0,49,106.43,2.8199,0.0167,0,0.2,0,0.06,0,0,0,0,0.1,0,0.1,0.05,0,0.5,17.3175,9.1593,13.232,20.1386,4208
"p330","ssp370","AWI-CM-1-1-MR","2075",0.41,0.45,0,86,100.19,2.3585,0,0,0.2,0,0.1,0,0,0,0,0,0,0,0.05,0,0.2,19.842,6.741,15.473,16.0157,4209
"p330","ssp370","AWI-CM-1-1-MR","2075",0.31,0.85,0,64,105.35,2.8032,0.0667,0,0.35,0,0.16,0,0,0,0,0,0,0,0,0,0.15,19.2244,7.7328,15.1018,16.0795,4210
"p330","ssp370","AWI-CM-1-1-MR","2075",0.13,0.4,0.1,78,100.04,2.6872,0.0167,0,0.1,0,0.14,0,0,0,0,0,0,0,0,0,0.2,19.9347,10.1758,16.0845,16.5171,4211
"p330","ssp370","AWI-CM-1-1-MR","2075",0.24,0,0.1,48,101.55,2.6489,0.0167,0,0.25,0,0,0,0,0,0,0.1,0,0,0,0,0.25,16.0635,8.8004,13.5253,17.9585,4212
"p330","ssp370","AWI-CM-1-1-MR","2075",0.24,0.65,0,67,102.58,2.7296,0.1333,0,0.15,0,0.1,0,0,0,0,0.15,0,0,0,0,0.25,19.3965,11.1276,16.2972,15.1822,4213
"p330","ssp370","AWI-CM-1-1-MR","2075",0.26,0.9,0,57,102.25,2.9042,0.1,0,0,0,0.12,0,0,0,0,0.15,0,0,0,0.15,0.3,17.4302,11.0745,15.5228,16.2426,4214
"p330","ssp370","AWI-CM-1-1-MR","2075",0.1,0.9,0,66,105.71,2.6758,0.0333,0,0.05,0,0.05,0,0,0,0,0.4,0,0.2,0,0,0.3,18.0545,9.1866,15.0132,19.3858,4215
"p330","ssp370","AWI-CM-1-1-MR","2075",0.17,0.45,0,64,107.43,2.6056,0.0333,0,0.1,0,0.12,0,0,0,0,0.25,0,0,0,0.15,0.65,17.7063,8.8433,16.5382,17.3795,4216
"p330","ssp370","AWI-CM-1-1-MR","2075",0.13,0.55,0,64,106.61,2.5967,0.0167,0,0.1,0,0.11,0,0,0,0,0,0,0.05,0,0,0.35,17.7764,10.3319,16.7867,16.3641,4217
"p330","ssp370","AWI-CM-1-1-MR","2075",0.18,0.7,0,58,96.6,2.5256,0,0,0.6,0,0,0,0,0,0,0.1,0,0,0,0,0.1,16.9105,6.1935,10.7442,15.1232,4218
"p330","ssp370","AWI-CM-1-1-MR","2075",0.37,0.75,0,64,107.42,2.5243,0.0167,0,0.6,0,0.07,0,0,0,0,0.15,0,0,0,0,0.15,18.0405,7.35,11.9608,15.9039,4219
"p330","ssp370","AWI-CM-1-1-MR","2075",0.17,0.9,0,71,101.62,2.9709,0.0167,0,0.8,0,0,0,0,0,0,0.1,0,0,0,0,0.65,19.2985,7.4853,14.3687,18.722,4220
"p330","ssp370","AWI-CM-1-1-MR","2075",0.2,0.45,0,70,100.23,2.4106,0.0667,0,0,0,0.07,0,0,0,0,0.1,0,0,0.05,0,0.75,19.1467,8.4861,14.6713,17.746,4221
"p330","ssp370","AWI-CM-1-1-MR","2075",0.16,0.3,0,46,96.4,2.5879,0.05,0,0,0,0.06,0,0,0,0,0,0,0,0,0,0.4,16.3888,10.2499,17.376,18.9674,4222
"p330","ssp370","AWI-CM-1-1-MR","2075",0.16,0.6,0,57,110.3,2.5843,0.0833,0,0.05,0,0.06,0,0,0,0,0,0,0,0,0,0.25,17.5774,10.3007,11.4982,14.3261,4223
"p330","ssp370","AWI-CM-1-1-MR","2075",0.49,0.45,0,63,104.81,2.3721,0,0,0.15,0,0,0,0,0,0,0,0,0,0,0.15,0.3,17.5774,7.87,13.8543,18.3594,4224
"p330","ssp370","AWI-CM-1-1-MR","2075",0.16,0.55,0,43,109.56,2.6156,0.0333,0,0.15,0,0,0,0,0,0,0.25,0,0,0,0,0.2,18.2069,8.4242,12.0002,15.4337,4225
"p330","ssp370","AWI-CM-1-1-MR","2075",0.28,0.5,0,72,108.86,2.5355,0.0833,0,0.05,0,0.06,0,0,0,0,0.15,0,0,0,0.15,0.35,19.8299,8.1575,15.8007,16.5698,4226
"p330","ssp370","AWI-CM-1-1-MR","2075",0.33,0.5,0,56,94.84,2.7559,0,0,0.4,0,0.11,0,0,0,0,0.1,0,0.05,0,0,0.6,16.8388,7.6097,16.4398,18.4959,4227
"p330","ssp370","AWI-CM-1-1-MR","2075",0,0.25,0,56,110.39,2.6287,0.0167,0,0,0,0.05,0,0,0,0,0.15,0,0,0,0,0.15,17.1496,10.4533,12.2548,16.4417,4228
"p330","ssp370","AWI-CM-1-1-MR","2075",0.22,0.5,0,66,106.48,2.6945,0,0,0.2,0,0,0,0,0,0,0,0,0,0,0,0.15,18.5059,8.3228,13.6053,14.8397,4229
"p330","ssp370","AWI-CM-1-1-MR","2075",0.32,0.2,0,55,107.42,2.6279,0.0167,0,0.95,0,0.12,0,0,0,0,0,0,0,0,0,0.35,17.0017,4.961,14.8492,17.357,4230
"p330","ssp370","AWI-CM-1-1-MR","2075",0.16,0.1,0,60,112.37,2.6774,0.0167,0,0.4,0,0.05,0,0,0,0,0.1,0,0,0,0.15,0.2,17.9911,6.3388,15.3388,13.4889,4231
"p330","ssp370","AWI-CM-1-1-MR","2075",0.42,1,0,69,98.23,2.7615,0.0333,0,0,0,0.12,0,0,0,0,0,0,0,0,0,0.35,19.1691,8.5942,10.56,15.5291,4232
"p330","ssp370","AWI-CM-1-1-MR","2075",0.32,0.3,0,70,108.29,2.7726,0.0167,0,0.1,0,0,0,0,0,0,0.3,0,0,0,0,0.4,18.2711,9.421,17.3485,16.5956,4233
"p330","ssp370","AWI-CM-1-1-MR","2075",0.22,0.8,0,62,90.8,2.6871,0.0167,0,0.1,0,0.12,0,0,0,0,0,0,0,0.05,0.15,0.45,17.5308,10.7658,15.17,17.5947,4234
"p330","ssp370","AWI-CM-1-1-MR","2075",0.45,0.6,0,67,100.83,2.8,0.05,0,0.05,0,0.06,0,0,0,0,0,0,0,0,0.15,0.6,18.2579,8.6012,11.5665,16.5736,4235
"p330","ssp370","AWI-CM-1-1-MR","2075",0.37,1,0,61,112.8,2.8205,0.0667,0,0.2,0,0.12,0,0,0,0,0,0,0,0,0,0,18.7713,8.4634,13.9265,12.2505,4236
"p330","ssp370","AWI-CM-1-1-MR","2075",0.25,0.7,0,57,96.95,2.6115,0.0667,0,0.2,0,0.07,0,0,0,0,0.3,0,0,0.05,0,0.35,17.6737,9.4678,15.9658,16.4276,4237
"p330","ssp370","AWI-CM-1-1-MR","2075",0.15,0.55,0,69,107.37,2.2221,0.0167,0,0.35,0,0.06,0,0,0,0,0.25,0,0.05,0,0,0.25,17.2484,6.1443,14.4258,18.1255,4238
"p330","ssp370","AWI-CM-1-1-MR","2075",0.33,0.45,0,54,98.29,2.4356,0.0167,0,1,0,0.05,0,0,0.2,0,0,0,0,0,0,0.5,18.1438,3.85,17.174,18.2556,4239
"p330","ssp370","AWI-CM-1-1-MR","2075",0.33,0.2,0,65,109.58,2.7785,0,0,0.1,0,0.21,0,0,0,0,0,0,0,0,0,0.15,16.8386,9.6533,17.3945,17.0344,4240
"p330","ssp370","AWI-CM-1-1-MR","2075",0.29,1,0,72,90.76,2.6462,0.0333,0,0.1,0,0.05,0,0,0,0,0,0,0.05,0,0,0.4,19.3626,8.6678,12.1288,17.36,4241
"p330","ssp370","AWI-CM-1-1-MR","2075",0.16,0.25,0,63,93.41,2.664,0.05,0,0.15,0,0,0,0,0,0,0,0,0.1,0,0,0.2,17.9045,8.4649,14.5008,16.1241,4242
"p330","ssp370","AWI-CM-1-1-MR","2075",0.16,0.15,0,39,107.54,2.5265,0.0333,0,0.45,0,0,0,0,0,0,0,0,0.1,0,0,0.15,17.3652,7.7179,12.1423,16.2476,4243
"p330","ssp370","AWI-CM-1-1-MR","2075",0.29,1,0,80,103.01,2.7785,0.0167,0,0.1,0,0.07,0,0,0,0,0.35,0,0,0,0,0.05,19.7775,9.1631,12.9902,14.2785,4244
"p330","ssp370","AWI-CM-1-1-MR","2075",0.2,0.95,0,53,111.75,2.5491,0,0,0.65,0,0.06,0,0,0,0,0.35,0,0,0,0.15,0.2,16.212,5.1914,14.105,14.2168,4245
"p330","ssp370","AWI-CM-1-1-MR","2075",0.23,1,0,56,107.3,2.8091,0.0167,0,0,0,0.05,0,0,0,0,0,0,0,0,0,0.3,18.0231,9.4127,11.3312,15.4191,4246
"p330","ssp370","AWI-CM-1-1-MR","2075",0.43,0.8,0,67,99.84,2.7901,0.0833,0,0.05,0,0.07,0,0,0,0,0.1,0,0,0,0,0.25,18.3434,10.8253,13.9238,15.7958,4247
"p330","ssp370","AWI-CM-1-1-MR","2075",0.2,0.7,0,58,107.59,2.8315,0,0,0,0,0.05,0,0,0,0,0,0,0.1,0.05,0,0.55,17.9298,9.455,13.0252,17.3933,4248
"p330","ssp370","AWI-CM-1-1-MR","2075",0.17,0,0,64,115.29,2.6685,0.0333,0,0,0,0.17,0,0,0,0,0.1,0,0,0,0,0.2,18.1555,9.762,14.8063,15.929,4249
"p330","ssp370","AWI-CM-1-1-MR","2075",0.16,0.4,0,62,101.16,2.6036,0.05,0,1,0,0.17,0,0,0,0,0.1,0,0.05,0.05,0,0.3,17.8423,3.5478,13.3365,19.1768,4250
"p330","ssp370","AWI-CM-1-1-MR","2075",0.44,0.25,0,63,105.12,2.4755,0,0,0.6,0,0.1,0,0,0,0,0.15,0,0.05,0,0,0.35,17.3176,5.6396,15.7827,17.4935,4251
"p330","ssp370","AWI-CM-1-1-MR","2075",0.12,0.25,0,54,102.62,2.5075,0,0,0.15,0,0.05,0,0,0,0,0.25,0,0,0,0,0.05,16.7554,6.4656,14.0795,14.2776,4252
"p330","ssp370","AWI-CM-1-1-MR","2075",0.11,0.75,0,74,110.08,2.2809,0.0833,0,0.6,0,0.17,0,0,0,0,0.25,0,0,0,0.15,0.15,18.3992,6.203,16.7965,17.0662,4253
"p330","ssp370","AWI-CM-1-1-MR","2075",0.31,0.2,0,54,108.15,2.4395,0,0,0.75,0,0.06,0,0,0,0,0.1,0,0.05,0,0,0.2,16.9671,4.4902,12.436,17.5895,4254
"p330","ssp370","AWI-CM-1-1-MR","2075",0.46,0.8,0,73,105.71,2.6274,0.0333,0,0.3,0,0.1,0,0,0,0,0,0,0,0,0.15,0.4,18.6714,10.1012,15.3545,15.9029,4255
"p330","ssp370","AWI-CM-1-1-MR","2075",0.23,0.5,0,73,101.29,2.6933,0.0333,0,0.05,0,0.07,0,0,0,0,0,0,0.25,0.05,0,0.15,18.7715,8.6741,13.589,18.3976,4256
"p330","ssp370","AWI-CM-1-1-MR","2075",0.17,0.6,0,63,103.15,2.6933,0.0167,0,0,0,0.06,0,0,0,0,0,0,0,0,0,0.5,17.8707,11.9269,11.2453,16.3588,4257
"p330","ssp370","AWI-CM-1-1-MR","2075",0.35,0.5,0.15,51,112.81,2.7609,0,0,0.15,0,0.07,0,0,0.3,0,0,0,0,0.05,0.15,0.35,16.0605,8.93,18.7827,16.5397,4258
"p330","ssp370","AWI-CM-1-1-MR","2075",0.12,0.45,0.15,64,107.1,2.601,0.0167,0,0.2,0,0.08,0,0,0,0,0.35,0,0,0,0,0.45,18.3235,7.5528,13.7592,17.5491,4259
"p330","ssp370","AWI-CM-1-1-MR","2075",0.39,1,0,58,108.42,2.5825,0.05,0,0.55,0,0.1,0,0,0,0,0.25,0,0,0,0.15,0.9,18.3314,6.4452,13.8857,17.8344,4260
"p330","ssp370","AWI-CM-1-1-MR","2075",0.37,0.65,0,69,96.72,2.9073,0.0333,0,0.05,0,0.15,0,0,0,0,0,0,0,0.05,0,0.25,19.0712,8.2884,13.4142,15.5607,4261
"p330","ssp370","AWI-CM-1-1-MR","2075",0.3,0.55,0,58,107.51,2.866,0.05,0,0,0,0.09,0,0,0,0,0,0,0,0,0,0.1,17.0497,10.8136,13.9883,13.217,4262
"p330","ssp370","AWI-CM-1-1-MR","2075",0.34,0.15,0.1,40,102.5,2.7937,0.0167,0,0.2,0,0.05,0,0,0,0,0.1,0,0.05,0,0.15,0.25,14.3948,7.5457,15.5167,17.318,4263
"p330","ssp370","AWI-CM-1-1-MR","2075",0.36,0.1,0,48,103.1,2.7749,0.0167,0,0.05,0,0.06,0,0,0,0,0.1,0,0,0,0,0.3,15.5629,10.0474,13.7223,17.6197,4264
"p330","ssp370","AWI-CM-1-1-MR","2075",0.15,0.45,0,53,115.25,2.4802,0.0167,0,0,0,0,0,0,0,0,0,0,0.15,0,0,0.3,17.5215,8.7855,12.712,21.1882,4265
"p330","ssp370","AWI-CM-1-1-MR","2075",0.15,0.2,0.3,58,113.7,2.7909,0.0167,0,0,0,0,0,0,0,0,0.25,0,0,0,0,0.2,17.3393,7.8891,16.7655,18.9764,4266
"p330","ssp370","AWI-CM-1-1-MR","2075",0.38,0.5,0,67,99.59,2.4633,0.0333,0,0,0,0.13,0,0,0,0,0,0,0,0,0.15,0.35,17.7393,8.6198,13.8918,17.6365,4267
"p330","ssp370","AWI-CM-1-1-MR","2075",0.14,0.7,0.1,69,104.31,2.6412,0.0333,0,0.6,0,0.12,0,0,0,0,0,0,0.05,0,0,0.45,18.6953,7.7198,11.6943,18.1533,4268
"p330","ssp370","AWI-CM-1-1-MR","2075",0.29,1,0,61,102.83,2.5287,0.0167,0,0.05,0,0.07,0,0,0,0,0,0,0.05,0.05,0,0.35,17.7745,9.9984,14.0183,19.019,4269
"p330","ssp370","AWI-CM-1-1-MR","2075",0.5,1,0,73,103.03,2.6607,0.0833,0,0.2,0,0.14,0,0,0,0,0,0,0,0,0,0.2,19.6169,8.9618,14.5452,16.665,4270
"p330","ssp370","AWI-CM-1-1-MR","2075",0.24,0.1,0,65,95.16,2.5766,0.0667,0,0.25,0,0.12,0,0,0,0,0.1,0,0,0,0.15,0.4,17.3898,7.3318,13.2127,15.7529,4271
"p330","ssp370","AWI-CM-1-1-MR","2075",0.28,0.3,0,67,115.35,2.4387,0,0,0,0,0,0,0,0,0,0,0,0.05,0.05,0,0.4,17.9702,9.4552,12.081,17.9432,4272
"p330","ssp370","AWI-CM-1-1-MR","2075",0.23,0.55,0,65,112.71,2.6877,0,0,0.7,0,0.13,0,0,0,0,0,0,0.1,0,0,0.75,18.8002,6.5278,16.0318,19.1526,4273
"p330","ssp370","AWI-CM-1-1-MR","2075",0.33,0.75,0,65,109.84,2.6197,0.0667,0,0,0,0.12,0,0,0,0,0,0,0.05,0,0.15,0.15,19.3699,10.4156,15.0223,18.5874,4274
"p330","ssp370","AWI-CM-1-1-MR","2075",0.3,0.55,0,64,101.89,2.5869,0.05,0,0,0,0.12,0,0,0,0,0.15,0,0,0,0,0.1,18.0327,9.8888,15.0943,15.1238,4275
"p330","ssp370","AWI-CM-1-1-MR","2075",0.14,0,0,79,110.76,2.9082,0.0333,0,0.05,0,0.05,0,0,0,0,0,0,0,0,0,0.2,17.4225,8.8926,15.4222,15.9183,4276
"p330","ssp370","AWI-CM-1-1-MR","2075",0.2,0.6,0,67,99.53,2.6258,0.0667,0,0,0,0.06,0,0,0,0,0.4,0,0,0.05,0,0.1,18.6912,8.8192,14.2683,15.8503,4277
"p330","ssp370","AWI-CM-1-1-MR","2075",0.43,0.95,0,64,103.73,2.6505,0,0,0.15,0,0.1,0,0,0,0,0.15,0,0.05,0.05,0,0.45,18.5289,8.4844,14.3457,17.4971,4278
"p330","ssp370","AWI-CM-1-1-MR","2075",0.48,0.3,0,55,96.49,2.4758,0.0167,0,0.3,0,0,0,0,0,0,0.15,0,0,0,0,0.75,16.3677,8.658,13.6528,18.2285,4279
"p330","ssp370","AWI-CM-1-1-MR","2075",0.24,0.3,0.1,60,82.82,2.7453,0.0333,0,0,0,0.17,0,0,0,0,0,0,0,0,0.15,0.75,18.4932,11.4982,13.6647,16.1123,4280
"p330","ssp370","AWI-CM-1-1-MR","2075",0.24,0.55,0,65,107.05,2.4692,0.0833,0,0,0,0.05,0,0,0,0,0,0,0,0,0,0.3,19.231,11.4076,14.3298,15.6499,4281
"p330","ssp370","AWI-CM-1-1-MR","2075",0.36,1,0,63,97.01,2.6901,0.05,0,0.65,0,0.05,0,0,0,0,0.15,0,0.15,0,0,0.3,19.6098,6.2508,12.7428,18.6456,4282
"p330","ssp370","AWI-CM-1-1-MR","2075",0.31,0.6,0,63,112.26,2.631,0.0333,0,0.1,0,0.1,0,0,0,0,0.1,0,0.25,0.05,0,0.15,17.6116,7.6804,13.1388,17.2055,4283
"p330","ssp370","AWI-CM-1-1-MR","2075",0.29,0.65,0,48,100.06,2.8456,0.0333,0,0,0,0.05,0,0,0,0,0,0,0,0,0.15,0.5,16.1762,9.0193,11.5337,18.9455,4284
"p330","ssp370","AWI-CM-1-1-MR","2075",0.24,0.75,0,54,107.09,2.6745,0.05,0,0.15,0,0.06,0,0,0.1,0,0,0,0.05,0,0,0.1,18.8016,7.3974,15.765,16.539,4285
"p330","ssp370","AWI-CM-1-1-MR","2075",0.28,0.15,0,66,99.66,2.5306,0.05,0,0.5,0,0.14,0,0,0,0,0.1,0,0.05,0.05,0,0.15,18.6443,7.6893,14.6422,17.0611,4286
"p330","ssp370","AWI-CM-1-1-MR","2075",0.41,1,0,63,109.04,2.8375,0.0333,0,0.2,0,0.09,0,0,0,0,0,0,0,0.05,0.15,0.85,17.8425,7.764,15.0292,17.7106,4287
"p330","ssp370","AWI-CM-1-1-MR","2075",0.35,0.95,0,59,112.25,2.643,0.05,0,0,0,0.1,0,0,0,0,0.1,0,0,0,0,0.2,19.2979,9.6866,14.5372,17.0564,4288
"p330","ssp370","AWI-CM-1-1-MR","2075",0.32,0.1,0,68,108.85,2.9627,0.0333,0,0.1,0,0.11,0,0,0,0,0.1,0,0,0,0,0.25,17.511,9.0722,13.4575,15.8431,4289
"p330","ssp370","AWI-CM-1-1-MR","2075",0.21,0.65,0,50,107.03,2.6372,0,0,0.5,0,0.06,0,0,0,0,0.1,0,0,0,0,0.2,16.2701,5.6714,13.7395,15.5729,4290
"p330","ssp370","AWI-CM-1-1-MR","2075",0.22,0.4,0,61,112.14,2.6812,0,0,0.15,0,0.06,0,0,0,0,0.1,0,0,0,0,0.3,18.4062,7.8908,14.6488,14.125,4291
"p330","ssp370","AWI-CM-1-1-MR","2075",0.18,0.3,0,57,98.88,2.5639,0.05,0,0.15,0,0.16,0,0,0,0,0,0,0.05,0,0,0.45,16.173,7.9906,13.7613,17.3615,4292
"p330","ssp370","AWI-CM-1-1-MR","2075",0.11,0.6,0,54,102.66,2.9562,0.1167,0,0.05,0,0.1,0,0,0,0,0,0,0,0,0,0.2,16.5065,11.1162,12.7975,15.4697,4293
"p330","ssp370","AWI-CM-1-1-MR","2075",0.32,1,0,70,105.63,2.5828,0.0167,0,0.05,0,0.09,0,0,0,0,0,0,0,0,0,0.15,18.8027,8.5987,12.8247,15.0655,4294
"p330","ssp370","AWI-CM-1-1-MR","2075",0.05,0.65,0.1,63,106.16,2.7305,0.0833,0,0.25,0,0.13,0,0,0,0,0,0,0,0,0.6,0.4,18.0555,10.048,15.7012,17.3289,4295
"p330","ssp370","AWI-CM-1-1-MR","2075",0.38,0.9,0,67,112.95,2.5795,0.0333,0,0.45,0,0.11,0,0,0,0,0,0,0,0,0,0.25,19.6123,6.3642,16.5992,18.0773,4296
"p330","ssp370","AWI-CM-1-1-MR","2075",0.13,0.2,0,80,111.57,2.6465,0.05,0,0.25,0,0.08,0,0,0,0,0.35,0,0,0,0,0.1,18.6513,7.1821,17.2135,15.6546,4297
"p330","ssp370","AWI-CM-1-1-MR","2075",0.2,0.5,0,58,108.88,2.6173,0.05,0,0.05,0,0.15,0,0,0,0,0,0,0,0,0,0,17.3019,10.0026,14.8962,13.7188,4298
"p330","ssp370","AWI-CM-1-1-MR","2075",0.27,0,0,82,92.1,2.4993,0.0333,0,0.35,0,0,0,0,0,0,0,0,0,0,0,0.25,19.1058,9.2931,11.3928,17.2577,4299
"p330","ssp370","AWI-CM-1-1-MR","2075",0.3,1,0,76,107.03,2.6696,0,0,0.05,0,0.1,0,0,0,0,0,0,0,0,0,0.4,19.8776,8.2194,13.6332,14.023,4300
"p330","ssp370","CNRM-CM6-1-HR","2075",0.16,0.1,0.15,57,105.43,4.3701,0.0667,0,0.15,0,0,0,0,0,0,0,0,0,0,0,0.25,16.5125,8.0951,11.9977,15.2894,4301
"p330","ssp370","CNRM-CM6-1-HR","2075",0.05,0.35,0,60,104.16,4.5993,0.05,0,0,0,0.13,0,0,0,0,0.1,0,0,0,0,0.25,16.3568,9.1498,13.6822,16.5698,4302
"p330","ssp370","CNRM-CM6-1-HR","2075",0.15,0,0,52,109.91,4.406,0.1333,0,0.5,0,0.26,0,0,0,0,0.1,0,0,0,0,0.25,15.9726,8.1734,16.476,16.2892,4303
"p330","ssp370","CNRM-CM6-1-HR","2075",0.31,0,0,56,107.1,4.364,0.1333,0,0.05,0,0.08,0,0,0,0,0.2,0,0,0,0,0.2,14.9152,10.0208,11.7065,15.677,4304
"p330","ssp370","CNRM-CM6-1-HR","2075",0.19,0,0,64,105.06,4.4721,0.0833,0,0.05,0,0.09,0,0,0,0,0,0,0,0,0,0.25,16.5409,8.7939,15.1015,15.1915,4305
"p330","ssp370","CNRM-CM6-1-HR","2075",0.28,0.1,0.1,56,104.85,4.5974,0.05,0,0.45,0,0,0,0,0,0,0,0,0,0,0,0.3,15.4765,8.501,9.8817,15.0941,4306
"p330","ssp370","CNRM-CM6-1-HR","2075",0.22,0.2,0,53,108.59,4.434,0.05,0,0.3,0,0.12,0,0,0,0,0,0,0,0,0,0.05,16.3739,7.9506,11.6952,13.325,4307
"p330","ssp370","CNRM-CM6-1-HR","2075",0.34,0.5,0,38,109.27,4.5556,0.0833,0,0.2,0,0.06,0,0,0,0,0,0,0.05,0.05,0,0.5,15.1141,8.8864,12.8472,19.6032,4308
"p330","ssp370","CNRM-CM6-1-HR","2075",0.41,0,0,78,109.51,3.8989,0.0667,0,0.35,0,0.1,0,0,0,0,0,0,0,0,0,0.1,17.6515,6.4338,15.0923,15.4737,4309
"p330","ssp370","CNRM-CM6-1-HR","2075",0.3,0.45,0,58,109.96,4.6364,0.1667,0,0.45,0,0.16,0,0,0,0,0,0,0,0,0,0.1,17.0304,7.4344,14.719,15.5405,4310
"p330","ssp370","CNRM-CM6-1-HR","2075",0.13,0.2,0.15,72,105.73,4.4263,0.0833,0,0.1,0,0.14,0,0,0,0,0,0,0,0,0,0.15,17.7362,9.8853,15.702,15.9789,4311
"p330","ssp370","CNRM-CM6-1-HR","2075",0.24,0,0.1,30,94.88,4.3753,0.05,0,0.4,0,0,0,0,0,0,0.1,0,0,0,0,0.1,13.8609,8.5256,13.1398,17.4227,4312
"p330","ssp370","CNRM-CM6-1-HR","2075",0.24,0.4,0,61,102.03,4.5308,0.2667,0,0.15,0,0.1,0,0,0,0,0.15,0,0,0,0,0.15,17.2069,10.8184,15.917,14.64,4313
"p330","ssp370","CNRM-CM6-1-HR","2075",0.26,0,0,52,107.98,4.774,0.1833,0,0.05,0,0.12,0,0,0,0,0.15,0,0,0,0,0.15,15.2369,10.7741,15.1413,15.7038,4314
"p330","ssp370","CNRM-CM6-1-HR","2075",0.1,0.25,0,56,106.84,4.4396,0.1,0,0.15,0,0.05,0,0,0,0,0.3,0,0.05,0,0,0.3,15.8564,8.8952,14.6305,18.848,4315
"p330","ssp370","CNRM-CM6-1-HR","2075",0.17,0,0,52,108.63,4.4166,0.1,0,0.25,0,0.12,0,0,0,0,0.35,0,0,0,0,0.55,15.5048,8.5664,16.1537,16.8445,4316
"p330","ssp370","CNRM-CM6-1-HR","2075",0.13,0.1,0,54,108.25,4.3476,0.0833,0,0.2,0,0.11,0,0,0,0,0,0,0,0,0,0.3,15.588,10.0215,16.4063,15.8221,4317
"p330","ssp370","CNRM-CM6-1-HR","2075",0.18,0.1,0,47,103.07,4.2196,0.0167,0,0.75,0,0,0,0,0,0,0.1,0,0,0,0,0.1,14.7186,5.8921,10.3622,14.5833,4318
"p330","ssp370","CNRM-CM6-1-HR","2075",0.32,0.4,0,50,108.19,4.141,0.05,0,0.75,0,0.07,0,0,0,0,0.1,0,0,0,0,0.2,15.8437,7.0567,11.5788,15.3653,4319
"p330","ssp370","CNRM-CM6-1-HR","2075",0.17,0.35,0,66,97.48,4.7803,0.0333,0,0.95,0,0,0,0,0,0,0,0,0,0,0,0.6,17.0977,7.2064,13.9837,18.1861,4320
"p330","ssp370","CNRM-CM6-1-HR","2075",0.2,0.15,0,61,105.63,4.0332,0.0833,0,0.1,0,0.07,0,0,0,0,0.1,0,0,0,0,0.7,16.959,8.1734,14.2908,17.2046,4321
"p330","ssp370","CNRM-CM6-1-HR","2075",0.16,0,0,35,97.47,4.2734,0.0667,0,0,0,0.06,0,0,0,0,0,0,0,0,0,0.35,14.1969,9.9462,16.9955,18.4291,4322
"p330","ssp370","CNRM-CM6-1-HR","2075",0.16,0.35,0,48,104.18,4.2799,0.1333,0,0.2,0.05,0.06,0,0,0,0,0,0,0,0,0,0.1,15.3811,10.0052,11.117,13.788,4323
"p330","ssp370","CNRM-CM6-1-HR","2075",0.49,0,0,56,111.98,3.9391,0.0167,0,0.3,0,0,0,0,0,0,0,0,0,0,0.15,0.15,15.3774,7.5902,13.4703,17.8233,4324
"p330","ssp370","CNRM-CM6-1-HR","2075",0.16,0,0,40,110.72,4.5772,0.0667,0,0.3,0,0,0,0,0,0,0.25,0,0,0,0,0.15,16.0197,8.1103,11.6195,14.8924,4325
"p330","ssp370","CNRM-CM6-1-HR","2075",0.25,0.3,0,59,100.94,4.334,0.1,0,0.1,0,0.06,0,0,0,0,0.1,0,0,0,0,0.25,17.6388,7.8521,15.4195,16.0318,4326
"p330","ssp370","CNRM-CM6-1-HR","2075",0.32,0,0,47,102.4,4.4637,0.0333,0,0.45,0,0.11,0,0,0,0,0.1,0,0.05,0,0,0.45,14.6438,7.3125,16.0572,17.9574,4327
"p330","ssp370","CNRM-CM6-1-HR","2075",0,0,0,47,105.94,4.3852,0.05,0,0,0,0.05,0,0,0,0,0.15,0,0,0,0,0.15,14.9501,10.1715,11.8692,15.9062,4328
"p330","ssp370","CNRM-CM6-1-HR","2075",0.22,0.35,0,52,106.51,4.5372,0.05,0,0.45,0,0,0,0,0,0,0,0,0,0,0,0.05,16.3197,8.0073,13.2248,14.2968,4329
"p330","ssp370","CNRM-CM6-1-HR","2075",0.32,0,0,43,95.46,4.4367,0.05,0,1,0,0.12,0,0,0,0,0,0,0,0,0,0.2,14.8118,4.6538,14.4673,16.8173,4330
"p330","ssp370","CNRM-CM6-1-HR","2075",0.15,0,0.1,53,106.32,4.4627,0.0833,0,0.65,0,0,0,0,0,0,0.1,0,0,0,0,0.1,15.7968,6.0408,14.9568,12.95,4331
"p330","ssp370","CNRM-CM6-1-HR","2075",0.41,0,0,63,103.31,4.5177,0.0667,0,0,0,0.12,0,0,0,0,0,0,0,0,0,0.25,16.9702,8.3105,10.1758,14.9927,4332
"p330","ssp370","CNRM-CM6-1-HR","2075",0.32,0.25,0,58,111.36,4.6113,0.0833,0,0.25,0,0,0,0,0,0,0.15,0,0,0,0,0.3,16.086,9.1038,16.9677,16.054,4333
"p330","ssp370","CNRM-CM6-1-HR","2075",0.22,0,0,52,93.36,4.4415,0.1167,0,0.35,0,0.12,0,0,0,0,0,0,0,0,0.15,0.4,15.3418,10.4574,14.7878,17.0548,4334
"p330","ssp370","CNRM-CM6-1-HR","2075",0.43,0.15,0,58,97.63,4.6053,0.1,0,0.2,0,0.06,0,0,0,0,0,0,0,0,0,0.6,16.0645,8.3011,11.1853,16.0347,4335
"p330","ssp370","CNRM-CM6-1-HR","2075",0.32,0.65,0,53,114.09,4.6544,0.0833,0,0.5,0,0.12,0,0,0,0,0,0,0,0,0,0,16.5737,8.1777,13.5415,11.7147,4336
"p330","ssp370","CNRM-CM6-1-HR","2075",0.25,0.45,0,49,98.57,4.2451,0.1667,0,0.25,0,0.07,0,0,0,0,0.35,0,0,0.05,0,0.2,15.489,9.1483,15.5847,15.8854,4337
"p330","ssp370","CNRM-CM6-1-HR","2075",0.15,0.15,0,43,110.86,3.7966,0.0167,0,0.6,0,0.06,0,0,0,0,0.2,0,0,0,0,0.25,15.0601,5.834,14.045,17.5852,4338
"p330","ssp370","CNRM-CM6-1-HR","2075",0.27,0.5,0,52,104.29,4.1803,0.0167,0,1,0,0.05,0,0,0.2,0,0,0,0,0,0,0.45,15.9507,3.5478,16.7923,17.7165,4339
"p330","ssp370","CNRM-CM6-1-HR","2075",0.33,0,0,52,108.68,4.5556,0.05,0,0.2,0,0.21,0,0,0,0,0,0,0,0,0,0.25,14.6419,9.3658,17.01,16.4985,4340
"p330","ssp370","CNRM-CM6-1-HR","2075",0.29,0.3,0,68,102.62,4.3392,0.0833,0,0.1,0,0.05,0,0,0,0,0,0,0,0,0,0.2,17.1787,8.3476,11.7483,16.8178,4341
"p330","ssp370","CNRM-CM6-1-HR","2075",0.16,0,0,51,99.13,4.4638,0.15,0,0.35,0,0,0,0,0,0,0,0,0.05,0,0,0.1,15.7173,8.1528,14.1205,15.5842,4342
"p330","ssp370","CNRM-CM6-1-HR","2075",0.16,0.15,0,38,110.47,4.1678,0.0833,0,0.55,0,0,0,0,0,0,0,0,0,0,0,0.2,15.1725,7.4142,11.7608,15.7076,4343
"p330","ssp370","CNRM-CM6-1-HR","2075",0.29,0.4,0,71,108.73,4.5758,0.0667,0,0.2,0,0.07,0,0,0,0,0.35,0,0,0,0,0.05,17.5812,8.8738,12.6057,13.7409,4344
"p330","ssp370","CNRM-CM6-1-HR","2075",0.15,0.5,0,39,115.37,4.345,0.0333,0,1,0,0.06,0,0,0,0,0.3,0,0,0,0,0.2,14.0291,4.8692,13.7245,13.6746,4345
"p330","ssp370","CNRM-CM6-1-HR","2075",0.23,0.35,0,47,109.91,4.6391,0.1333,0,0,0,0.05,0,0,0,0,0,0,0,0,0,0.2,15.8367,9.0997,10.9513,14.8782,4346
"p330","ssp370","CNRM-CM6-1-HR","2075",0.4,0.15,0,64,104.15,4.5552,0.2167,0,0.1,0,0.07,0,0,0,0,0.1,0,0,0,0,0.1,16.1517,10.5202,13.5432,15.2567,4347
"p330","ssp370","CNRM-CM6-1-HR","2075",0.19,0.2,0,49,104.32,4.7005,0.0833,0,0,0,0.05,0,0,0,0,0,0,0.05,0.05,0,0.55,15.7344,9.1646,12.6412,16.8556,4348
"p330","ssp370","CNRM-CM6-1-HR","2075",0.15,0,0,47,115.75,4.5873,0.0667,0,0,0,0.17,0,0,0,0,0.1,0,0,0,0,0.2,15.974,9.4378,14.4262,15.3851,4349
"p330","ssp370","CNRM-CM6-1-HR","2075",0.11,0,0,51,102.26,4.3674,0.1167,0,1,0,0.17,0,0,0,0,0.1,0,0,0,0,0.35,15.6562,3.2323,12.9563,18.6364,4350
"p330","ssp370","CNRM-CM6-1-HR","2075",0.44,0,0,52,105.09,4.2205,0,0,0.85,0,0.1,0.05,0,0,0,0.15,0,0.05,0,0,0.2,15.1279,5.3322,15.4017,16.9544,4351
"p330","ssp370","CNRM-CM6-1-HR","2075",0.12,0.15,0,43,107,4.2342,0.0167,0,0.7,0,0.05,0,0,0,0,0.15,0,0,0,0,0.05,14.561,6.1732,13.6958,13.7405,4352
"p330","ssp370","CNRM-CM6-1-HR","2075",0.11,0,0,58,111.01,3.8242,0.1667,0,0.85,0,0.17,0,0,0,0,0.25,0,0,0,0,0.15,16.2173,5.8772,16.4155,16.5228,4353
"p330","ssp370","CNRM-CM6-1-HR","2075",0.29,0.2,0,40,110.29,4.0791,0,0,1,0,0.06,0,0,0,0,0,0,0,0,0,0.2,14.7821,4.173,12.0547,17.0488,4354
"p330","ssp370","CNRM-CM6-1-HR","2075",0.39,0.2,0,62,107.72,4.3532,0.0333,0,0.4,0,0.1,0,0,0,0,0,0,0,0,0,0.4,16.4823,9.7925,14.973,15.3632,4355
"p330","ssp370","CNRM-CM6-1-HR","2075",0.23,0,0,63,103.3,4.4644,0.0667,0,0.1,0,0.07,0,0,0,0,0,0,0.2,0,0,0.15,16.5776,8.3802,13.2053,17.8606,4356
"p330","ssp370","CNRM-CM6-1-HR","2075",0.12,0,0,47,104.17,4.4158,0.1333,0,0,0,0.06,0,0,0,0,0,0,0,0,0,0.45,15.6903,11.6002,10.8663,15.8156,4357
"p330","ssp370","CNRM-CM6-1-HR","2075",0.33,0,0,35,113.2,4.6583,0.1,0,0.3,0,0.07,0,0,0.3,0,0,0,0,0.05,0,0.55,13.8764,8.6116,18.4022,15.9991,4358
"p330","ssp370","CNRM-CM6-1-HR","2075",0.12,0.25,0.25,50,107.95,4.2751,0.0667,0,0.15,0,0.08,0,0,0,0,0.3,0,0,0,0,0.45,16.1349,7.242,13.3778,17.0089,4359
"p330","ssp370","CNRM-CM6-1-HR","2075",0.37,0.4,0,57,103.64,4.2905,0.0667,0,0.7,0,0.1,0,0,0,0,0.25,0,0,0,0,0.55,16.1387,6.1492,13.5013,17.297,4360
"p330","ssp370","CNRM-CM6-1-HR","2075",0.37,0.25,0,59,103.79,4.791,0.0833,0,0.25,0.05,0.14,0,0,0,0,0,0,0,0,0,0.2,16.8918,7.9587,13.0343,15.0172,4361
"p330","ssp370","CNRM-CM6-1-HR","2075",0.29,0.3,0,47,107.47,4.6946,0.2,0,0,0.05,0.09,0,0,0,0,0,0,0,0,0,0,14.8664,10.4932,13.6078,12.6762,4362
"p330","ssp370","CNRM-CM6-1-HR","2075",0.33,0,0,22,103.89,4.5149,0.05,0,0.45,0,0.05,0,0,0,0,0.1,0,0,0,0,0.25,12.2069,7.2331,15.1372,16.7789,4363
"p330","ssp370","CNRM-CM6-1-HR","2075",0.36,0,0,33,101.33,4.5913,0.0667,0,0.05,0,0.06,0,0,0,0,0.1,0,0,0,0,0.2,13.3714,9.7494,13.3385,17.0826,4364
"p330","ssp370","CNRM-CM6-1-HR","2075",0.1,0,0,48,114.87,4.1556,0.1,0,0.2,0,0,0,0,0,0,0,0,0.15,0,0,0.3,15.343,8.4552,12.3332,20.6446,4365
"p330","ssp370","CNRM-CM6-1-HR","2075",0.15,0,0.15,46,111.35,4.5945,0.0667,0,0.3,0,0,0,0,0,0,0.4,0,0,0,0,0.15,15.1569,7.5663,16.3855,18.435,4366
"p330","ssp370","CNRM-CM6-1-HR","2075",0.35,0.15,0,55,96.79,4.1061,0.05,0,0,0,0.13,0,0,0,0,0,0,0,0,0,0.15,15.5523,8.3064,13.5115,17.0958,4367
"p330","ssp370","CNRM-CM6-1-HR","2075",0.14,0.15,0.25,56,102.25,4.5032,0.0833,0,0.65,0,0.11,0,0,0,0,0,0,0,0,0,0.3,16.5047,7.4202,11.3103,17.6158,4368
"p330","ssp370","CNRM-CM6-1-HR","2075",0.29,0.15,0,51,102.13,4.2021,0.0833,0,0.15,0,0.07,0.05,0,0,0,0,0,0,0,0,0.35,15.5975,9.6664,13.6385,18.4744,4369
"p330","ssp370","CNRM-CM6-1-HR","2075",0.45,0.15,0,62,105.06,4.4228,0.1833,0,0.35,0,0.14,0,0,0,0,0,0,0,0,0,0.05,17.4353,8.6378,14.1648,16.1235,4370
"p330","ssp370","CNRM-CM6-1-HR","2075",0.21,0,0.1,51,99.11,4.2748,0.1333,0,0.65,0,0.12,0,0,0,0,0,0,0,0,0,0.4,15.2041,7.0168,12.832,15.2117,4371
"p330","ssp370","CNRM-CM6-1-HR","2075",0.23,0,0,55,115.17,4.0538,0.1,0,0.05,0,0,0,0,0,0,0,0,0,0.05,0,0.35,15.7802,9.1544,11.6973,17.405,4372
"p330","ssp370","CNRM-CM6-1-HR","2075",0.11,0,0.15,54,114.28,4.4829,0.0167,0,0.8,0,0.13,0,0,0,0,0,0,0.1,0,0,0.75,16.6238,6.1935,15.6525,18.609,4373
"p330","ssp370","CNRM-CM6-1-HR","2075",0.33,0.6,0,56,108.86,4.3639,0.1333,0,0.05,0,0.12,0,0,0,0,0,0,0,0,0,0.15,17.1893,10.0896,14.643,18.0458,4374
"p330","ssp370","CNRM-CM6-1-HR","2075",0.3,0.15,0,48,99.05,4.2423,0.1,0,0.1,0,0.12,0,0,0,0,0.15,0,0,0,0,0.1,15.847,9.5714,14.7138,14.5826,4375
"p330","ssp370","CNRM-CM6-1-HR","2075",0.12,0,0,40,108.26,4.8425,0.1,0,0,0,0.05,0,0,0,0,0,0,0,0,0,0.15,15.2333,8.59,15.0382,15.38,4376
"p330","ssp370","CNRM-CM6-1-HR","2075",0.2,0,0,63,98.49,4.3725,0.1333,0,0.05,0,0.06,0,0,0,0,0.4,0,0,0,0,0.15,16.5153,8.4841,13.8893,15.3054,4377
"p330","ssp370","CNRM-CM6-1-HR","2075",0.43,0.2,0,53,105.84,4.3044,0.0333,0,0.15,0,0.1,0,0,0,0,0.15,0,0,0,0,0.5,16.3485,8.1571,13.966,16.9553,4378
"p330","ssp370","CNRM-CM6-1-HR","2075",0.38,0,0,35,102.99,4.1065,0.0833,0,0.3,0,0,0,0,0,0,0.15,0,0,0,0,0.5,14.1829,8.3387,13.271,17.6871,4379
"p330","ssp370","CNRM-CM6-1-HR","2075",0.24,0.15,0,50,89.61,4.3732,0.1333,0,0,0,0.17,0,0,0,0,0,0,0,0,0,0.6,16.3049,11.1878,13.2832,15.5729,4380
"p330","ssp370","CNRM-CM6-1-HR","2075",0.24,0.25,0,63,109.83,4.1389,0.1333,0,0.05,0,0.05,0,0,0,0,0,0,0,0,0,0.4,17.0585,11.0641,13.9517,15.1121,4381
"p330","ssp370","CNRM-CM6-1-HR","2075",0.3,0.3,0,56,97.31,4.4412,0.0833,0,0.75,0,0.05,0,0,0,0,0.15,0,0.1,0,0,0.2,17.433,5.9163,12.3648,18.1026,4382
"p330","ssp370","CNRM-CM6-1-HR","2075",0.31,0,0,48,107.02,4.5275,0.0667,0,0.2,0,0.1,0,0,0,0,0.1,0,0.2,0.05,0,0.15,15.4302,7.353,12.7608,16.6627,4383
"p330","ssp370","CNRM-CM6-1-HR","2075",0.29,0.2,0,25,102.85,4.6556,0.15,0,0.2,0,0.05,0,0,0,0,0,0,0,0,0.15,0.35,13.9908,8.7076,11.1532,18.4053,4384
"p330","ssp370","CNRM-CM6-1-HR","2075",0.24,0.75,0,52,107.78,4.4002,0.1,0,0.3,0,0.06,0,0,0.1,0,0,0,0,0,0,0.05,16.6301,7.0524,15.3883,16.0006,4385
"p330","ssp370","CNRM-CM6-1-HR","2075",0.23,0.15,0,50,99.52,4.2744,0.0833,0,0.6,0,0.14,0,0,0,0,0.1,0,0.05,0.05,0,0.05,16.4676,7.3523,14.2647,16.5174,4386
"p330","ssp370","CNRM-CM6-1-HR","2075",0.39,0,0,50,109.28,4.6401,0.1,0,0.4,0,0.09,0,0,0,0,0,0,0,0,0,0.6,15.6621,7.4355,14.6525,17.167,4387
"p330","ssp370","CNRM-CM6-1-HR","2075",0.33,0.4,0,53,109.95,4.3862,0.1,0,0.05,0,0.1,0,0,0,0,0.1,0,0,0,0,0.25,17.1132,9.373,14.156,16.5162,4388
"p330","ssp370","CNRM-CM6-1-HR","2075",0.32,0,0,48,106.14,4.7905,0.1333,0,0.1,0,0.11,0,0,0,0,0,0,0,0,0,0.25,15.3403,8.7256,13.0805,15.3041,4389
"p330","ssp370","CNRM-CM6-1-HR","2075",0.21,0,0,36,111.84,4.3444,0,0,0.75,0,0.06,0,0,0,0,0,0,0,0,0,0.15,14.0949,5.3327,13.3623,15.0294,4390
"p330","ssp370","CNRM-CM6-1-HR","2075",0.22,0,0,55,114.27,4.4631,0.1,0,0.3,0,0.06,0,0,0,0,0.1,0,0,0,0,0.25,16.2269,7.5604,14.2713,13.5812,4391
"p330","ssp370","CNRM-CM6-1-HR","2075",0.18,0,0,33,101.24,4.2791,0.0833,0,0.35,0,0.16,0,0,0,0,0,0,0,0,0,0.3,13.9891,7.6752,13.381,16.8205,4392
"p330","ssp370","CNRM-CM6-1-HR","2075",0.06,0.15,0,40,106.19,4.7816,0.2667,0,0.05,0,0.1,0,0,0,0,0,0,0,0,0,0.2,14.336,10.7681,12.4198,14.931,4393
"p330","ssp370","CNRM-CM6-1-HR","2075",0.27,0.3,0,55,105.21,4.2905,0.0667,0,0.05,0,0.09,0,0,0,0,0,0,0,0,0,0.1,16.6282,8.2581,12.4477,14.5218,4394
"p330","ssp370","CNRM-CM6-1-HR","2075",0,0.1,0.1,51,104.51,4.4542,0.15,0,0.6,0,0.13,0,0,0,0,0,0,0,0,0.3,0.35,15.8764,9.7162,15.324,16.7859,4395
"p330","ssp370","CNRM-CM6-1-HR","2075",0.32,0.2,0,63,109.35,4.4259,0.0333,0,0.85,0,0.11,0,0,0,0,0,0,0,0,0,0.2,17.4295,6.0471,16.218,17.5365,4396
"p330","ssp370","CNRM-CM6-1-HR","2075",0.13,0,0,71,108.24,4.4207,0.1167,0,0.3,0,0.08,0,0,0,0,0.2,0,0,0,0,0.05,16.4823,6.8327,16.8363,15.1151,4397
"p330","ssp370","CNRM-CM6-1-HR","2075",0.2,0.15,0,48,105.74,4.4294,0.15,0,0.05,0,0.15,0,0,0,0,0,0,0,0,0,0,15.1292,9.6614,14.5182,13.1742,4398
"p330","ssp370","CNRM-CM6-1-HR","2075",0.27,0,0,68,101.67,4.1554,0.0667,0,0.35,0,0,0,0,0,0,0,0,0,0,0,0.15,16.9281,8.9598,11.0143,16.7142,4399
"p330","ssp370","CNRM-CM6-1-HR","2075",0.3,0.3,0,71,111.01,4.3795,0,0,0.15,0,0.1,0,0,0,0,0,0,0,0,0,0.35,17.6954,7.9001,13.2527,13.482,4400
"p330","ssp370","CNRM-ESM2-1","2075",0.16,0.2,0.2,55,102.53,5.0594,0.1167,0,0.7,0,0,0,0,0,0,0,0,0,0,0,0.25,16.2055,6.8802,11.688,15.8019,4401
"p330","ssp370","CNRM-ESM2-1","2075",0.05,0.3,0.1,57,106.78,5.3407,0.05,0,0.1,0,0.14,0,0,0,0,0,0,0,0,0,0.45,16.0489,7.9226,13.3677,17.0918,4402
"p330","ssp370","CNRM-ESM2-1","2075",0.1,0,0,52,107.79,5.1245,0.1333,0,0.75,0,0.26,0,0,0,0,0.1,0,0,0,0.15,0.25,15.6653,6.9332,16.1562,16.8117,4403
"p330","ssp370","CNRM-ESM2-1","2075",0.31,0,0,54,105.7,5.0599,0.2,0,0.1,0,0.08,0,0,0,0,0.2,0,0,0,0,0.2,14.6074,8.7619,11.386,16.1924,4404
"p330","ssp370","CNRM-ESM2-1","2075",0.18,0,0,63,107.61,5.2321,0.1,0,0.4,0,0.09,0,0,0,0,0,0,0,0,0,0.3,16.2337,7.5819,14.7935,15.7035,4405
"p330","ssp370","CNRM-ESM2-1","2075",0.26,0.1,0.1,50,111.13,5.3471,0.0833,0,0.6,0.05,0,0,0,0,0,0,0,0,0,0,0.4,15.1695,7.2762,9.5678,15.6161,4406
"p330","ssp370","CNRM-ESM2-1","2075",0.15,0.2,0,52,103.57,5.1256,0.0333,0,0.7,0,0.12,0,0,0,0,0,0,0,0,0,0.1,16.0653,6.7127,11.3763,13.8467,4407
"p330","ssp370","CNRM-ESM2-1","2075",0.34,0.5,0,36,107.56,5.2673,0.1,0,0.3,0,0.06,0,0,0,0,0,0,0.1,0,0,0.65,14.8058,7.6298,12.527,20.1186,4408
"p330","ssp370","CNRM-ESM2-1","2075",0.41,0,0,75,98.47,4.5362,0.05,0,0.85,0,0.1,0,0,0,0,0,0,0,0,0,0.25,17.3445,5.2246,14.7847,15.9862,4409
"p330","ssp370","CNRM-ESM2-1","2075",0.29,0.45,0,58,103.65,5.3934,0.1833,0,0.95,0,0.16,0,0,0,0,0,0,0,0,0,0.15,16.7231,6.2116,14.4065,16.0627,4410
"p330","ssp370","CNRM-ESM2-1","2075",0.13,0.2,0.15,66,102.39,5.1421,0.1,0,0.3,0,0.14,0,0,0,0,0,0,0,0,0,0.15,17.4287,8.651,15.3842,16.502,4411
"p330","ssp370","CNRM-ESM2-1","2075",0.23,0,0,28,102.02,5.1075,0.05,0,0.7,0,0,0,0,0,0,0,0,0,0,0,0.15,13.5522,7.2712,12.8212,17.9386,4412
"p330","ssp370","CNRM-ESM2-1","2075",0.24,0.4,0,57,101.4,5.2806,0.2667,0,0.2,0,0.1,0,0,0,0,0.1,0,0,0,0,0.25,16.9002,9.6116,15.6097,15.1521,4413
"p330","ssp370","CNRM-ESM2-1","2075",0.26,0,0,47,103.49,5.5159,0.2333,0,0.2,0,0.12,0,0,0,0,0.15,0,0,0,0.15,0.35,14.9294,9.555,14.8293,16.2261,4414
"p330","ssp370","CNRM-ESM2-1","2075",0.1,0.1,0,56,107.23,5.1803,0.1,0,0.3,0,0.05,0,0,0,0,0.3,0,0.05,0,0.15,0.3,15.5493,7.6628,14.314,19.3698,4415
"p330","ssp370","CNRM-ESM2-1","2075",0.11,0,0,50,108.99,5.1238,0.1,0,0.35,0,0.12,0,0,0,0,0.25,0,0,0,0.15,0.65,15.1967,7.3156,15.8353,17.3598,4416
"p330","ssp370","CNRM-ESM2-1","2075",0.13,0,0,51,105.54,5.0688,0.15,0,0.2,0,0.11,0,0,0,0,0,0,0,0,0,0.35,15.2813,8.8172,16.101,16.3346,4417
"p330","ssp370","CNRM-ESM2-1","2075",0.18,0.1,0,47,95.67,4.906,0.0167,0,1,0,0,0,0,0,0,0.1,0,0,0,0,0.1,14.4112,4.6748,10.0517,15.105,4418
"p330","ssp370","CNRM-ESM2-1","2075",0.32,0.4,0,50,103.88,4.8017,0.0667,0,1,0,0.07,0,0,0,0,0,0,0,0,0,0.15,15.5363,5.8268,11.2635,15.8874,4419
"p330","ssp370","CNRM-ESM2-1","2075",0.17,0.3,0,57,102.59,5.5929,0.0333,0,1,0,0,0,0,0,0,0,0,0,0,0,0.65,16.7896,5.9577,13.6665,18.7006,4420
"p330","ssp370","CNRM-ESM2-1","2075",0.2,0.15,0,58,101.29,4.7109,0.1,0,0.25,0,0.07,0,0,0,0,0.1,0,0,0,0,0.9,16.6525,6.9711,13.9867,17.7154,4421
"p330","ssp370","CNRM-ESM2-1","2075",0.16,0,0,34,97.38,4.9753,0.1,0,0.15,0,0.06,0,0,0,0,0,0,0,0,0,0.4,13.8902,8.7318,16.6858,18.9494,4422
"p330","ssp370","CNRM-ESM2-1","2075",0.15,0.35,0,46,112.31,5.0085,0.15,0,0.45,0.05,0.06,0,0,0,0,0,0,0,0,0,0.2,15.0734,8.7781,10.8018,14.3097,4423
"p330","ssp370","CNRM-ESM2-1","2075",0.36,0,0,54,102.99,4.5743,0,0,0.8,0,0,0,0,0,0,0,0,0,0,0.15,0.15,15.0694,6.3434,13.1543,18.3382,4424
"p330","ssp370","CNRM-ESM2-1","2075",0.16,0,0,39,106.4,5.3025,0.0667,0,0.6,0.05,0,0,0,0,0,0.1,0,0,0,0,0.2,15.7134,6.9112,11.3158,15.4026,4425
"p330","ssp370","CNRM-ESM2-1","2075",0.2,0.3,0,55,107.6,5.0464,0.1,0,0.3,0,0.06,0,0,0,0,0,0,0,0,0.3,0.3,17.3324,6.6406,15.1107,16.5523,4426
"p330","ssp370","CNRM-ESM2-1","2075",0.32,0,0,45,94.43,5.1788,0.0833,0,0.75,0,0.11,0,0,0,0,0,0,0.05,0,0.15,0.6,14.336,6.0884,15.7442,18.4785,4427
"p330","ssp370","CNRM-ESM2-1","2075",0,0,0,47,110.23,5.1287,0.1,0,0.2,0,0.05,0,0,0,0,0.15,0,0,0,0,0.15,14.6424,8.9276,11.5547,16.4211,4428
"p330","ssp370","CNRM-ESM2-1","2075",0.22,0.35,0,47,106.05,5.2415,0.1,0,0.65,0,0,0,0,0,0,0,0,0,0,0,0.1,16.0135,6.8107,12.9223,14.8078,4429
"p330","ssp370","CNRM-ESM2-1","2075",0.32,0,0,39,103.16,5.1599,0.05,0,1,0,0.12,0,0,0,0,0,0,0,0,0,0.35,14.5045,3.4445,14.16,17.3383,4430
"p330","ssp370","CNRM-ESM2-1","2075",0.15,0,0.1,53,109.81,5.17,0.0833,0,0.8,0,0.05,0,0,0,0,0,0,0,0,0.15,0.1,15.4896,4.8183,14.6443,13.4723,4431
"p330","ssp370","CNRM-ESM2-1","2075",0.41,0,0,60,100.76,5.2526,0.05,0,0.15,0,0.12,0,0,0,0,0,0,0,0,0,0.2,16.6625,7.0695,9.8622,15.5077,4432
"p330","ssp370","CNRM-ESM2-1","2075",0.32,0.1,0,59,105.62,5.4071,0.1,0,0.65,0,0,0,0,0,0,0.15,0,0,0,0.15,0.5,15.7801,7.9094,16.6665,16.564,4433
"p330","ssp370","CNRM-ESM2-1","2075",0.21,0,0,50,96.5,5.158,0.1333,0,0.45,0,0.12,0,0,0,0,0,0,0,0,0.15,0.4,15.0348,9.2506,14.4812,17.5756,4434
"p330","ssp370","CNRM-ESM2-1","2075",0.41,0.15,0,56,101.3,5.3486,0.1167,0,0.55,0,0.06,0,0,0,0,0,0,0,0,0.15,0.6,15.7573,7.0817,10.8728,16.5556,4435
"p330","ssp370","CNRM-ESM2-1","2075",0.37,0.65,0,53,111.08,5.4144,0.1167,0,0.55,0,0.12,0,0,0,0,0,0,0,0,0,0,16.2655,6.9394,13.229,12.2282,4436
"p330","ssp370","CNRM-ESM2-1","2075",0.25,0.4,0,49,95.54,4.9517,0.1833,0,0.65,0,0.07,0,0,0,0,0.3,0,0,0.05,0,0.3,15.183,7.9574,15.2852,16.3954,4437
"p330","ssp370","CNRM-ESM2-1","2075",0.15,0,0,42,101.22,4.3939,0.0167,0,0.9,0,0.06,0,0,0,0,0.15,0,0,0,0,0.25,14.7534,4.6297,13.7402,18.1058,4438
"p330","ssp370","CNRM-ESM2-1","2075",0.27,0.3,0,52,97.14,4.8576,0.0167,0,1,0,0.05,0,0,0.2,0,0,0,0,0,0.15,0.5,15.6441,2.3312,16.4818,18.2383,4439
"p330","ssp370","CNRM-ESM2-1","2075",0.33,0,0,50,109.72,5.2762,0.0667,0,0.4,0,0.21,0,0,0,0,0,0,0,0,0,0.15,14.3342,8.1298,16.6988,17.013,4440
"p330","ssp370","CNRM-ESM2-1","2075",0.28,0.3,0,67,87.25,5.0164,0.1333,0,0.65,0,0.05,0,0,0,0,0,0,0,0,0,0.35,16.8727,7.158,11.4497,17.3269,4441
"p330","ssp370","CNRM-ESM2-1","2075",0.16,0,0,48,99.75,5.1723,0.15,0,0.7,0,0,0,0,0,0,0,0,0.1,0,0,0.25,15.4105,6.9508,13.8162,16.1045,4442
"p330","ssp370","CNRM-ESM2-1","2075",0.16,0.1,0,38,105.8,4.8344,0.1167,0,0.8,0,0,0,0,0,0,0,0,0,0,0,0.3,14.8659,6.1996,11.451,16.2295,4443
"p330","ssp370","CNRM-ESM2-1","2075",0.29,0.35,0,65,103.04,5.3279,0.1,0,0.3,0,0.07,0,0,0,0,0.35,0,0,0,0,0.1,17.2737,7.6403,12.2955,14.2558,4444
"p330","ssp370","CNRM-ESM2-1","2075",0.15,0.45,0,39,107.93,5.0642,0.0333,0,1,0,0.06,0,0,0,0,0.3,0,0,0,0.15,0.2,13.7229,3.6821,13.4267,14.1841,4445
"p330","ssp370","CNRM-ESM2-1","2075",0.23,0.35,0,48,105.11,5.3889,0.1167,0,0.1,0,0.05,0,0,0,0,0,0,0,0,0,0.3,15.53,7.8998,10.648,15.3985,4446
"p330","ssp370","CNRM-ESM2-1","2075",0.38,0.15,0,60,99.57,5.3039,0.2333,0,0.4,0,0.07,0,0,0,0,0.1,0,0,0,0,0.25,15.8452,9.3083,13.2335,15.7774,4447
"p330","ssp370","CNRM-ESM2-1","2075",0.19,0.15,0,48,110.91,5.473,0.0833,0,0,0,0.05,0,0,0,0,0,0,0.05,0.05,0,0.55,15.4269,7.9338,12.3313,17.3698,4448
"p330","ssp370","CNRM-ESM2-1","2075",0.15,0,0,43,111.96,5.351,0.1,0,0.2,0,0.17,0,0,0,0,0.1,0,0,0,0,0.25,15.6676,8.2543,14.1293,15.8954,4449
"p330","ssp370","CNRM-ESM2-1","2075",0.11,0,0,47,100.58,5.0911,0.1167,0,1,0,0.17,0,0,0,0,0,0,0,0,0,0.4,15.3498,2.0358,12.6535,19.1564,4450
"p330","ssp370","CNRM-ESM2-1","2075",0.43,0,0,49,100,4.9112,0,0,1,0,0.1,0.05,0,0,0,0,0,0.05,0,0.15,0.35,14.8207,4.1231,15.0935,17.4747,4451
"p330","ssp370","CNRM-ESM2-1","2075",0.12,0,0,42,100.34,4.8926,0.0167,0,0.95,0,0.05,0,0,0,0,0.15,0,0,0,0,0.05,14.2536,4.9455,13.387,14.2544,4452
"p330","ssp370","CNRM-ESM2-1","2075",0.11,0,0,55,105.89,4.4918,0.1167,0,1,0,0.17,0,0,0,0,0.25,0,0,0,0.15,0.25,15.9123,4.6958,16.1198,17.0321,4453
"p330","ssp370","CNRM-ESM2-1","2075",0.29,0.2,0,38,105.53,4.7597,0.0167,0,1,0,0.06,0,0,0,0,0,0,0,0,0,0.2,14.4759,2.9787,11.7532,17.568,4454
"p330","ssp370","CNRM-ESM2-1","2075",0.37,0.15,0,57,105.52,5.0727,0.0667,0,0.75,0,0.1,0,0,0,0,0,0,0,0,0.15,0.5,16.1752,8.5854,14.6667,15.8839,4455
"p330","ssp370","CNRM-ESM2-1","2075",0.22,0,0,57,101.5,5.2225,0.15,0,0.45,0,0.07,0,0,0,0,0,0,0.2,0.05,0,0.2,16.271,7.1539,12.8972,18.3741,4456
"p330","ssp370","CNRM-ESM2-1","2075",0.07,0,0,47,102.37,5.1208,0.1833,0,0.05,0,0.06,0,0,0,0,0,0,0,0,0,0.45,15.3849,10.4207,10.5707,16.3244,4457
"p330","ssp370","CNRM-ESM2-1","2075",0.33,0,0,35,109.5,5.4101,0.1,0,0.55,0,0.07,0,0,0.3,0,0,0,0,0.05,0.15,0.35,13.5704,7.4195,18.1017,16.5186,4458
"p330","ssp370","CNRM-ESM2-1","2075",0.12,0.25,0.25,47,106.5,5.014,0.0667,0,0.4,0,0.08,0,0,0,0,0.1,0,0,0,0,0.45,15.8282,6.0381,13.0718,17.5302,4459
"p330","ssp370","CNRM-ESM2-1","2075",0.37,0.4,0,56,105.64,5.033,0.0833,0,1,0,0.1,0,0,0,0,0.15,0,0,0,0.45,0.9,15.8318,4.926,13.1952,17.8105,4460
"p330","ssp370","CNRM-ESM2-1","2075",0.37,0.25,0,55,94.38,5.5572,0.0833,0,0.45,0.05,0.15,0,0,0,0,0,0,0,0,0,0.2,16.586,6.7823,12.7405,15.5268,4461
"p330","ssp370","CNRM-ESM2-1","2075",0.28,0.25,0,47,109.34,5.4159,0.2167,0,0.05,0.05,0.09,0,0,0,0,0,0,0,0,0,0.05,14.5599,9.3038,13.31,13.1961,4462
"p330","ssp370","CNRM-ESM2-1","2075",0.33,0,0,20,100.74,5.275,0.05,0,0.8,0,0.1,0,0,0,0,0.1,0,0,0,0.15,0.3,11.9001,6.0316,14.8322,17.2994,4463
"p330","ssp370","CNRM-ESM2-1","2075",0.36,0,0,33,106.34,5.3325,0.0833,0,0.05,0,0.06,0,0,0,0,0.1,0,0,0,0,0.3,13.0637,8.5283,13.0332,17.5956,4464
"p330","ssp370","CNRM-ESM2-1","2075",0.1,0,0,45,113.24,4.8526,0.1,0,0.3,0,0,0,0,0,0,0,0,0.15,0,0.15,0.4,15.0373,7.2812,12.0395,21.1521,4465
"p330","ssp370","CNRM-ESM2-1","2075",0.15,0,0.15,43,110.91,5.3633,0.0833,0,0.7,0,0,0,0,0,0,0.2,0,0,0,0,0.2,14.8512,6.3801,16.0868,18.9539,4466
"p330","ssp370","CNRM-ESM2-1","2075",0.35,0.1,0,49,103.65,4.8144,0.05,0,0.35,0,0.13,0,0,0,0,0,0,0,0.05,0.15,0.3,15.2461,7.1068,13.2083,17.6167,4467
"p330","ssp370","CNRM-ESM2-1","2075",0.14,0.15,0.2,51,102.65,5.2744,0.0833,0,0.9,0,0.12,0,0,0,0,0,0,0.05,0.05,0,0.55,16.1974,6.2021,11.0062,18.1292,4468
"p330","ssp370","CNRM-ESM2-1","2075",0.27,0.15,0,48,104.25,4.9397,0.0833,0,0.25,0,0.07,0.05,0,0,0,0,0,0,0,0,0.45,15.2919,8.4947,13.3467,18.9834,4469
"p330","ssp370","CNRM-ESM2-1","2075",0.45,0.15,0,61,100.96,5.113,0.2,0,0.8,0,0.14,0,0,0,0,0,0,0,0,0,0.25,17.1293,7.4538,13.8683,16.6423,4470
"p330","ssp370","CNRM-ESM2-1","2075",0.18,0,0.1,53,95.29,4.965,0.15,0,1,0,0.12,0,0,0,0,0,0,0,0,0.3,0.4,14.8977,5.8198,12.5298,15.7323,4471
"p330","ssp370","CNRM-ESM2-1","2075",0.23,0,0.1,57,112.46,4.6997,0.1167,0,0.25,0,0,0,0,0,0,0,0,0.05,0.05,0.15,0.4,15.473,7.9384,11.3938,17.9186,4472
"p330","ssp370","CNRM-ESM2-1","2075",0.11,0,0.15,50,108.84,5.2604,0.0167,0,0.95,0,0.13,0,0,0,0,0,0,0.1,0,0,0.95,16.3183,5.0244,15.3615,19.1175,4473
"p330","ssp370","CNRM-ESM2-1","2075",0.33,0.55,0,52,107.22,5.058,0.15,0,0.35,0,0.12,0,0,0,0,0,0,0,0,0.15,0.2,16.8829,8.9081,14.347,18.5653,4474
"p330","ssp370","CNRM-ESM2-1","2075",0.3,0,0,45,103.91,4.9811,0.15,0,0.2,0,0.12,0,0,0,0,0.15,0,0,0,0,0.25,15.5412,8.3768,14.4118,15.103,4475
"p330","ssp370","CNRM-ESM2-1","2075",0.12,0,0,38,108.3,5.6111,0.1,0,0.35,0,0.05,0,0,0,0,0,0,0,0,0.15,0.25,14.926,7.3768,14.7357,15.8933,4476
"p330","ssp370","CNRM-ESM2-1","2075",0.2,0,0,56,99.42,5.1009,0.15,0,0.35,0,0.06,0,0,0,0,0.2,0,0,0,0.15,0.2,16.2103,7.3175,13.5997,15.8132,4477
"p330","ssp370","CNRM-ESM2-1","2075",0.43,0.1,0,52,100.8,5.0208,0.0333,0,0.4,0,0.1,0,0,0,0,0.15,0,0,0,0,0.5,16.0427,6.9778,13.6712,17.4736,4478
"p330","ssp370","CNRM-ESM2-1","2075",0.38,0,0,37,94.62,4.739,0.0833,0,0.45,0,0,0,0,0,0,0.15,0,0,0,0,0.8,13.8772,7.1469,12.9718,18.2068,4479
"p330","ssp370","CNRM-ESM2-1","2075",0.24,0.15,0.15,48,90.04,5.1085,0.25,0,0,0,0.17,0,0,0,0,0,0,0,0,0.3,0.45,15.9981,9.9829,12.9775,16.0929,4480
"p330","ssp370","CNRM-ESM2-1","2075",0.24,0.25,0,59,105.84,4.8423,0.1167,0,0.25,0,0.05,0,0,0,0,0,0,0,0,0,0.4,16.7519,9.9066,13.6605,15.6191,4481
"p330","ssp370","CNRM-ESM2-1","2075",0.22,0.15,0,51,96.58,5.1871,0.0667,0,1,0,0.05,0,0,0,0,0.15,0,0.1,0,0,0.3,17.1262,4.7454,12.0675,18.6282,4482
"p330","ssp370","CNRM-ESM2-1","2075",0.25,0,0,42,108.2,5.2905,0.0667,0,0.65,0.05,0.1,0,0,0,0,0.1,0,0.25,0.05,0.15,0.15,15.1234,6.1699,12.4583,17.1903,4483
"p330","ssp370","CNRM-ESM2-1","2075",0.29,0.2,0,27,99.84,5.4422,0.1333,0,0.45,0,0.05,0,0,0,0,0,0,0,0,0.3,0.45,13.6827,7.5056,10.849,18.9255,4484
"p330","ssp370","CNRM-ESM2-1","2075",0.22,0.75,0,51,105.58,5.1267,0.0833,0,0.6,0,0.06,0,0,0.3,0,0,0,0,0,0,0.05,16.3232,5.8973,15.0953,16.5084,4485
"p330","ssp370","CNRM-ESM2-1","2075",0.22,0.15,0,48,98.54,5.008,0.1,0,0.8,0,0.14,0,0,0,0,0.1,0,0.05,0.05,0,0.2,16.1604,6.1837,13.9673,17.0436,4486
"p330","ssp370","CNRM-ESM2-1","2075",0.31,0,0,45,105.56,5.4083,0.1,0,0.7,0,0.09,0,0,0,0,0,0,0,0.05,0.15,0.95,15.3546,6.2552,14.3493,17.6945,4487
"p330","ssp370","CNRM-ESM2-1","2075",0.32,0.25,0,51,108.7,5.1163,0.1167,0,0.2,0,0.1,0,0,0,0,0.1,0,0,0,0,0.3,16.8055,8.1734,13.8535,17.0365,4488
"p330","ssp370","CNRM-ESM2-1","2075",0.2,0,0,43,104.65,5.594,0.1667,0,0.35,0,0.11,0,0,0,0,0,0,0,0,0,0.25,15.034,7.5728,12.7902,15.8118,4489
"p330","ssp370","CNRM-ESM2-1","2075",0.13,0,0,33,102.53,5.105,0.0333,0,1,0,0.06,0,0,0,0,0,0,0,0,0,0.2,13.7875,4.1677,13.0668,15.5545,4490
"p330","ssp370","CNRM-ESM2-1","2075",0.21,0.15,0,55,107.08,5.1965,0.0667,0,0.85,0,0.06,0,0,0,0,0,0,0,0,0.15,0.3,15.9196,6.3827,13.9705,14.1077,4491
"p330","ssp370","CNRM-ESM2-1","2075",0.16,0,0,30,100.19,5.0109,0.0833,0,0.75,0,0.16,0,0,0,0,0,0,0,0,0.15,0.5,13.6812,6.4788,13.0785,17.3412,4492
"p330","ssp370","CNRM-ESM2-1","2075",0.06,0.15,0,40,103.53,5.549,0.3667,0,0.45,0,0.1,0,0,0,0,0,0,0,0,0.45,0.25,14.0298,9.6172,12.13,15.4378,4493
"p330","ssp370","CNRM-ESM2-1","2075",0.27,0.3,0,54,102.64,5.0074,0.0833,0,0.1,0,0.09,0,0,0,0,0,0,0,0,0,0.1,16.3218,7.0951,12.153,15.0474,4494
"p330","ssp370","CNRM-ESM2-1","2075",0,0.1,0.1,49,105.07,5.2042,0.1667,0,0.65,0,0.13,0,0,0,0,0,0,0,0,0.6,0.4,15.5691,8.5405,15.024,17.3123,4495
"p330","ssp370","CNRM-ESM2-1","2075",0.32,0.2,0,63,109.42,5.1596,0.0333,0,1,0,0.11,0,0,0,0,0,0,0,0,0,0.25,17.1212,4.8529,15.9173,18.0567,4496
"p330","ssp370","CNRM-ESM2-1","2075",0.05,0,0,67,109.48,5.1573,0.1167,0,0.9,0,0.08,0,0,0,0,0.2,0,0,0,0,0.1,16.1762,5.6844,16.5478,15.6221,4497
"p330","ssp370","CNRM-ESM2-1","2075",0.2,0.15,0,47,105.63,5.1905,0.1833,0,0.15,0,0.15,0,0,0,0,0,0,0,0,0,0,14.8218,8.5008,14.2245,13.7002,4498
"p330","ssp370","CNRM-ESM2-1","2075",0.27,0,0.1,66,91.08,4.8405,0.0667,0,0.7,0,0,0,0,0,0,0,0,0,0,0.3,0.2,16.6213,7.7863,10.7148,17.2411,4499
"p330","ssp370","CNRM-ESM2-1","2075",0.3,0.3,0,69,106.52,5.1397,0.05,0,0.45,0,0.1,0,0,0,0,0,0,0,0,0.15,0.45,17.3882,6.7087,12.9527,14.0021,4500
"p330","ssp370","EC-Earth3-AerChem","2075",0.16,0.25,0.15,60,105.22,4.4312,0.1,0,0.55,0,0,0,0,0,0,0,0,0,0,0,0.25,17.5663,7.2068,12.0392,15.4607,4501
"p330","ssp370","EC-Earth3-AerChem","2075",0.05,0.6,0,65,105.57,4.6738,0.0667,0,0.05,0,0.08,0,0,0,0,0,0,0,0,0,0.3,17.4119,8.2559,13.7187,16.7444,4502
"p330","ssp370","EC-Earth3-AerChem","2075",0.15,0.4,0,64,109.14,4.4875,0.1167,0,0.65,0,0.24,0,0,0,0,0.1,0,0,0,0.15,0.25,17.0298,7.2729,16.5062,16.4635,4503
"p330","ssp370","EC-Earth3-AerChem","2075",0.31,0,0,62,107.64,4.4725,0.1833,0,0.1,0,0.08,0,0,0,0,0.2,0,0,0,0,0.2,15.9731,9.1119,11.7255,15.8536,4504
"p330","ssp370","EC-Earth3-AerChem","2075",0.19,0.25,0,65,107.46,4.5814,0.1,0,0.1,0,0.05,0,0,0,0,0.1,0,0,0,0,0.3,17.594,7.9069,15.1447,15.3637,4505
"p330","ssp370","EC-Earth3-AerChem","2075",0.28,0.1,0.1,60,109.46,4.6519,0.0833,0,0.65,0.05,0,0,0,0,0,0,0,0,0,0,0.3,16.5314,7.6075,9.9192,15.2673,4506
"p330","ssp370","EC-Earth3-AerChem","2075",0.22,0.6,0,58,106.55,4.5007,0.0333,0,0.55,0,0.12,0,0,0,0,0,0,0,0,0,0.05,17.4297,7.0512,11.7272,13.4991,4507
"p330","ssp370","EC-Earth3-AerChem","2075",0.34,0.55,0,42,107.83,4.6475,0.0833,0,0.4,0,0.06,0,0,0,0,0,0,0.05,0.05,0,0.65,16.172,7.9789,12.8675,19.7797,4508
"p330","ssp370","EC-Earth3-AerChem","2075",0.41,0.2,0,84,102.87,3.9776,0.05,0,0.8,0,0.1,0,0,0,0,0,0,0,0,0,0.2,18.7046,5.548,15.1355,15.646,4509
"p330","ssp370","EC-Earth3-AerChem","2075",0.3,0.7,0,60,106.02,4.7251,0.1667,0,0.65,0,0.16,0,0,0,0,0,0,0,0,0,0.1,18.0846,6.5422,14.7577,15.7144,4510
"p330","ssp370","EC-Earth3-AerChem","2075",0.13,0.4,0.15,74,105.33,4.5093,0.1167,0,0.1,0,0.14,0,0,0,0,0,0,0,0,0,0.15,18.7923,8.9879,15.735,16.1535,4511
"p330","ssp370","EC-Earth3-AerChem","2075",0.24,0,0.1,41,101.68,4.4715,0.05,0,0.55,0,0,0,0,0,0,0.1,0,0,0,0,0.15,14.9185,7.6187,13.161,17.5992,4512
"p330","ssp370","EC-Earth3-AerChem","2075",0.24,0.55,0,65,102.04,4.6105,0.2667,0,0.2,0,0.1,0,0,0,0,0.25,0,0,0,0,0.2,18.2602,9.9341,15.9615,14.8113,4513
"p330","ssp370","EC-Earth3-AerChem","2075",0.26,0,0,56,104.51,4.8479,0.2,0,0.25,0,0.12,0,0,0,0,0.15,0,0,0,0.15,0.25,16.2911,9.8832,15.1803,15.8771,4514
"p330","ssp370","EC-Earth3-AerChem","2075",0.1,0.35,0,64,107.57,4.5238,0.0833,0,0.35,0,0,0,0,0,0,0.3,0,0.05,0,0.15,0.3,16.9127,7.9984,14.6643,19.0224,4515
"p330","ssp370","EC-Earth3-AerChem","2075",0.17,0,0.1,60,109.52,4.4707,0.1,0,0.3,0,0.12,0,0,0,0,0.35,0,0,0,0.15,0.8,16.5622,7.6617,16.176,17.0215,4516
"p330","ssp370","EC-Earth3-AerChem","2075",0.13,0.3,0,60,107.69,4.4239,0.1167,0,0.2,0,0.11,0,0,0,0,0,0,0,0,0,0.35,16.6404,9.1378,16.4525,15.994,4517
"p330","ssp370","EC-Earth3-AerChem","2075",0.18,0.4,0,51,98.95,4.2977,0.0167,0,0.85,0,0,0,0,0,0,0.1,0,0,0,0,0.1,15.7721,5.0025,10.4033,14.7568,4518
"p330","ssp370","EC-Earth3-AerChem","2075",0.32,0.45,0,55,107.37,4.2298,0.1,0,0.9,0,0.07,0,0,0,0,0.1,0,0,0,0,0.2,16.8992,6.1609,11.6142,15.5389,4519
"p330","ssp370","EC-Earth3-AerChem","2075",0.17,0.5,0,71,102.47,4.9012,0.05,0,0.95,0,0,0,0,0,0,0,0,0,0,0,0.55,18.1545,6.3021,14.0077,18.3632,4520
"p330","ssp370","EC-Earth3-AerChem","2075",0.2,0.4,0,68,104.33,4.117,0.1167,0,0.25,0,0.07,0,0,0,0,0.2,0,0,0,0,0.9,18.0115,7.2911,14.3382,17.375,4521
"p330","ssp370","EC-Earth3-AerChem","2075",0.16,0.1,0,40,96.96,4.3628,0.1,0,0,0,0.06,0,0,0,0,0,0,0,0,0,0.45,15.2505,9.058,17.0365,18.6014,4522
"p330","ssp370","EC-Earth3-AerChem","2075",0.16,0.4,0,52,111.11,4.3771,0.1667,0,0.3,0.05,0.06,0,0,0,0,0,0,0,0,0,0.15,16.4359,9.1112,11.1523,13.9614,4523
"p330","ssp370","EC-Earth3-AerChem","2075",0.49,0,0,60,106.46,4.0114,0.0167,0,0.55,0,0,0,0,0,0,0,0,0,0,0.15,0.15,16.434,6.6868,13.4942,17.9994,4524
"p330","ssp370","EC-Earth3-AerChem","2075",0.16,0,0,44,109.59,4.6107,0.0667,0,0.5,0.05,0,0,0,0,0,0.25,0,0,0,0,0.15,17.0714,7.2292,11.6685,15.0632,4525
"p330","ssp370","EC-Earth3-AerChem","2075",0.25,0.45,0,65,109.45,4.4028,0.1333,0,0.15,0,0.06,0,0,0,0,0.15,0,0,0,0.3,0.25,18.6927,6.9646,15.4632,16.2044,4526
"p330","ssp370","EC-Earth3-AerChem","2075",0.32,0.15,0,50,97.82,4.5545,0.05,0,0.7,0,0.11,0,0,0,0,0,0,0.05,0,0.15,0.5,15.6986,6.4192,16.095,18.1314,4527
"p330","ssp370","EC-Earth3-AerChem","2075",0,0,0,52,111.24,4.4783,0.1167,0,0,0,0.05,0,0,0,0,0.15,0,0,0,0,0.15,16.0063,9.2695,11.8967,16.0821,4528
"p330","ssp370","EC-Earth3-AerChem","2075",0.22,0.4,0,61,107.64,4.591,0.0667,0,0.5,0,0,0,0,0,0,0,0,0,0,0,0.1,17.3715,7.1278,13.2747,14.4687,4529
"p330","ssp370","EC-Earth3-AerChem","2075",0.32,0,0,50,102.77,4.505,0.0667,0,1,0,0.12,0,0,0,0,0,0,0,0,0,0.35,15.864,3.7671,14.5112,16.99,4530
"p330","ssp370","EC-Earth3-AerChem","2075",0.15,0.1,0.1,57,112.03,4.5339,0.0833,0,0.7,0,0,0,0,0,0,0.1,0,0,0,0.15,0.1,16.8516,5.1483,14.995,13.1238,4531
"p330","ssp370","EC-Earth3-AerChem","2075",0.41,0.35,0,67,101.12,4.6148,0.0667,0,0.2,0,0.11,0,0,0,0,0,0,0,0,0,0.3,18.0265,7.4104,10.2033,15.1691,4532
"p330","ssp370","EC-Earth3-AerChem","2075",0.32,0.3,0,66,110.72,4.7226,0.1333,0,0.35,0,0,0,0,0,0,0.15,0,0,0,0.15,0.5,17.1371,8.2254,17.0188,16.2238,4533
"p330","ssp370","EC-Earth3-AerChem","2075",0.22,0.15,0,61,94.77,4.5212,0.1333,0,0.55,0,0.12,0,0,0,0,0.2,0,0,0.05,0.15,0.45,16.394,9.5725,14.8335,17.2277,4534
"p330","ssp370","EC-Earth3-AerChem","2075",0.43,0.45,0,61,101.75,4.6789,0.1,0,0.35,0,0.06,0,0,0,0,0,0,0,0,0.15,0.6,17.1187,7.4104,11.2253,16.2077,4535
"p330","ssp370","EC-Earth3-AerChem","2075",0.37,0.75,0,56,113.33,4.7442,0.0833,0,0.5,0,0.12,0,0,0,0,0,0,0,0,0,0,17.6293,7.2788,13.5698,11.8898,4536
"p330","ssp370","EC-Earth3-AerChem","2075",0.25,0.7,0,55,98.25,4.3441,0.1833,0,0.25,0,0.07,0,0,0,0,0.35,0,0,0.05,0,0.3,16.5404,8.2712,15.6372,16.0549,4537
"p330","ssp370","EC-Earth3-AerChem","2075",0.15,0.3,0,58,106.15,3.8385,0.0167,0,0.85,0,0.06,0,0,0,0,0.2,0,0,0,0,0.25,16.1123,4.9504,14.0922,17.7576,4538
"p330","ssp370","EC-Earth3-AerChem","2075",0.27,0.55,0,56,101.01,4.2356,0.0167,0,1,0,0.05,0,0,0.2,0,0.1,0,0,0,0.15,0.5,17.0049,2.6584,16.8332,17.8895,4539
"p330","ssp370","EC-Earth3-AerChem","2075",0.33,0,0,59,110.89,4.638,0.0833,0,0.35,0,0.21,0,0,0,0,0.1,0,0,0,0,0.25,15.6975,8.4677,17.0398,16.6733,4540
"p330","ssp370","EC-Earth3-AerChem","2075",0.29,0.4,0,69,94.52,4.4016,0.1,0,0.45,0,0.05,0,0,0,0,0,0,0,0,0.15,0.35,18.2292,7.4712,11.802,16.9874,4541
"p330","ssp370","EC-Earth3-AerChem","2075",0.16,0.35,0,59,99.59,4.5309,0.1667,0,0.45,0,0,0,0,0,0,0,0,0.1,0,0,0.2,16.7693,7.2705,14.1667,15.7562,4542
"p330","ssp370","EC-Earth3-AerChem","2075",0.16,0.4,0,41,108.87,4.2432,0.1167,0,0.8,0,0,0,0,0,0,0,0,0,0,0,0.25,16.2268,6.5259,11.8028,15.8809,4543
"p330","ssp370","EC-Earth3-AerChem","2075",0.29,0.8,0,76,106.11,4.6656,0.0833,0,0.3,0,0.07,0,0,0,0,0.35,0,0,0,0,0.1,18.6365,7.9768,12.6368,13.9168,4544
"p330","ssp370","EC-Earth3-AerChem","2075",0.15,0.55,0,48,112.12,4.4119,0.0667,0,1,0,0.06,0,0,0,0,0.3,0,0,0,0.15,0.2,15.0791,3.9942,13.7787,13.844,4545
"p330","ssp370","EC-Earth3-AerChem","2075",0.23,0.6,0,51,108.01,4.7223,0.1167,0,0,0,0.05,0,0,0,0,0,0,0,0,0,0.25,16.8884,8.2183,10.9987,15.0503,4546
"p330","ssp370","EC-Earth3-AerChem","2075",0.4,0.45,0,66,102.71,4.6512,0.25,0,0.15,0,0.06,0,0,0,0,0.15,0,0,0,0,0.15,17.2055,9.6333,13.5857,15.43,4547
"p330","ssp370","EC-Earth3-AerChem","2075",0.19,0.55,0,50,109.73,4.7879,0.1,0,0.05,0,0.05,0,0,0,0,0,0,0.05,0.05,0,0.55,16.7892,8.2692,12.6727,17.0312,4548
"p330","ssp370","EC-Earth3-AerChem","2075",0.15,0,0,61,114.6,4.6526,0.1167,0,0.1,0,0.17,0,0,0,0,0.1,0,0,0,0,0.2,17.0236,8.564,14.4825,15.5559,4549
"p330","ssp370","EC-Earth3-AerChem","2075",0.11,0.15,0,57,102.4,4.4469,0.1333,0,1,0,0.17,0,0,0,0,0.1,0,0,0,0,0.4,16.7074,2.3524,13.0062,18.8083,4550
"p330","ssp370","EC-Earth3-AerChem","2075",0.44,0,0,58,103.54,4.2743,0.0167,0,0.95,0,0.1,0.05,0,0,0,0.15,0,0.05,0,0.15,0.35,16.1807,4.4462,15.446,17.1274,4551
"p330","ssp370","EC-Earth3-AerChem","2075",0.12,0.15,0,51,104.28,4.2875,0.0167,0,0.85,0,0.05,0,0,0,0,0.25,0,0,0,0,0.05,15.6152,5.2794,13.7287,13.915,4552
"p330","ssp370","EC-Earth3-AerChem","2075",0.11,0.15,0,68,110.17,3.9113,0.1333,0,1,0,0.17,0,0,0,0,0.35,0,0,0,0.15,0.25,17.2676,5.0046,16.4718,16.6928,4553
"p330","ssp370","EC-Earth3-AerChem","2075",0.29,0.2,0,49,108.72,4.1543,0,0,1,0,0.06,0,0,0,0,0,0,0,0,0,0.2,15.8329,3.2943,12.1062,17.22,4554
"p330","ssp370","EC-Earth3-AerChem","2075",0.39,0.25,0,66,107.28,4.4425,0.0833,0,0.5,0,0.1,0,0,0,0,0.1,0,0,0,0.15,0.5,17.5347,8.9078,15.0188,15.5356,4555
"p330","ssp370","EC-Earth3-AerChem","2075",0.23,0,0,69,103.5,4.5626,0.1167,0,0.2,0,0.07,0,0,0,0,0,0,0.2,0.05,0,0.2,17.6321,7.4871,13.2397,18.0359,4556
"p330","ssp370","EC-Earth3-AerChem","2075",0.12,0,0,55,104.78,4.4959,0.1667,0,0,0,0.06,0,0,0,0,0,0,0,0,0,0.45,16.7397,10.7284,10.9228,15.9856,4557
"p330","ssp370","EC-Earth3-AerChem","2075",0.33,0,0.1,45,112.76,4.7197,0.0833,0,0.5,0,0.07,0,0,0.3,0,0,0,0,0.05,0.15,0.55,14.927,7.7336,18.4538,16.1708,4558
"p330","ssp370","EC-Earth3-AerChem","2075",0.12,0.35,0.15,56,108.27,4.3795,0.0667,0,0.25,0,0.08,0,0,0,0,0.3,0,0,0,0,0.45,17.1874,6.3584,13.4235,17.1818,4559
"p330","ssp370","EC-Earth3-AerChem","2075",0.37,0.75,0,57,107.28,4.3793,0.0833,0,1,0,0.1,0,0,0,0,0.15,0,0,0,0.3,0.65,17.1923,5.2573,13.5372,17.4714,4560
"p330","ssp370","EC-Earth3-AerChem","2075",0.37,0.9,0,68,98.51,4.883,0.0833,0,0.4,0.05,0.14,0,0,0,0,0,0,0,0,0,0.2,17.9407,7.0893,13.0927,15.1868,4561
"p330","ssp370","EC-Earth3-AerChem","2075",0.29,0.45,0.1,54,110.66,4.7699,0.2333,0,0,0.1,0.09,0,0,0,0,0,0,0,0,0,0,15.9166,9.6163,13.6613,12.8468,4562
"p330","ssp370","EC-Earth3-AerChem","2075",0.33,0,0,31,103.22,4.6403,0.05,0,0.55,0,0.05,0,0,0,0,0.1,0,0,0,0.15,0.25,13.2592,6.3512,15.1837,16.9514,4563
"p330","ssp370","EC-Earth3-AerChem","2075",0.36,0,0,41,107.28,4.6803,0.0667,0,0.1,0,0.06,0,0,0,0,0.1,0,0,0,0,0.3,14.4244,8.8589,13.3747,17.2568,4564
"p330","ssp370","EC-Earth3-AerChem","2075",0.1,0,0,52,115.61,4.2325,0.1333,0,0.25,0,0,0,0,0,0,0,0,0.15,0,0.15,0.35,16.3915,7.5857,12.392,20.8141,4565
"p330","ssp370","EC-Earth3-AerChem","2075",0.15,0,0.3,55,112.69,4.695,0.0667,0,0.45,0,0,0,0,0,0,0.55,0,0,0,0,0.15,16.2074,6.6921,16.44,18.6059,4566
"p330","ssp370","EC-Earth3-AerChem","2075",0.35,0.5,0,63,100.71,4.2091,0.05,0,0,0,0.13,0,0,0,0,0,0,0,0,0.15,0.3,16.604,7.4249,13.5602,17.2679,4567
"p330","ssp370","EC-Earth3-AerChem","2075",0.14,0.3,0.3,65,104.27,4.5799,0.0833,0,0.8,0,0,0,0,0,0,0,0,0.05,0.05,0,0.4,17.5575,6.5313,11.3488,17.7902,4568
"p330","ssp370","EC-Earth3-AerChem","2075",0.29,0.6,0,56,103.53,4.3107,0.1167,0,0.2,0,0.07,0.05,0,0,0,0,0,0,0.05,0,0.35,16.645,8.7989,13.6993,18.644,4569
"p330","ssp370","EC-Earth3-AerChem","2075",0.45,0.45,0,71,102.44,4.4861,0.1833,0,0.6,0,0.14,0,0,0,0,0,0,0,0,0,0.2,18.4849,7.7643,14.2207,16.2947,4570
"p330","ssp370","EC-Earth3-AerChem","2075",0.21,0.1,0.1,58,97.85,4.349,0.1833,0,0.85,0,0.1,0,0,0,0,0,0,0,0,0.3,0.4,16.2555,6.1366,12.8818,15.3844,4571
"p330","ssp370","EC-Earth3-AerChem","2075",0.23,0,0,63,115.55,4.1325,0.1167,0,0.1,0,0,0,0,0,0,0,0,0.05,0.05,0.15,0.4,16.8327,8.2657,11.7362,17.5788,4572
"p330","ssp370","EC-Earth3-AerChem","2075",0.11,0.1,0.15,61,112.02,4.5852,0.0167,0,0.85,0,0.13,0,0,0,0,0.2,0,0.1,0,0.15,0.95,17.6716,5.3271,15.7137,18.7778,4573
"p330","ssp370","EC-Earth3-AerChem","2075",0.33,0.6,0,63,110.17,4.431,0.1667,0,0.25,0,0.12,0,0,0,0,0,0,0,0,0.15,0.2,18.2381,9.2169,14.6983,18.2171,4574
"p330","ssp370","EC-Earth3-AerChem","2075",0.3,0.4,0,61,103.8,4.3657,0.1333,0,0.15,0,0.12,0,0,0,0,0.15,0,0,0,0,0.25,16.8987,8.6929,14.7638,14.7536,4575
"p330","ssp370","EC-Earth3-AerChem","2075",0.12,0,0,63,111.33,4.9159,0.1167,0,0.1,0,0,0,0,0,0,0,0,0,0,0.15,0.2,16.2854,7.7022,15.0783,15.5541,4576
"p330","ssp370","EC-Earth3-AerChem","2075",0.2,0.1,0,66,100.66,4.4523,0.1667,0,0.3,0,0.06,0,0,0,0,0.5,0,0,0,0,0.2,17.5628,7.6182,13.9513,15.4749,4577
"p330","ssp370","EC-Earth3-AerChem","2075",0.43,0.6,0,59,102.82,4.4007,0.0167,0,0.3,0,0.1,0,0,0,0,0.15,0,0,0,0,0.5,17.3975,7.2854,14.0238,17.125,4578
"p330","ssp370","EC-Earth3-AerChem","2075",0.38,0,0,46,100.34,4.1681,0.0667,0,0.5,0,0,0,0,0,0,0.15,0,0,0,0,0.6,15.2335,7.4614,13.3242,17.8582,4579
"p330","ssp370","EC-Earth3-AerChem","2075",0.24,0.2,0.1,57,89.05,4.4964,0.2,0,0.05,0,0.17,0,0,0,0,0,0,0,0,0.3,0.6,17.3575,10.3038,13.3307,15.7452,4580
"p330","ssp370","EC-Earth3-AerChem","2075",0.24,0.35,0,63,107.76,4.219,0.15,0,0.05,0,0.05,0,0,0,0,0,0,0,0,0,0.4,18.105,10.2026,14.0213,15.2762,4581
"p330","ssp370","EC-Earth3-AerChem","2075",0.3,0.35,0,60,96.89,4.5301,0.0667,0,0.9,0,0,0,0,0,0,0.15,0,0.1,0,0,0.3,18.4807,5.048,12.4285,18.2715,4582
"p330","ssp370","EC-Earth3-AerChem","2075",0.25,0.4,0,55,109.8,4.5997,0.0833,0,0.4,0.05,0.05,0,0,0,0,0.1,0,0.2,0.05,0.15,0.15,16.4801,6.4792,12.8205,16.8336,4583
"p330","ssp370","EC-Earth3-AerChem","2075",0.29,0.65,0,36,102.81,4.7677,0.15,0,0.3,0,0.05,0,0,0,0,0,0,0,0,0.3,0.4,15.0416,7.8252,11.2005,18.5777,4584
"p330","ssp370","EC-Earth3-AerChem","2075",0.24,1,0,57,107.81,4.4933,0.0833,0,0.5,0,0.06,0,0,0.1,0,0,0,0,0,0,0.05,17.6754,6.1917,15.4582,16.1635,4585
"p330","ssp370","EC-Earth3-AerChem","2075",0.23,0.15,0,62,101.9,4.3536,0.1167,0,0.75,0,0.14,0,0,0,0,0.1,0,0.05,0.05,0,0.1,17.5149,6.4856,14.3288,16.6864,4586
"p330","ssp370","EC-Earth3-AerChem","2075",0.39,0.35,0,57,109.8,4.7364,0.1167,0,0.5,0,0.09,0,0,0,0,0.15,0,0,0.05,0.15,0.85,16.7115,6.5635,14.7112,17.3374,4587
"p330","ssp370","EC-Earth3-AerChem","2075",0.33,0.6,0,56,110.96,4.4763,0.1167,0,0.1,0,0.1,0,0,0,0,0.1,0,0,0,0,0.25,18.1641,8.4915,14.2057,16.6883,4588
"p330","ssp370","EC-Earth3-AerChem","2075",0.32,0.1,0,62,108.64,4.9103,0.1333,0,0.25,0,0.1,0,0,0,0,0,0,0,0,0,0.25,16.3855,7.8665,13.1528,15.4684,4589
"p330","ssp370","EC-Earth3-AerChem","2075",0.21,0,0,42,105.75,4.449,0.0333,0,1,0,0.06,0,0,0,0,0,0,0,0,0,0.15,15.1418,4.4677,13.4283,15.1977,4590
"p330","ssp370","EC-Earth3-AerChem","2075",0.22,0.3,0,59,110.51,4.5439,0.0667,0,0.6,0,0.06,0,0,0,0,0.1,0,0,0,0,0.3,17.2758,6.689,14.3317,13.7506,4591
"p330","ssp370","EC-Earth3-AerChem","2075",0.16,0,0,39,102.19,4.3733,0.0833,0,0.5,0,0.15,0,0,0,0,0,0,0,0,0,0.45,15.0393,6.7955,13.4305,16.993,4592
"p330","ssp370","EC-Earth3-AerChem","2075",0.06,0.3,0,50,106.73,4.8906,0.3333,0,0.35,0,0.1,0,0,0,0,0,0,0,0,0.3,0.25,15.3809,9.9096,12.4927,15.0949,4593
"p330","ssp370","EC-Earth3-AerChem","2075",0.27,0.7,0,62,105.97,4.3775,0.0667,0,0.1,0,0.09,0,0,0,0,0,0,0,0,0,0.1,17.6753,7.3942,12.5147,14.69,4594
"p330","ssp370","EC-Earth3-AerChem","2075",0,0.1,0.1,54,107.34,4.5545,0.1667,0,0.7,0,0.13,0,0,0,0,0,0,0,0,0.6,0.35,16.9247,8.8462,15.385,16.9556,4595
"p330","ssp370","EC-Earth3-AerChem","2075",0.32,0.9,0,66,110.37,4.4819,0.0667,0,1,0,0.11,0,0,0,0,0,0,0,0,0,0.25,18.4793,5.1682,16.2685,17.7085,4596
"p330","ssp370","EC-Earth3-AerChem","2075",0.13,0,0,76,110.42,4.4946,0.15,0,0.6,0,0.08,0,0,0,0,0.2,0,0,0,0,0.1,17.5273,5.9762,16.9108,15.2782,4597
"p330","ssp370","EC-Earth3-AerChem","2075",0.2,0.4,0,52,108.29,4.5158,0.2167,0,0.1,0,0.15,0,0,0,0,0,0,0,0,0,0,16.1751,8.7977,14.5867,13.3424,4598
"p330","ssp370","EC-Earth3-AerChem","2075",0.27,0,0,76,95.22,4.2342,0.0833,0,0.55,0,0,0,0,0,0,0,0,0,0,0,0.2,17.9762,8.0903,11.077,16.8841,4599
"p330","ssp370","EC-Earth3-AerChem","2075",0.3,0.3,0,75,109.09,4.4948,0,0,0.35,0,0.05,0,0,0,0,0,0,0,0,0.15,0.4,18.7452,7.0228,13.3047,13.6539,4600
"p330","ssp370","EC-Earth3-Veg-LR","2075",0.16,0.2,0.2,56,104.1,4.3032,0.0667,0,0.15,0,0,0,0,0,0,0,0,0,0,0,0.25,16.5164,8.0111,10.7172,15.4632,4601
"p330","ssp370","EC-Earth3-Veg-LR","2075",0.05,0.3,0.1,58,104.02,4.5492,0.05,0,0,0,0.13,0,0,0,0,0,0,0,0,0,0.35,16.357,9.0659,12.3973,16.7412,4602
"p330","ssp370","EC-Earth3-Veg-LR","2075",0.1,0,0,52,111.18,4.351,0.1333,0,0.5,0,0.26,0,0,0,0,0,0,0,0,0,0.25,15.9706,8.088,15.1872,16.4556,4603
"p330","ssp370","EC-Earth3-Veg-LR","2075",0.31,0,0,54,104.32,4.3362,0.1333,0,0,0,0.08,0,0,0,0,0.2,0,0,0,0,0.2,14.9099,9.9272,10.4237,15.8276,4604
"p330","ssp370","EC-Earth3-Veg-LR","2075",0.18,0,0,62,107.03,4.4408,0.0667,0,0.05,0.05,0.09,0,0,0,0,0,0,0,0,0,0.25,16.5447,8.7102,13.8223,15.3666,4605
"p330","ssp370","EC-Earth3-Veg-LR","2075",0.26,0.1,0.1,55,110.95,4.522,0.05,0,0.55,0.1,0,0,0,0,0,0,0,0,0,0,0.3,15.478,8.4169,8.5973,15.2656,4606
"p330","ssp370","EC-Earth3-Veg-LR","2075",0.15,0.2,0,52,104.06,4.3816,0.05,0,0.25,0,0.12,0,0,0,0,0,0,0,0,0,0.05,16.3714,7.8651,10.4077,13.4917,4607
"p330","ssp370","EC-Earth3-Veg-LR","2075",0.34,0.5,0,36,104.27,4.5134,0.0667,0,0.4,0,0.06,0,0,0,0,0,0,0.1,0,0,0.5,15.1092,8.7931,11.5663,19.7553,4608
"p330","ssp370","EC-Earth3-Veg-LR","2075",0.41,0,0,79,100.77,3.8739,0.0667,0,0.35,0,0.1,0,0,0,0,0,0,0,0,0,0.15,17.6564,6.3511,13.8123,15.6499,4609
"p330","ssp370","EC-Earth3-Veg-LR","2075",0.29,0.45,0,57,106.06,4.5915,0.1833,0,0.35,0,0.16,0,0,0,0,0,0,0,0,0,0.1,17.0323,7.35,13.4363,15.7127,4610
"p330","ssp370","EC-Earth3-Veg-LR","2075",0.13,0.2,0.15,69,103.22,4.37,0.0667,0,0.1,0,0.14,0,0,0,0,0,0,0,0,0,0.15,17.7353,9.8004,14.415,16.1471,4611
"p330","ssp370","EC-Earth3-Veg-LR","2075",0.23,0,0.1,33,100.73,4.3352,0.0333,0,0.35,0,0,0,0,0,0,0,0,0,0,0,0.1,13.8569,8.4329,11.859,17.5745,4612
"p330","ssp370","EC-Earth3-Veg-LR","2075",0.24,0.4,0,59,105.27,4.4728,0.2333,0,0.15,0,0.1,0,0,0,0,0.1,0,0,0,0,0.15,17.2132,10.7351,14.6385,14.8163,4613
"p330","ssp370","EC-Earth3-Veg-LR","2075",0.26,0,0,49,102.54,4.7058,0.1833,0,0.05,0,0.12,0,0,0,0,0.15,0,0,0,0.15,0.25,15.2392,10.6904,13.859,15.8779,4614
"p330","ssp370","EC-Earth3-Veg-LR","2075",0.1,0.1,0,56,107.85,4.3903,0.0833,0,0.1,0,0.05,0,0,0,0,0.15,0,0.05,0,0,0.3,15.8559,8.8109,13.3448,19.0173,4615
"p330","ssp370","EC-Earth3-Veg-LR","2075",0.11,0,0.1,50,107.79,4.3415,0.0833,0,0.2,0,0.12,0,0,0,0,0.35,0,0,0,0.15,0.7,15.5016,8.4742,14.8735,16.9982,4616
"p330","ssp370","EC-Earth3-Veg-LR","2075",0.13,0.1,0,51,107.67,4.2782,0.0833,0,0.2,0,0.11,0,0,0,0,0,0,0,0,0,0.35,15.5943,9.9386,15.1282,15.9999,4617
"p330","ssp370","EC-Earth3-Veg-LR","2075",0.18,0.1,0,47,98.74,4.1752,0.0167,0,0.75,0,0,0,0,0,0,0,0,0,0,0,0.1,14.7215,5.8079,9.0805,14.7594,4618
"p330","ssp370","EC-Earth3-Veg-LR","2075",0.32,0.4,0,50,105.01,4.1166,0.05,0,0.85,0.05,0.07,0,0,0,0,0,0,0,0,0,0.15,15.8438,6.9714,10.2932,15.5358,4619
"p330","ssp370","EC-Earth3-Veg-LR","2075",0.17,0.45,0,57,101.36,4.7452,0.0333,0,0.95,0,0,0,0,0,0,0,0,0,0,0,0.6,17.0947,7.1142,12.7042,18.3402,4620
"p330","ssp370","EC-Earth3-Veg-LR","2075",0.2,0.15,0,62,100.22,3.9905,0.0833,0,0.1,0,0.07,0,0,0,0,0.1,0,0,0,0,0.75,16.9664,8.091,13.0137,17.3821,4621
"p330","ssp370","EC-Earth3-Veg-LR","2075",0.16,0,0,35,97.52,4.2384,0.0667,0,0,0,0.06,0,0,0,0,0,0,0,0,0,0.45,14.2009,9.8628,15.7145,18.6039,4622
"p330","ssp370","EC-Earth3-Veg-LR","2075",0.15,0.35,0,45,109.24,4.2468,0.1167,0,0.25,0.05,0.06,0,0,0,0,0,0,0,0,0,0.1,15.3817,9.9212,9.8315,13.9588,4623
"p330","ssp370","EC-Earth3-Veg-LR","2075",0.36,0,0,56,106.5,3.9064,0.0167,0,0.3,0,0,0,0,0,0,0,0,0,0,0.15,0.2,15.3748,7.4972,12.1918,17.9777,4624
"p330","ssp370","EC-Earth3-Veg-LR","2075",0.16,0,0,41,111.87,4.4936,0.0667,0,0.25,0.05,0,0,0,0,0,0,0,0,0,0,0.2,16.0273,8.0276,10.3433,15.0712,4625
"p330","ssp370","EC-Earth3-Veg-LR","2075",0.15,0.4,0,58,109.64,4.289,0.1,0,0.1,0,0.06,0,0,0,0,0,0,0,0,0.15,0.25,17.6435,7.7688,14.1395,16.2076,4626
"p330","ssp370","EC-Earth3-Veg-LR","2075",0.32,0,0,46,97.04,4.4252,0.0333,0,0.45,0,0.11,0,0,0,0,0,0,0.05,0,0,0.55,14.6451,7.2279,14.7742,18.1291,4627
"p330","ssp370","EC-Earth3-Veg-LR","2075",0,0,0,47,108.35,4.344,0.05,0,0,0,0.05,0,0,0,0,0.15,0,0,0,0,0.15,14.9483,10.0795,10.5923,16.0617,4628
"p330","ssp370","EC-Earth3-Veg-LR","2075",0.22,0.4,0,47,107.57,4.4698,0.0333,0,0.4,0,0,0,0,0,0,0,0,0,0,0,0.1,16.3283,7.9248,11.9498,14.4754,4629
"p330","ssp370","EC-Earth3-Veg-LR","2075",0.32,0,0,41,106.91,4.3831,0.05,0,1,0,0.12,0,0,0,0,0,0,0,0,0,0.3,14.8166,4.5703,13.1882,16.995,4630
"p330","ssp370","EC-Earth3-Veg-LR","2075",0.15,0,0.1,52,113.07,4.4064,0.0833,0,0.65,0,0,0,0,0,0,0,0,0,0,0.15,0.1,15.7988,5.957,13.6737,13.1226,4631
"p330","ssp370","EC-Earth3-Veg-LR","2075",0.41,0,0,60,99.09,4.481,0.0667,0,0,0,0.12,0,0,0,0,0,0,0,0,0,0.3,16.9692,8.2192,8.8985,15.1497,4632
"p330","ssp370","EC-Earth3-Veg-LR","2075",0.32,0.25,0,59,106.97,4.5668,0.05,0,0.15,0,0,0,0,0,0,0.15,0,0,0,0,0.4,16.0948,9.0212,15.693,16.2326,4633
"p330","ssp370","EC-Earth3-Veg-LR","2075",0.21,0,0,51,89.59,4.3921,0.1167,0,0.35,0,0.12,0,0,0,0,0,0,0,0.05,0.15,0.4,15.347,10.3742,13.5103,17.2323,4634
"p330","ssp370","EC-Earth3-Veg-LR","2075",0.35,0.15,0,55,101.79,4.5252,0.0833,0,0.15,0.05,0.06,0,0,0,0,0,0,0,0,0.15,0.6,16.067,8.2168,9.9032,16.2085,4635
"p330","ssp370","EC-Earth3-Veg-LR","2075",0.37,0.65,0,52,113.06,4.6058,0.0833,0,0.4,0,0.12,0,0,0,0,0,0,0,0,0,0,16.573,8.0859,12.2652,11.8718,4636
"p330","ssp370","EC-Earth3-Veg-LR","2075",0.25,0.4,0,52,99.05,4.2009,0.15,0,0.25,0,0.07,0,0,0,0,0.35,0,0,0.05,0,0.3,15.4985,9.0667,14.3128,16.0657,4637
"p330","ssp370","EC-Earth3-Veg-LR","2075",0.15,0,0,43,107.7,3.7443,0.0167,0,0.6,0,0.06,0,0,0,0,0.1,0,0,0,0,0.25,15.0665,5.7507,12.7682,17.7638,4638
"p330","ssp370","EC-Earth3-Veg-LR","2075",0.27,0.5,0,52,100.47,4.1181,0.0167,0,1,0,0.05,0,0,0,0,0,0,0,0,0,0.5,15.9541,3.4643,15.5105,17.8908,4639
"p330","ssp370","EC-Earth3-Veg-LR","2075",0.33,0,0,51,108.55,4.4946,0.05,0,0.15,0,0.21,0,0,0,0,0,0,0,0,0,0.25,14.6419,9.2742,15.7345,16.6567,4640
"p330","ssp370","EC-Earth3-Veg-LR","2075",0.28,0.3,0,68,95.06,4.2654,0.0833,0,0.15,0,0.05,0,0,0,0,0,0,0,0,0,0.3,17.1892,8.2652,10.476,16.9982,4641
"p330","ssp370","EC-Earth3-Veg-LR","2075",0.16,0,0,50,91.22,4.406,0.1333,0,0.3,0,0,0,0,0,0,0,0,0.1,0,0,0.15,15.7245,8.0695,12.843,15.7642,4642
"p330","ssp370","EC-Earth3-Veg-LR","2075",0.16,0.1,0,38,109.34,4.1172,0.0833,0,0.55,0,0,0,0,0,0,0,0,0,0,0,0.2,15.1765,7.331,10.48,15.883,4643
"p330","ssp370","EC-Earth3-Veg-LR","2075",0.29,0.45,0,69,101.65,4.5152,0.0667,0,0.2,0,0.07,0,0,0,0,0,0,0,0,0,0.05,17.5823,8.7828,11.3303,13.9012,4644
"p330","ssp370","EC-Earth3-Veg-LR","2075",0.15,0.45,0,39,111.12,4.2809,0.0167,0,1,0,0.06,0,0,0,0,0.2,0,0,0,0.15,0.2,14.0398,4.7873,12.4535,13.8562,4645
"p330","ssp370","EC-Earth3-Veg-LR","2075",0.23,0.3,0,47,106.37,4.5864,0.1333,0,0,0,0.05,0,0,0,0,0,0,0,0,0,0.25,15.8438,9.0168,9.6762,15.0577,4646
"p330","ssp370","EC-Earth3-Veg-LR","2075",0.38,0.15,0,64,100.3,4.5156,0.2167,0,0.05,0,0.07,0,0,0,0,0.1,0,0,0,0,0.15,16.1563,10.4371,12.2627,15.4329,4647
"p330","ssp370","EC-Earth3-Veg-LR","2075",0.19,0.2,0,48,107.67,4.6532,0.0833,0,0,0,0.05,0,0,0,0,0,0,0.05,0.05,0,0.55,15.7357,9.0737,11.3672,17.0161,4648
"p330","ssp370","EC-Earth3-Veg-LR","2075",0.15,0,0,47,113.86,4.532,0.05,0,0,0,0.17,0,0,0,0,0.1,0,0,0,0,0.2,15.9849,9.3558,13.1563,15.569,4649
"p330","ssp370","EC-Earth3-Veg-LR","2075",0.11,0,0,51,102.28,4.3173,0.0833,0,1,0,0.17,0,0,0,0,0,0,0,0,0,0.35,15.6643,3.1497,11.682,18.8168,4650
"p330","ssp370","EC-Earth3-Veg-LR","2075",0.43,0,0,52,107.3,4.145,0,0,0.7,0,0.1,0,0,0,0,0.1,0,0.05,0,0,0.3,15.1323,5.2488,14.1227,17.1305,4651
"p330","ssp370","EC-Earth3-Veg-LR","2075",0.12,0.15,0,42,104.51,4.1654,0,0,0.7,0,0.05,0,0,0,0,0,0,0,0,0,0.05,14.5631,6.0825,12.4217,13.9015,4652
"p330","ssp370","EC-Earth3-Veg-LR","2075",0.11,0,0,58,110.73,3.8006,0.1667,0,0.8,0,0.17,0,0,0,0,0.25,0,0,0,0.15,0.15,16.2295,5.7963,15.1463,16.706,4653
"p330","ssp370","EC-Earth3-Veg-LR","2075",0.29,0.2,0,41,110.35,4.0261,0,0,1,0,0.06,0,0,0,0,0,0,0,0,0,0.2,14.7903,4.0908,10.7818,17.23,4654
"p330","ssp370","EC-Earth3-Veg-LR","2075",0.37,0.2,0,59,103.97,4.3144,0.0333,0,0.35,0,0.1,0,0,0,0,0,0,0,0,0.15,0.35,16.4879,9.7092,13.6958,15.5403,4655
"p330","ssp370","EC-Earth3-Veg-LR","2075",0.22,0,0,59,102.09,4.4165,0.0667,0,0.1,0,0.07,0,0,0,0,0,0,0.2,0.05,0,0.15,16.5804,8.2894,11.9325,18.0223,4656
"p330","ssp370","EC-Earth3-Veg-LR","2075",0.07,0,0,47,103.29,4.3639,0.1167,0,0,0,0.06,0,0,0,0,0,0,0,0,0,0.45,15.7029,11.5181,9.5973,15.999,4657
"p330","ssp370","EC-Earth3-Veg-LR","2075",0.33,0,0,35,112.95,4.5834,0.0833,0,0.3,0,0.07,0,0,0,0,0,0,0,0.05,0.15,0.35,13.8855,8.5297,17.1287,16.1808,4658
"p330","ssp370","EC-Earth3-Veg-LR","2075",0.12,0.3,0.25,47,107.44,4.2367,0.0667,0,0.2,0,0.08,0,0,0,0,0,0,0,0,0,0.45,16.1412,7.1602,12.1,17.1876,4659
"p330","ssp370","EC-Earth3-Veg-LR","2075",0.37,0.4,0,57,110.91,4.2358,0.0667,0,0.75,0,0.1,0,0,0,0,0,0,0,0,0.15,0.7,16.1417,6.0592,12.2295,17.4594,4660
"p330","ssp370","EC-Earth3-Veg-LR","2075",0.37,0.25,0,60,98.31,4.7406,0.0667,0,0.25,0.05,0.14,0,0,0,0,0,0,0,0,0,0.2,16.9047,7.8778,11.7665,15.2024,4661
"p330","ssp370","EC-Earth3-Veg-LR","2075",0.28,0.3,0,47,105.35,4.6434,0.1833,0,0,0.15,0.09,0,0,0,0,0,0,0,0,0,0.05,14.876,10.4108,12.3367,12.8595,4662
"p330","ssp370","EC-Earth3-Veg-LR","2075",0.28,0,0,22,101.28,4.5119,0.05,0,0.45,0,0.05,0,0,0,0,0.1,0,0,0,0.15,0.25,12.2138,7.1507,13.8597,16.9583,4663
"p330","ssp370","EC-Earth3-Veg-LR","2075",0.36,0,0,35,103.83,4.5477,0.0667,0,0.05,0,0.06,0,0,0,0,0,0,0,0,0,0.3,13.3746,9.6591,12.0675,17.2455,4664
"p330","ssp370","EC-Earth3-Veg-LR","2075",0.1,0,0,46,114.85,4.1117,0.0833,0,0.1,0,0,0,0,0,0,0,0,0.15,0,0,0.3,15.3568,8.3736,11.0662,20.8294,4665
"p330","ssp370","EC-Earth3-Veg-LR","2075",0.15,0,0.15,43,111.31,4.5535,0.0667,0,0.25,0,0,0,0,0,0,0.2,0,0,0,0,0.15,15.1676,7.4848,15.1145,18.6186,4666
"p330","ssp370","EC-Earth3-Veg-LR","2075",0.35,0.2,0,51,100.43,4.0836,0.05,0,0,0,0.13,0,0,0,0,0,0,0,0,0.15,0.15,15.5596,8.2237,12.2353,17.2761,4667
"p330","ssp370","EC-Earth3-Veg-LR","2075",0.14,0.15,0.25,56,105.75,4.4462,0.0833,0,0.65,0,0.11,0,0,0,0,0,0,0.05,0,0,0.45,16.5086,7.3304,10.0408,17.7794,4668
"p330","ssp370","EC-Earth3-Veg-LR","2075",0.27,0.35,0,48,101.08,4.1815,0.05,0,0.1,0.05,0.07,0.05,0,0,0,0,0,0,0,0,0.35,15.6119,9.5848,12.373,18.6606,4669
"p330","ssp370","EC-Earth3-Veg-LR","2075",0.45,0.15,0,64,101.69,4.3746,0.1667,0,0.45,0,0.14,0,0,0,0,0,0,0,0,0,0.2,17.4468,8.5559,12.895,16.3083,4670
"p330","ssp370","EC-Earth3-Veg-LR","2075",0.18,0,0.1,55,96.86,4.2285,0.1333,0,0.45,0,0.12,0,0,0,0,0,0,0,0,0.15,0.4,15.2123,6.9343,11.5568,15.3936,4671
"p330","ssp370","EC-Earth3-Veg-LR","2075",0.23,0,0.1,59,113.87,4.0186,0.0667,0,0.1,0,0,0,0,0,0,0,0,0.05,0.05,0,0.35,15.7851,9.0648,10.4283,17.5709,4672
"p330","ssp370","EC-Earth3-Veg-LR","2075",0.11,0,0.15,51,112.8,4.4334,0.0167,0,0.8,0,0.13,0,0,0,0,0,0,0.1,0,0,0.7,16.6385,6.112,14.3877,18.7951,4673
"p330","ssp370","EC-Earth3-Veg-LR","2075",0.33,0.55,0,54,107.85,4.2987,0.1,0,0,0,0.12,0,0,0,0,0,0,0,0,0.15,0.15,17.2009,10.0082,13.3725,18.2314,4674
"p330","ssp370","EC-Earth3-Veg-LR","2075",0.3,0,0,48,101.31,4.2256,0.1,0,0.1,0,0.12,0,0,0,0,0.15,0,0,0,0,0.1,15.8564,9.4885,13.4395,14.7644,4675
"p330","ssp370","EC-Earth3-Veg-LR","2075",0.12,0,0,40,109.04,4.7819,0.1,0,0.05,0,0.05,0,0,0,0,0,0,0,0,0,0.15,15.2383,8.5002,13.77,15.5465,4676
"p330","ssp370","EC-Earth3-Veg-LR","2075",0.2,0,0,60,100.04,4.3232,0.1167,0,0,0,0.06,0,0,0,0,0,0,0,0,0,0.15,16.5314,8.4032,12.6248,15.4935,4677
"p330","ssp370","EC-Earth3-Veg-LR","2075",0.43,0.2,0,52,103.04,4.2734,0,0,0.25,0,0.1,0,0,0,0,0.15,0,0,0,0,0.5,16.361,8.0757,12.6978,17.1411,4678
"p330","ssp370","EC-Earth3-Veg-LR","2075",0.38,0,0,39,99.11,4.0609,0.05,0,0.35,0,0,0,0,0,0,0.15,0,0,0,0,0.8,14.1923,8.2565,11.9988,17.8698,4679
"p330","ssp370","EC-Earth3-Veg-LR","2075",0.24,0.15,0.15,49,84.22,4.3423,0.1333,0,0,0,0.17,0,0,0,0,0,0,0,0,0.15,0.45,16.311,11.105,12.0063,15.7512,4680
"p330","ssp370","EC-Earth3-Veg-LR","2075",0.24,0.25,0,62,108.95,4.0864,0.1167,0,0.05,0,0.05,0,0,0,0,0,0,0,0,0,0.4,17.0715,10.9896,12.6783,15.3013,4681
"p330","ssp370","EC-Earth3-Veg-LR","2075",0.22,0.15,0,55,97.6,4.3933,0.0833,0,0.8,0,0.05,0,0,0,0,0.15,0,0.1,0,0,0.2,17.443,5.8413,11.0877,18.3011,4682
"p330","ssp370","EC-Earth3-Veg-LR","2075",0.18,0,0,45,112.31,4.4705,0.0667,0,0.25,0.05,0.1,0,0,0,0,0.1,0,0.25,0.05,0,0.15,15.4372,7.2774,11.4788,16.8582,4683
"p330","ssp370","EC-Earth3-Veg-LR","2075",0.29,0.2,0,26,99.86,4.615,0.15,0,0.25,0,0.05,0,0,0,0,0,0,0,0,0.15,0.45,13.9943,8.6249,9.877,18.5841,4684
"p330","ssp370","EC-Earth3-Veg-LR","2075",0.22,0.8,0,51,107.28,4.3709,0.0833,0,0.25,0,0.06,0,0,0,0,0,0,0,0,0,0.05,16.6431,6.9782,14.1158,16.1915,4685
"p330","ssp370","EC-Earth3-Veg-LR","2075",0.22,0.15,0,48,101.05,4.2237,0.0667,0,0.6,0,0.14,0,0,0,0,0.1,0,0.05,0.05,0,0.05,16.4779,7.2778,12.9878,16.717,4686
"p330","ssp370","EC-Earth3-Veg-LR","2075",0.31,0,0,46,109.72,4.5867,0.1,0,0.4,0,0.09,0,0,0,0,0,0,0,0.05,0.15,0.75,15.6696,7.3605,13.3703,17.3629,4687
"p330","ssp370","EC-Earth3-Veg-LR","2075",0.32,0.25,0,51,111.12,4.3501,0.0833,0,0.05,0,0.1,0,0,0,0,0,0,0,0,0,0.25,17.1181,9.2902,12.8807,16.6971,4688
"p330","ssp370","EC-Earth3-Veg-LR","2075",0.2,0,0,44,109.24,4.7609,0.1333,0,0.1,0,0.11,0,0,0,0,0,0,0,0,0,0.25,15.3545,8.6512,11.8097,15.4959,4689
"p330","ssp370","EC-Earth3-Veg-LR","2075",0.13,0,0,34,107.36,4.3085,0,0,0.75,0,0.06,0,0,0,0,0,0,0,0,0,0.15,14.1061,5.258,12.0863,15.2291,4690
"p330","ssp370","EC-Earth3-Veg-LR","2075",0.21,0,0,56,112.35,4.4113,0.05,0,0.35,0,0.06,0,0,0,0,0,0,0,0,0,0.25,16.2347,7.4852,12.9907,13.7773,4691
"p330","ssp370","EC-Earth3-Veg-LR","2075",0.16,0,0,33,98.71,4.236,0.0833,0,0.4,0,0.16,0,0,0,0,0,0,0,0,0,0.35,13.9938,7.5927,12.1057,17.0023,4692
"p330","ssp370","EC-Earth3-Veg-LR","2075",0.06,0.15,0,41,103.16,4.7314,0.2333,0,0.05,0,0.1,0,0,0,0,0,0,0,0,0,0.2,14.351,10.6935,11.15,15.1229,4693
"p330","ssp370","EC-Earth3-Veg-LR","2075",0.27,0.3,0,58,106.27,4.2493,0.0667,0,0.05,0,0.09,0,0,0,0,0,0,0,0,0,0.1,16.6403,8.1843,11.1735,14.7217,4694
"p330","ssp370","EC-Earth3-Veg-LR","2075",0,0.1,0.1,49,106.42,4.4115,0.15,0,0.45,0,0.13,0,0,0,0,0,0,0,0,0.6,0.35,15.8851,9.6413,14.0442,16.9833,4695
"p330","ssp370","EC-Earth3-Veg-LR","2075",0.32,0.2,0,61,111.74,4.3433,0.0333,0,0.8,0,0.11,0,0,0,0,0,0,0,0,0,0.2,17.4345,5.9643,14.9438,17.7191,4696
"p330","ssp370","EC-Earth3-Veg-LR","2075",0.05,0,0,72,113.05,4.3531,0.1,0,0.3,0,0.08,0,0,0,0,0.1,0,0,0,0,0.1,16.4982,6.7587,15.5678,15.3078,4697
"p330","ssp370","EC-Earth3-Veg-LR","2075",0.2,0.3,0,48,109.48,4.3812,0.1167,0,0.05,0,0.15,0,0,0,0,0,0,0,0,0,0,15.1409,9.5871,13.2448,13.3755,4698
"p330","ssp370","EC-Earth3-Veg-LR","2075",0.27,0,0.1,68,94.07,4.1191,0.0667,0,0.4,0,0,0,0,0,0,0,0,0,0,0,0.2,16.9373,8.8845,9.7367,16.9123,4699
"p330","ssp370","EC-Earth3-Veg-LR","2075",0.3,0.3,0,71,105.86,4.3599,0,0,0.2,0,0.05,0,0,0,0,0,0,0,0,0,0.4,17.7013,7.8182,11.9797,13.6652,4700
"p330","ssp370","FGOALS-g3","2075",0.16,0,0,46,101.42,4.4723,0.15,0,0.4,0,0,0,0,0,0,0,0,0,0,0,0.25,15.1233,7.5716,12.177,14.8074,4701
"p330","ssp370","FGOALS-g3","2075",0.05,0.15,0,44,105.39,4.7276,0.0667,0,0.05,0,0.13,0,0,0,0,0.1,0,0,0,0,0.3,14.9606,8.6158,13.8618,16.1139,4702
"p330","ssp370","FGOALS-g3","2075",0.1,0,0,43,108.87,4.5334,0.15,0,0.65,0,0.26,0,0,0,0,0.1,0,0,0,0,0.25,14.5704,7.6269,16.655,15.8409,4703
"p330","ssp370","FGOALS-g3","2075",0.31,0,0,34,103.36,4.525,0.2,0,0.05,0,0.08,0,0,0,0,0.2,0,0,0,0,0.2,13.5057,9.4561,11.8795,15.2374,4704
"p330","ssp370","FGOALS-g3","2075",0.18,0,0,55,106.78,4.6212,0.1167,0,0.15,0,0.09,0,0,0,0,0,0,0,0,0,0.15,15.1532,8.2732,15.2807,14.7093,4705
"p330","ssp370","FGOALS-g3","2075",0.26,0,0,35,112.42,4.7012,0.0833,0,0.55,0.05,0,0,0,0,0,0,0,0,0,0,0.15,14.0823,7.9686,10.0603,14.6368,4706
"p330","ssp370","FGOALS-g3","2075",0.1,0.1,0,43,99.12,4.5754,0.05,0,0.5,0,0.12,0,0,0,0,0,0,0,0,0,0.05,14.972,7.4064,11.8745,12.8745,4707
"p330","ssp370","FGOALS-g3","2075",0.34,0.1,0,34,104.59,4.7069,0.0833,0,0.3,0,0.06,0,0,0,0,0,0,0.05,0,0,0.5,13.7054,8.324,13.0205,19.1621,4708
"p330","ssp370","FGOALS-g3","2075",0.41,0,0,65,94.69,4.0341,0.05,0,0.65,0,0.1,0,0,0,0,0,0,0,0.05,0,0.05,16.2655,5.9146,15.2718,14.9893,4709
"p330","ssp370","FGOALS-g3","2075",0.29,0.2,0,53,102.77,4.786,0.2167,0,0.55,0,0.16,0,0,0,0,0,0,0,0,0,0.1,15.6368,6.9041,14.8977,15.0812,4710
"p330","ssp370","FGOALS-g3","2075",0.13,0.15,0,54,95.1,4.5422,0.1167,0,0.15,0,0.14,0,0,0,0,0,0,0,0,0,0.05,16.3363,9.3443,15.8812,15.5276,4711
"p330","ssp370","FGOALS-g3","2075",0.24,0,0,13,102.9,4.5095,0.05,0,0.45,0,0,0,0,0,0,0.1,0,0,0,0,0.1,12.4533,7.9659,13.314,16.98,4712
"p330","ssp370","FGOALS-g3","2075",0.24,0.25,0,53,101.52,4.6391,0.2833,0,0.15,0,0.1,0,0,0,0,0.15,0,0,0,0,0.2,15.8227,10.3019,16.096,14.1535,4713
"p330","ssp370","FGOALS-g3","2075",0.26,0,0,45,99.65,4.902,0.2333,0,0.15,0,0.12,0,0,0,0,0.15,0,0,0,0,0.2,13.845,10.2463,15.3198,15.2427,4714
"p330","ssp370","FGOALS-g3","2075",0.1,0,0,43,105.66,4.5628,0.1,0,0.15,0,0.05,0,0,0,0,0.3,0,0.05,0,0,0.3,14.4579,8.3555,14.8097,18.3944,4715
"p330","ssp370","FGOALS-g3","2075",0.17,0,0,34,107.13,4.5153,0.1333,0,0.25,0,0.12,0,0,0,0,0.25,0,0,0,0,0.5,14.0991,8.0092,16.3277,16.4003,4716
"p330","ssp370","FGOALS-g3","2075",0.13,0,0,47,103.04,4.4424,0.15,0,0.2,0,0.11,0,0,0,0,0,0,0,0,0,0.3,14.2043,9.5075,16.585,15.3349,4717
"p330","ssp370","FGOALS-g3","2075",0.18,0,0,42,92.17,4.3474,0.0333,0,0.8,0,0,0,0,0,0,0.1,0,0,0,0,0.1,13.328,5.3665,10.5412,14.1209,4718
"p330","ssp370","FGOALS-g3","2075",0.32,0.15,0,41,101.86,4.3034,0.0833,0,0.85,0,0.07,0,0,0,0,0.1,0,0,0,0,0.1,14.4464,6.5196,11.7572,14.9111,4719
"p330","ssp370","FGOALS-g3","2075",0.17,0.1,0,53,100.52,4.9144,0.05,0,0.95,0,0,0,0,0,0,0,0,0,0,0,0.55,15.6936,6.6515,14.1573,17.7405,4720
"p330","ssp370","FGOALS-g3","2075",0.2,0.15,0,44,96.26,4.1466,0.1333,0,0.15,0,0.07,0,0,0,0,0.1,0,0,0.05,0,0.7,15.5769,7.661,14.4695,16.7153,4721
"p330","ssp370","FGOALS-g3","2075",0.16,0,0,21,94.79,4.4099,0.1333,0,0.1,0,0.06,0,0,0,0,0,0,0,0,0,0.2,12.8081,9.4231,17.1745,17.9636,4722
"p330","ssp370","FGOALS-g3","2075",0.15,0,0,35,108.77,4.4095,0.1667,0,0.3,0.05,0.06,0,0,0,0,0,0,0,0,0,0.1,13.985,9.4707,11.2958,13.3321,4723
"p330","ssp370","FGOALS-g3","2075",0.36,0,0,33,99.92,4.0644,0.0333,0,0.6,0,0,0,0,0,0,0,0,0,0,0.15,0.1,13.9741,7.0365,13.6438,17.3758,4724
"p330","ssp370","FGOALS-g3","2075",0.16,0,0,34,107.49,4.6839,0.0833,0,0.45,0.05,0,0,0,0,0,0.2,0,0,0,0,0.15,14.6395,7.6002,11.7985,14.4009,4725
"p330","ssp370","FGOALS-g3","2075",0.25,0.25,0,51,107.01,4.4702,0.15,0,0.1,0,0.06,0,0,0,0,0.1,0,0,0,0,0.25,16.2516,7.3306,15.5988,15.5658,4726
"p330","ssp370","FGOALS-g3","2075",0.32,0,0,36,89.91,4.6013,0.0667,0,0.7,0,0.11,0,0,0,0,0,0,0.05,0,0,0.4,13.2488,6.7798,16.2368,17.4997,4727
"p330","ssp370","FGOALS-g3","2075",0,0,0,37,106.3,4.5125,0.15,0,0,0,0.05,0,0,0,0,0.15,0,0,0,0,0.15,13.5487,9.6209,12.0438,15.4568,4728
"p330","ssp370","FGOALS-g3","2075",0.22,0,0,40,103.48,4.6726,0.0667,0,0.55,0,0,0,0,0,0,0,0,0,0,0,0.05,14.9411,7.4997,13.404,13.8044,4729
"p330","ssp370","FGOALS-g3","2075",0.32,0,0,29,108.12,4.5436,0.0667,0,1,0,0.12,0,0,0,0,0,0,0,0,0,0.2,13.4257,4.1344,14.6468,16.3505,4730
"p330","ssp370","FGOALS-g3","2075",0.15,0,0,37,110.49,4.5918,0.0667,0,0.65,0,0.05,0,0,0,0,0.1,0,0,0,0,0.1,14.4036,5.5108,15.1362,12.4909,4731
"p330","ssp370","FGOALS-g3","2075",0.41,0,0,56,94.53,4.667,0.0833,0,0,0,0.12,0,0,0,0,0,0,0,0,0,0.15,15.57,7.7625,10.35,14.5424,4732
"p330","ssp370","FGOALS-g3","2075",0.32,0,0,44,103.77,4.744,0.1667,0,0.35,0,0,0,0,0,0,0.15,0,0,0,0,0.3,14.7083,8.5983,17.1475,15.5588,4733
"p330","ssp370","FGOALS-g3","2075",0.22,0,0,37,90.07,4.5656,0.1333,0,0.4,0,0.12,0,0,0,0,0,0,0,0,0.15,0.4,13.9567,9.9403,14.9675,16.5868,4734
"p330","ssp370","FGOALS-g3","2075",0.42,0,0,46,98.95,4.7068,0.1167,0,0.35,0,0.06,0,0,0,0,0,0,0,0,0,0.55,14.6724,7.7732,11.3645,15.5733,4735
"p330","ssp370","FGOALS-g3","2075",0.32,0.2,0,51,111.16,4.7867,0.1,0,0.5,0,0.12,0,0,0,0,0,0,0,0,0,0,15.1744,7.6325,13.7153,11.2621,4736
"p330","ssp370","FGOALS-g3","2075",0.25,0.25,0,37,93.25,4.3621,0.2167,0,0.3,0,0.07,0,0,0,0,0.3,0,0,0,0,0.2,14.1135,8.6457,15.765,15.3888,4737
"p330","ssp370","FGOALS-g3","2075",0.15,0,0,35,101.56,3.897,0.0167,0,0.65,0,0.06,0,0,0,0,0.2,0,0,0,0,0.35,13.6766,5.3192,14.2242,17.1144,4738
"p330","ssp370","FGOALS-g3","2075",0.27,0.1,0,38,96.3,4.2925,0.0333,0,1,0,0.05,0,0,0.2,0,0,0,0,0,0,0.35,14.5607,3.022,16.9708,17.2529,4739
"p330","ssp370","FGOALS-g3","2075",0.33,0,0,33,105.18,4.6916,0.1,0,0.25,0,0.21,0,0,0,0,0,0,0,0,0,0.2,13.2445,8.8221,17.185,16.0441,4740
"p330","ssp370","FGOALS-g3","2075",0.29,0.1,0,56,83.49,4.4335,0.1167,0,0.4,0,0.05,0,0,0,0,0,0,0,0,0,0.2,15.8043,7.8462,11.9277,16.3193,4741
"p330","ssp370","FGOALS-g3","2075",0.16,0,0,37,92.95,4.5979,0.1833,0,0.45,0,0,0,0,0,0,0,0,0.05,0,0,0.15,14.336,7.6403,14.299,15.112,4742
"p330","ssp370","FGOALS-g3","2075",0.16,0.15,0,33,104.48,4.2895,0.15,0,0.75,0,0,0,0,0,0,0,0,0,0,0,0.15,13.7841,6.8904,11.9393,15.2432,4743
"p330","ssp370","FGOALS-g3","2075",0.29,0,0,57,99.69,4.6909,0.1,0,0.2,0,0.07,0,0,0,0,0.35,0,0,0,0,0,16.1852,8.3327,12.7798,13.2867,4744
"p330","ssp370","FGOALS-g3","2075",0.15,0,0,27,107.51,4.4477,0.0667,0,1,0,0.06,0,0,0,0,0.3,0,0,0,0,0.2,12.6561,4.37,13.9038,13.1746,4745
"p330","ssp370","FGOALS-g3","2075",0.23,0,0,44,102.47,4.7768,0.1167,0,0,0,0.05,0,0,0,0,0,0,0,0,0,0.2,14.456,8.5892,11.1307,14.4047,4746
"p330","ssp370","FGOALS-g3","2075",0.38,0,0,47,94.25,4.7079,0.25,0,0.15,0,0.07,0,0,0,0,0.1,0,0,0,0,0.05,14.7642,9.9992,13.7213,14.7915,4747
"p330","ssp370","FGOALS-g3","2075",0.19,0.1,0,44,108.14,4.836,0.1167,0,0,0,0.05,0,0,0,0,0,0,0,0,0,0.5,14.3398,8.6258,12.8155,16.3988,4748
"p330","ssp370","FGOALS-g3","2075",0.15,0,0,35,110.38,4.7065,0.1333,0,0.1,0,0.17,0,0,0,0,0.1,0,0,0,0,0.15,14.6021,8.9416,14.6058,14.8849,4749
"p330","ssp370","FGOALS-g3","2075",0.11,0,0,31,98.7,4.4843,0.1333,0,1,0,0.17,0,0,0,0,0.1,0,0,0.05,0,0.5,14.2766,2.7247,13.135,18.1603,4750
"p330","ssp370","FGOALS-g3","2075",0.43,0,0,35,101.93,4.2997,0.0167,0,0.85,0,0.1,0.05,0,0,0,0,0,0.05,0,0,0.2,13.7415,4.8132,15.5812,16.4867,4751
"p330","ssp370","FGOALS-g3","2075",0.12,0,0,27,99.16,4.3485,0.0167,0,0.9,0,0.05,0,0,0,0,0.15,0,0,0,0,0.05,13.1678,5.6372,13.8698,13.2817,4752
"p330","ssp370","FGOALS-g3","2075",0.11,0,0,44,103.96,3.9383,0.1833,0,0.95,0,0.17,0,0,0,0,0.25,0,0,0,0,0.15,14.8471,5.3833,16.5958,16.0204,4753
"p330","ssp370","FGOALS-g3","2075",0.29,0.15,0,27,103.48,4.1732,0,0,1,0,0.06,0,0,0,0,0,0,0,0,0,0.15,13.4043,3.667,12.2342,16.5715,4754
"p330","ssp370","FGOALS-g3","2075",0.39,0.1,0,40,101.42,4.4876,0.1,0,0.5,0,0.1,0,0,0,0,0,0,0,0,0,0.4,15.0976,9.2757,15.153,14.8942,4755
"p330","ssp370","FGOALS-g3","2075",0.23,0,0,47,100.26,4.5891,0.15,0,0.2,0,0.07,0,0,0,0,0,0,0.15,0,0,0.15,15.186,7.8454,13.3792,17.3992,4756
"p330","ssp370","FGOALS-g3","2075",0.07,0,0,36,100.23,4.5509,0.1833,0,0,0,0.06,0,0,0,0,0,0,0,0,0,0.4,14.322,11.1075,11.044,15.3118,4757
"p330","ssp370","FGOALS-g3","2075",0.33,0,0,18,109.8,4.7626,0.1,0,0.45,0,0.07,0,0,0.3,0,0,0,0,0.05,0,0.35,12.5003,8.108,18.5807,15.5208,4758
"p330","ssp370","FGOALS-g3","2075",0.12,0,0,36,104.34,4.3951,0.0667,0,0.25,0,0.08,0,0,0,0,0.3,0,0,0,0,0.35,14.7516,6.7281,13.5575,16.5389,4759
"p330","ssp370","FGOALS-g3","2075",0.37,0.35,0,50,108.71,4.3888,0.0833,0,0.9,0,0.1,0,0,0,0,0.25,0,0,0,0,0.45,14.749,5.6168,13.676,16.8353,4760
"p330","ssp370","FGOALS-g3","2075",0.37,0.25,0,46,89.71,4.9457,0.0833,0,0.25,0.05,0.15,0,0,0,0,0,0,0,0,0,0.2,15.5246,7.4697,13.2133,14.5116,4761
"p330","ssp370","FGOALS-g3","2075",0.28,0,0,32,105.77,4.8421,0.25,0,0,0.05,0.09,0,0,0,0,0,0,0,0,0,0,13.4915,9.992,13.7873,12.1961,4762
"p330","ssp370","FGOALS-g3","2075",0.33,0,0,10,98.61,4.6972,0.05,0,0.55,0,0.05,0,0,0,0,0.1,0,0,0,0,0.3,10.8249,6.7208,15.3158,16.3062,4763
"p330","ssp370","FGOALS-g3","2075",0.36,0,0,21,102.59,4.7446,0.0833,0,0.05,0,0.06,0,0,0,0,0.1,0,0,0,0,0.1,11.9823,9.2198,13.5125,16.618,4764
"p330","ssp370","FGOALS-g3","2075",0.1,0,0,37,111.21,4.2612,0.1333,0,0.2,0,0,0,0,0,0,0,0,0.15,0,0,0.25,13.9772,7.967,12.512,20.1378,4765
"p330","ssp370","FGOALS-g3","2075",0.15,0,0,31,109.52,4.7302,0.0833,0,0.4,0,0,0,0,0,0,0.25,0,0,0,0,0.15,13.7838,7.0677,16.5653,17.9529,4766
"p330","ssp370","FGOALS-g3","2075",0.35,0.15,0,42,101.15,4.2466,0.05,0,0,0,0.13,0,0,0,0,0,0,0,0.05,0,0.1,14.1718,7.7962,13.6907,16.622,4767
"p330","ssp370","FGOALS-g3","2075",0.14,0,0.2,40,103.62,4.6038,0.0833,0,0.8,0,0.12,0,0,0,0,0,0,0,0.05,0,0.25,15.1168,6.8925,11.4852,17.1502,4768
"p330","ssp370","FGOALS-g3","2075",0.29,0,0,42,100.43,4.3321,0.1333,0,0.2,0,0.07,0.05,0,0,0,0,0,0,0,0,0.3,14.2331,9.1804,13.8178,17.9662,4769
"p330","ssp370","FGOALS-g3","2075",0.45,0,0,57,99.04,4.548,0.2,0,0.55,0,0.14,0,0,0,0,0,0,0,0,0,0.05,16.0635,8.1408,14.3437,15.6406,4770
"p330","ssp370","FGOALS-g3","2075",0.21,0,0.1,33,91.99,4.4034,0.15,0,0.85,0,0.12,0,0,0,0,0,0,0,0,0,0.4,13.8257,6.5087,13.0108,14.7365,4771
"p330","ssp370","FGOALS-g3","2075",0.23,0,0,44,110.5,4.1975,0.1167,0,0.15,0,0,0,0,0,0,0,0,0,0.05,0,0.35,14.3941,8.6288,11.872,16.9385,4772
"p330","ssp370","FGOALS-g3","2075",0.11,0,0.15,46,110.51,4.5967,0.0167,0,0.85,0,0.13,0,0,0,0,0,0,0.1,0,0,0.95,15.2608,5.7099,15.8313,18.0981,4773
"p330","ssp370","FGOALS-g3","2075",0.33,0.3,0,47,104.68,4.4762,0.1667,0,0.25,0,0.12,0,0,0,0,0,0,0,0,0,0.15,15.8189,9.5958,14.821,17.5615,4774
"p330","ssp370","FGOALS-g3","2075",0.3,0,0,39,100.2,4.3978,0.1333,0,0.15,0,0.12,0,0,0,0,0.15,0,0,0,0,0.1,14.4699,9.0657,14.8927,14.1059,4775
"p330","ssp370","FGOALS-g3","2075",0.12,0,0,26,107.51,4.9742,0.1167,0,0.1,0,0.05,0,0,0,0,0,0,0,0,0,0.1,13.8481,8.067,15.2115,14.9124,4776
"p330","ssp370","FGOALS-g3","2075",0.2,0,0,51,99.07,4.4877,0.1667,0,0.15,0,0.06,0,0,0,0,0.4,0,0,0.05,0,0.15,15.1543,8.0024,14.0675,14.7932,4777
"p330","ssp370","FGOALS-g3","2075",0.43,0,0,47,98.25,4.4404,0.0333,0,0.35,0,0.1,0,0,0,0,0.15,0,0,0,0,0.45,14.9795,7.6646,14.1452,16.4683,4778
"p330","ssp370","FGOALS-g3","2075",0.38,0,0,25,92.55,4.2403,0.1333,0,0.35,0,0,0,0,0,0,0.15,0,0,0,0,0.45,12.8074,7.8357,13.4505,17.2083,4779
"p330","ssp370","FGOALS-g3","2075",0.24,0,0,38,82.1,4.5193,0.2667,0,0,0,0.17,0,0,0,0,0,0,0,0,0,0.4,14.9216,10.6729,13.4625,15.1023,4780
"p330","ssp370","FGOALS-g3","2075",0.22,0,0,54,104.53,4.2368,0.1667,0,0.05,0,0.05,0,0,0,0,0,0,0,0,0,0.4,15.6977,10.5921,14.1348,14.5976,4781
"p330","ssp370","FGOALS-g3","2075",0.22,0.15,0,49,95.43,4.5573,0.0667,0,0.85,0,0.05,0,0,0,0,0.15,0,0.1,0,0,0.15,16.0648,5.4331,12.548,17.6132,4782
"p330","ssp370","FGOALS-g3","2075",0.25,0,0,31,110.63,4.647,0.0833,0,0.35,0.05,0.1,0,0,0,0,0.1,0,0.1,0.05,0,0.1,14.0552,6.8589,12.9447,16.1821,4783
"p330","ssp370","FGOALS-g3","2075",0.29,0,0,20,97.83,4.802,0.1833,0,0.25,0,0.05,0,0,0,0,0,0,0,0,0.15,0.3,12.6084,8.1952,11.3328,17.9326,4784
"p330","ssp370","FGOALS-g3","2075",0.22,0.55,0,47,105.18,4.5506,0.1,0,0.5,0,0.06,0,0,0.1,0,0,0,0,0,0,0.05,15.2704,6.5818,15.571,15.4849,4785
"p330","ssp370","FGOALS-g3","2075",0.22,0.15,0,45,96.54,4.3795,0.1167,0,0.75,0,0.14,0,0,0,0,0.1,0,0.05,0.05,0,0.05,15.1009,6.8712,14.4487,16.0259,4786
"p330","ssp370","FGOALS-g3","2075",0.36,0,0,38,105.01,4.7601,0.1167,0,0.5,0,0.09,0,0,0,0,0,0,0,0,0,0.6,14.2883,6.9436,14.8358,16.6855,4787
"p330","ssp370","FGOALS-g3","2075",0.32,0.25,0,50,108.65,4.5256,0.15,0,0.05,0,0.1,0,0,0,0,0.1,0,0,0,0,0.2,15.7325,8.8628,14.3357,16.0429,4788
"p330","ssp370","FGOALS-g3","2075",0.27,0,0,32,105.8,4.9498,0.1833,0,0.2,0,0.11,0,0,0,0,0,0,0,0,0,0.2,13.9826,8.2573,13.2637,14.7874,4789
"p330","ssp370","FGOALS-g3","2075",0.19,0,0,19,102.65,4.4596,0.0333,0,0.9,0,0.06,0,0,0,0,0,0,0,0,0,0.15,12.7301,4.8536,13.546,14.5371,4790
"p330","ssp370","FGOALS-g3","2075",0.21,0,0,45,105.57,4.5791,0.0833,0,0.6,0,0.06,0,0,0,0,0.1,0,0,0,0,0.15,14.8543,7.0708,14.4547,13.097,4791
"p330","ssp370","FGOALS-g3","2075",0.16,0,0,21,95.09,4.4052,0.0833,0,0.6,0,0.16,0,0,0,0,0,0,0,0,0,0.3,12.6091,7.1671,13.5597,16.3458,4792
"p330","ssp370","FGOALS-g3","2075",0.06,0,0,31,99.27,4.9317,0.3667,0,0.3,0,0.1,0,0,0,0,0,0,0,0,0,0.15,12.9798,10.3018,12.603,14.4119,4793
"p330","ssp370","FGOALS-g3","2075",0.27,0,0,44,101.96,4.4086,0.1,0,0.05,0,0.09,0,0,0,0,0,0,0,0,0,0.05,15.2648,7.7812,12.631,14.028,4794
"p330","ssp370","FGOALS-g3","2075",0,0,0,35,104.19,4.5817,0.1667,0,0.65,0,0.13,0,0,0,0,0,0,0,0,0.3,0.15,14.5052,9.2284,15.5078,16.3003,4795
"p330","ssp370","FGOALS-g3","2075",0.32,0,0,58,111.01,4.5038,0.0667,0,1,0,0.11,0,0,0,0,0,0,0,0,0,0.1,16.0516,5.5411,16.3972,17.0589,4796
"p330","ssp370","FGOALS-g3","2075",0.05,0,0,46,107.98,4.5106,0.15,0,0.6,0,0.08,0,0,0,0,0.2,0,0,0,0,0.05,15.1274,6.3691,17.0198,14.5947,4797
"p330","ssp370","FGOALS-g3","2075",0.2,0,0,41,106.4,4.5402,0.2,0,0.1,0,0.15,0,0,0,0,0,0,0,0,0,0,13.7662,9.1868,14.7018,12.6788,4798
"p330","ssp370","FGOALS-g3","2075",0.27,0,0,49,88.3,4.2825,0.0667,0,0.55,0,0,0,0,0,0,0,0,0,0,0,0.15,15.5589,8.4741,11.1982,16.2274,4799
"p330","ssp370","FGOALS-g3","2075",0.3,0,0,60,102.73,4.529,0.0333,0,0.3,0,0.1,0,0,0,0,0,0,0,0,0,0.35,16.3189,7.3972,13.4318,13.0035,4800
"p330","ssp370","GFDL-ESM4","2075",0.16,0.1,0,54,105.02,4.5911,0.15,0,0.4,0,0,0,0,0,0,0,0,0,0,0,0.25,15.993,8.013,12.0762,15.0231,4801
"p330","ssp370","GFDL-ESM4","2075",0.05,0.35,0,53,108.06,4.8488,0.0833,0,0,0,0.08,0,0,0,0,0.1,0,0,0,0,0.3,15.8333,9.0564,13.7668,16.3171,4802
"p330","ssp370","GFDL-ESM4","2075",0.15,0,0,46,110.85,4.6474,0.15,0,0.6,0,0.24,0,0,0,0,0.1,0,0,0,0.15,0.25,15.4458,8.0685,16.5657,16.0397,4803
"p330","ssp370","GFDL-ESM4","2075",0.31,0,0,47,106.74,4.6298,0.25,0,0,0,0.08,0,0,0,0,0.2,0,0,0.05,0,0.2,14.3839,9.8973,11.805,15.4288,4804
"p330","ssp370","GFDL-ESM4","2075",0.18,0,0,61,108.79,4.7329,0.1167,0,0.15,0,0.05,0,0,0,0,0,0,0,0,0,0.2,16.0224,8.7141,15.1795,14.9257,4805
"p330","ssp370","GFDL-ESM4","2075",0.28,0.15,0.1,52,110.35,4.8325,0.15,0,0.5,0.05,0,0,0,0,0,0,0,0,0,0,0.3,14.9542,8.4093,9.9643,14.8409,4806
"p330","ssp370","GFDL-ESM4","2075",0.17,0.2,0,45,103.74,4.6817,0.0667,0,0.4,0,0.12,0,0,0,0,0,0,0,0,0,0.05,15.8469,7.8473,11.7833,13.0744,4807
"p330","ssp370","GFDL-ESM4","2075",0.34,0.5,0,36,105.98,4.8259,0.1,0,0.25,0,0.06,0,0,0,0,0,0,0.05,0.05,0,0.7,14.5833,8.7648,12.9455,19.3539,4808
"p330","ssp370","GFDL-ESM4","2075",0.41,0,0,75,100.14,4.1277,0.0833,0,0.55,0,0.1,0,0,0,0,0,0,0,0,0,0.05,17.1339,6.3566,15.1688,15.2065,4809
"p330","ssp370","GFDL-ESM4","2075",0.3,0.35,0,56,104.68,4.9029,0.25,0,0.55,0,0.16,0,0,0,0,0,0,0,0,0,0.1,16.5087,7.3454,14.8012,15.2868,4810
"p330","ssp370","GFDL-ESM4","2075",0.13,0.2,0.15,71,103.04,4.6656,0.1833,0,0.1,0,0.14,0,0,0,0,0,0,0,0,0,0.1,17.21,9.7853,15.7887,15.7288,4811
"p330","ssp370","GFDL-ESM4","2075",0.24,0,0,27,102.06,4.6262,0.05,0,0.45,0,0,0,0,0,0,0,0,0,0,0,0.15,13.3304,8.4068,13.2373,17.1727,4812
"p330","ssp370","GFDL-ESM4","2075",0.24,0.3,0,57,105.6,4.7711,0.3333,0,0.2,0,0.1,0,0,0,0,0.15,0,0,0,0,0.2,16.6905,10.7432,15.9913,14.3726,4813
"p330","ssp370","GFDL-ESM4","2075",0.26,0,0,48,105.57,5.0299,0.2667,0,0,0,0.12,0,0,0,0,0.15,0,0,0,0.15,0.2,14.7158,10.6878,15.2212,15.4489,4814
"p330","ssp370","GFDL-ESM4","2075",0.1,0.25,0,51,108.13,4.6842,0.1333,0,0.15,0,0.05,0,0,0,0,0.3,0,0.05,0,0.15,0.3,15.3315,8.7969,14.7172,18.5968,4815
"p330","ssp370","GFDL-ESM4","2075",0.17,0,0,45,107.42,4.6398,0.1667,0,0.25,0,0.12,0,0,0,0,0.35,0,0,0,0.15,0.7,14.9758,8.4502,16.25,16.5942,4816
"p330","ssp370","GFDL-ESM4","2075",0.13,0,0,49,106.79,4.5673,0.15,0,0.2,0,0.11,0,0,0,0,0,0,0,0,0,0.35,15.0715,9.9487,16.48,15.5541,4817
"p330","ssp370","GFDL-ESM4","2075",0.18,0.1,0,46,97.68,4.4591,0.0833,0,0.8,0,0,0,0,0,0,0,0,0,0,0,0.1,14.1982,5.8078,10.442,14.328,4818
"p330","ssp370","GFDL-ESM4","2075",0.37,0.4,0,47,105.8,4.396,0.1167,0,0.85,0,0.07,0,0,0,0,0,0,0,0,0,0.15,15.3196,6.9605,11.6645,15.1135,4819
"p330","ssp370","GFDL-ESM4","2075",0.17,0.25,0,57,103.7,5.0566,0.0833,0,0.95,0,0,0,0,0,0,0,0,0,0,0,0.6,16.5692,7.0923,14.0785,17.9345,4820
"p330","ssp370","GFDL-ESM4","2075",0.2,0.15,0,57,99.79,4.2596,0.2,0,0.15,0,0.07,0,0,0,0,0.1,0,0,0,0,0.8,16.4438,8.1027,14.3635,16.9353,4821
"p330","ssp370","GFDL-ESM4","2075",0.16,0,0,34,98.26,4.5183,0.1833,0,0.1,0,0.06,0,0,0,0,0,0,0,0,0,0.35,13.6781,9.8642,17.0738,18.1726,4822
"p330","ssp370","GFDL-ESM4","2075",0.16,0.35,0,42,110.65,4.5218,0.2833,0,0.2,0.05,0.06,0,0,0,0,0,0,0,0,0,0.15,14.8577,9.9118,11.2002,13.5358,4823
"p330","ssp370","GFDL-ESM4","2075",0.43,0,0,51,104.65,4.1641,0.05,0,0.45,0,0,0,0,0,0,0,0,0,0,0.15,0.15,14.8501,7.4779,13.5642,17.5705,4824
"p330","ssp370","GFDL-ESM4","2075",0.16,0.15,0,39,110.74,4.8094,0.1333,0,0.5,0.05,0,0,0,0,0,0,0,0,0,0,0.15,15.5054,8.0421,11.6925,14.6219,4825
"p330","ssp370","GFDL-ESM4","2075",0.28,0.3,0,55,109.39,4.5768,0.2,0,0.1,0,0.06,0,0,0,0,0,0,0,0,0.3,0.25,17.1207,7.772,15.4982,15.7748,4826
"p330","ssp370","GFDL-ESM4","2075",0.32,0,0,42,95.93,4.7238,0.0833,0,0.6,0,0.11,0,0,0,0,0.1,0,0.05,0,0.15,0.5,14.1211,7.2214,16.1405,17.7041,4827
"p330","ssp370","GFDL-ESM4","2075",0,0,0,43,109.28,4.6297,0.1667,0,0,0,0.05,0,0,0,0,0.15,0,0,0,0,0.15,14.4232,10.0617,11.9628,15.6533,4828
"p330","ssp370","GFDL-ESM4","2075",0.22,0.15,0,44,108.32,4.7856,0.0833,0,0.45,0,0,0,0,0,0,0,0,0,0,0,0.1,15.8063,7.9412,13.2965,14.026,4829
"p330","ssp370","GFDL-ESM4","2075",0.32,0,0,37,105.9,4.6742,0.1333,0,1,0,0.12,0,0,0,0,0,0,0,0,0,0.35,14.2941,4.5762,14.5442,16.5598,4830
"p330","ssp370","GFDL-ESM4","2075",0.15,0,0.1,47,112.05,4.7106,0.0833,0,0.65,0,0,0,0,0,0,0,0,0,0,0.15,0.1,15.2749,5.9512,15.0385,12.6961,4831
"p330","ssp370","GFDL-ESM4","2075",0.42,0,0,60,99.51,4.7881,0.0833,0,0,0,0.11,0,0,0,0,0,0,0,0,0,0.3,16.4444,8.2038,10.2672,14.7398,4832
"p330","ssp370","GFDL-ESM4","2075",0.32,0,0,57,106.93,4.8785,0.1667,0,0.35,0,0,0,0,0,0,0.15,0,0,0,0.15,0.45,15.5731,9.0401,17.0382,15.7821,4833
"p330","ssp370","GFDL-ESM4","2075",0.22,0,0,44,94.96,4.6841,0.15,0,0.35,0,0.12,0,0,0,0,0.2,0,0,0.05,0.15,0.45,14.8244,10.3819,14.8637,16.797,4834
"p330","ssp370","GFDL-ESM4","2075",0.44,0,0,51,101.56,4.8403,0.15,0,0.35,0,0.06,0,0,0,0,0,0,0,0,0.15,0.55,15.5434,8.2145,11.2658,15.7794,4835
"p330","ssp370","GFDL-ESM4","2075",0.32,0.55,0,51,112.45,4.9131,0.15,0,0.45,0,0.12,0,0,0,0,0,0,0,0,0,0,16.0489,8.0732,13.6322,11.4608,4836
"p330","ssp370","GFDL-ESM4","2075",0.25,0.25,0,43,98.21,4.4812,0.2833,0,0.3,0,0.07,0,0,0,0,0.35,0,0,0.05,0,0.3,14.9776,9.0875,15.6543,15.6128,4837
"p330","ssp370","GFDL-ESM4","2075",0.15,0.15,0,40,106.83,3.99,0.0667,0,0.7,0,0.06,0,0,0,0,0.1,0,0,0,0,0.25,14.544,5.7605,14.1195,17.3268,4838
"p330","ssp370","GFDL-ESM4","2075",0.28,0.3,0,47,98.79,4.4007,0.0667,0,1,0,0.05,0,0,0.2,0,0,0,0,0,0.15,0.45,15.4308,3.4642,16.8723,17.4608,4839
"p330","ssp370","GFDL-ESM4","2075",0.33,0,0,45,108.37,4.8096,0.2,0,0.25,0,0.21,0,0,0,0,0.1,0,0,0,0,0.25,14.1177,9.2629,17.0988,16.2429,4840
"p330","ssp370","GFDL-ESM4","2075",0.29,0.2,0,65,93.39,4.5554,0.1,0,0.3,0,0.05,0,0,0,0,0,0,0,0,0.15,0.3,16.6679,8.2886,11.8168,16.5444,4841
"p330","ssp370","GFDL-ESM4","2075",0.16,0,0,42,95.36,4.7166,0.2,0,0.4,0,0,0,0,0,0,0,0,0.05,0,0,0.2,15.2019,8.0827,14.1933,15.3238,4842
"p330","ssp370","GFDL-ESM4","2075",0.16,0.15,0,37,108.44,4.3966,0.1833,0,0.7,0,0,0,0,0,0,0,0,0,0,0,0.25,14.6535,7.3322,11.8395,15.4518,4843
"p330","ssp370","GFDL-ESM4","2075",0.29,0.35,0,64,103.19,4.8161,0.1167,0,0.2,0,0.07,0,0,0,0,0.35,0,0,0,0,0.05,17.0582,8.7735,12.6938,13.4853,4844
"p330","ssp370","GFDL-ESM4","2075",0.15,0.5,0,36,110.38,4.5687,0.0833,0,1,0,0.06,0,0,0,0,0.2,0,0,0,0.15,0.2,13.5187,4.8118,13.7923,13.4006,4845
"p330","ssp370","GFDL-ESM4","2075",0.23,0.35,0,46,106.28,4.905,0.2333,0,0,0,0.05,0,0,0,0,0,0,0,0,0,0.2,15.3219,9.0308,11.0232,14.6173,4846
"p330","ssp370","GFDL-ESM4","2075",0.4,0.15,0,59,101.13,4.8189,0.25,0,0.2,0,0.06,0,0,0,0,0.15,0,0,0,0,0.1,15.6336,10.4409,13.6198,14.9998,4847
"p330","ssp370","GFDL-ESM4","2075",0.19,0.15,0,47,108.42,4.9621,0.1667,0,0,0,0.05,0,0,0,0,0,0,0,0.05,0,0.55,15.212,9.0671,12.729,16.6,4848
"p330","ssp370","GFDL-ESM4","2075",0.15,0,0,45,113.69,4.8294,0.1333,0,0.1,0,0.17,0,0,0,0,0.1,0,0,0,0,0.15,15.4646,9.3833,14.4928,15.1118,4849
"p330","ssp370","GFDL-ESM4","2075",0.11,0,0,44,102.05,4.6019,0.1667,0,1,0,0.17,0,0,0,0,0,0,0,0.05,0,0.45,15.1427,3.1663,13.0275,18.375,4850
"p330","ssp370","GFDL-ESM4","2075",0.43,0,0,47,104.68,4.4269,0.0833,0,0.85,0,0.1,0.05,0,0,0,0.1,0,0.05,0,0.15,0.35,14.6096,5.2546,15.4783,16.6967,4851
"p330","ssp370","GFDL-ESM4","2075",0.12,0,0,37,102.97,4.4593,0.0833,0,0.8,0,0.05,0,0,0,0,0.25,0,0,0,0,0.05,14.0396,6.0777,13.7815,13.4839,4852
"p330","ssp370","GFDL-ESM4","2075",0.11,0,0,56,108.34,4.0446,0.2333,0,0.95,0,0.17,0,0,0,0,0.35,0,0,0,0.15,0.25,15.7092,5.8253,16.4805,16.2479,4853
"p330","ssp370","GFDL-ESM4","2075",0.29,0.15,0,34,107.91,4.2962,0.0167,0,1,0,0.06,0,0,0,0,0,0,0,0,0,0.2,14.2692,4.109,12.1253,16.7865,4854
"p330","ssp370","GFDL-ESM4","2075",0.39,0.1,0,53,105.76,4.5966,0.1333,0,0.5,0,0.1,0,0,0,0,0,0,0,0,0.15,0.4,15.9655,9.7173,15.0487,15.1047,4855
"p330","ssp370","GFDL-ESM4","2075",0.23,0,0,54,101.87,4.7197,0.1667,0,0.15,0,0.07,0,0,0,0,0,0,0.2,0.05,0,0.2,16.0567,8.2872,13.2907,17.6021,4856
"p330","ssp370","GFDL-ESM4","2075",0.07,0,0,40,103.98,4.667,0.2167,0,0,0,0.06,0,0,0,0,0,0,0,0,0,0.4,15.183,11.5496,10.9297,15.5393,4857
"p330","ssp370","GFDL-ESM4","2075",0.33,0,0,26,110.73,4.8926,0.1333,0,0.4,0,0.07,0,0,0.3,0,0,0,0,0.05,0.15,0.55,13.3642,8.5506,18.4718,15.7356,4858
"p330","ssp370","GFDL-ESM4","2075",0.12,0.25,0.1,46,105.25,4.5184,0.0667,0,0.3,0,0.08,0,0,0,0,0,0,0,0,0,0.4,15.6187,7.1697,13.4527,16.7502,4859
"p330","ssp370","GFDL-ESM4","2075",0.37,0.35,0,56,110.46,4.5211,0.1,0,0.85,0,0.1,0,0,0,0,0.1,0,0,0,0.3,0.55,15.6187,6.0585,13.5857,17.0392,4860
"p330","ssp370","GFDL-ESM4","2075",0.37,0.25,0,54,95.66,5.0729,0.1167,0,0.3,0.05,0.14,0,0,0,0,0,0,0,0,0,0.15,16.3848,7.9111,13.0972,14.7403,4861
"p330","ssp370","GFDL-ESM4","2075",0.29,0.2,0,41,106.99,4.9707,0.25,0,0,0.05,0.09,0,0,0,0,0,0,0,0,0,0,14.3548,10.4337,13.676,12.413,4862
"p330","ssp370","GFDL-ESM4","2075",0.33,0,0,20,102.24,4.8027,0.0667,0,0.55,0,0.05,0,0,0,0,0.1,0,0,0,0.15,0.25,11.6921,7.1629,15.2102,16.5192,4863
"p330","ssp370","GFDL-ESM4","2075",0.36,0,0,27,106.06,4.8568,0.0833,0,0.05,0,0.06,0,0,0,0,0.1,0,0,0,0,0.25,12.8518,9.6615,13.4215,16.8235,4864
"p330","ssp370","GFDL-ESM4","2075",0.1,0,0,45,114.66,4.38,0.15,0,0.15,0,0,0,0,0,0,0,0,0.15,0,0.15,0.35,14.8366,8.4092,12.3948,20.3672,4865
"p330","ssp370","GFDL-ESM4","2075",0.15,0,0.15,40,112.41,4.8602,0.1,0,0.4,0,0,0,0,0,0,0.45,0,0,0,0,0.15,14.6469,7.5097,16.4537,18.1708,4866
"p330","ssp370","GFDL-ESM4","2075",0.35,0.15,0,47,102.16,4.3503,0.1,0,0,0,0.13,0,0,0,0,0,0,0,0.05,0.15,0.25,15.0377,8.2375,13.5838,16.8361,4867
"p330","ssp370","GFDL-ESM4","2075",0.14,0.2,0.15,51,104.65,4.7435,0.1,0,0.8,0,0,0,0,0,0,0,0,0,0.05,0,0.4,15.9859,7.334,11.3932,17.3558,4868
"p330","ssp370","GFDL-ESM4","2075",0.29,0.1,0,47,102.62,4.4497,0.1667,0,0.15,0,0.07,0.05,0,0,0,0,0,0,0.05,0,0.35,15.0919,9.6227,13.6993,18.1971,4869
"p330","ssp370","GFDL-ESM4","2075",0.45,0.15,0,62,102.4,4.6645,0.2167,0,0.45,0,0.14,0,0,0,0,0,0,0,0,0,0.15,16.9258,8.5832,14.231,15.8589,4870
"p330","ssp370","GFDL-ESM4","2075",0.21,0,0,45,95.36,4.5135,0.1833,0,0.7,0,0.1,0,0,0,0,0,0,0,0,0.3,0.4,14.6905,6.951,12.9028,14.9509,4871
"p330","ssp370","GFDL-ESM4","2075",0.23,0,0,51,114.44,4.2932,0.1667,0,0.15,0,0,0,0,0,0,0,0,0,0.05,0.15,0.45,15.2624,9.07,11.7783,17.1441,4872
"p330","ssp370","GFDL-ESM4","2075",0.16,0,0.15,53,112.3,4.7263,0.05,0,0.85,0,0.13,0,0,0,0,0.2,0,0.1,0,0.15,0.8,16.1192,6.1522,15.7127,18.3296,4873
"p330","ssp370","GFDL-ESM4","2075",0.33,0.8,0,53,108.4,4.5932,0.1833,0,0.25,0,0.12,0,0,0,0,0,0,0,0,0.15,0.2,16.6802,10.037,14.7075,17.7803,4874
"p330","ssp370","GFDL-ESM4","2075",0.3,0.15,0,43,103.05,4.506,0.2,0,0.1,0,0.12,0,0,0,0,0.15,0,0,0,0,0.25,15.3345,9.5079,14.7838,14.3209,4875
"p330","ssp370","GFDL-ESM4","2075",0.12,0,0,35,109.82,5.1089,0.15,0,0.1,0,0,0,0,0,0,0,0,0,0,0.15,0.15,14.7159,8.5083,15.1183,15.1192,4876
"p330","ssp370","GFDL-ESM4","2075",0.2,0,0,58,102.28,4.6134,0.1833,0,0.15,0,0.06,0,0,0,0,0.2,0,0,0.05,0,0.2,16.0118,8.445,13.948,15.0257,4877
"p330","ssp370","GFDL-ESM4","2075",0.43,0.2,0,50,102.27,4.554,0.15,0,0.35,0,0.1,0,0,0,0,0.15,0,0,0.05,0,0.5,15.8409,8.107,14.0303,16.6879,4878
"p330","ssp370","GFDL-ESM4","2075",0.38,0,0,34,98.77,4.3418,0.15,0,0.35,0,0,0,0,0,0,0.15,0,0,0,0,0.5,13.6717,8.2765,13.3408,17.4242,4879
"p330","ssp370","GFDL-ESM4","2075",0.24,0,0,43,87.79,4.6336,0.3,0,0,0,0.17,0,0,0,0,0,0,0,0,0.3,0.6,15.7884,11.1145,13.358,15.313,4880
"p330","ssp370","GFDL-ESM4","2075",0.22,0.1,0,61,106.84,4.3533,0.2,0,0.05,0,0.05,0,0,0,0,0,0,0,0,0,0.4,16.5534,11.0346,14.006,14.8293,4881
"p330","ssp370","GFDL-ESM4","2075",0.3,0.3,0,53,97.87,4.6863,0.1167,0,0.9,0,0,0,0,0,0,0.15,0,0.1,0,0,0.25,16.9236,5.8748,12.4238,17.8388,4882
"p330","ssp370","GFDL-ESM4","2075",0.25,0,0,44,111.54,4.7657,0.2,0,0.35,0,0.05,0,0,0,0,0.1,0,0.2,0.05,0.15,0.15,14.9168,7.3002,12.8248,16.4036,4883
"p330","ssp370","GFDL-ESM4","2075",0.29,0.2,0,22,100.27,4.9247,0.2333,0,0.25,0,0.05,0,0,0,0,0,0,0,0,0.3,0.35,13.473,8.6375,11.2268,18.1458,4884
"p330","ssp370","GFDL-ESM4","2075",0.24,0.75,0,50,105.46,4.6523,0.1333,0,0.4,0,0.06,0,0,0.1,0,0,0,0,0,0,0.05,16.125,7.0244,15.4398,15.7175,4885
"p330","ssp370","GFDL-ESM4","2075",0.23,0.15,0,48,100.04,4.5001,0.15,0,0.75,0,0.14,0,0,0,0,0.1,0,0.05,0.05,0,0.1,15.9588,7.3127,14.3215,16.2523,4886
"p330","ssp370","GFDL-ESM4","2075",0.41,0,0,44,108.3,4.8974,0.1833,0,0.45,0,0.09,0,0,0,0,0.15,0,0,0,0.15,0.65,15.1492,7.3848,14.714,16.9068,4887
"p330","ssp370","GFDL-ESM4","2075",0.33,0.4,0,50,110.64,4.6397,0.1667,0,0.1,0,0.1,0,0,0,0,0.1,0,0,0,0,0.25,16.5969,9.3042,14.2285,16.2558,4888
"p330","ssp370","GFDL-ESM4","2075",0.32,0,0,40,108.53,5.074,0.2333,0,0.25,0,0.11,0,0,0,0,0,0,0,0,0,0.25,14.8367,8.7004,13.1323,15.0207,4889
"p330","ssp370","GFDL-ESM4","2075",0.21,0,0,29,105.74,4.5826,0.05,0,0.95,0,0.06,0,0,0,0,0,0,0,0,0,0.15,13.5871,5.2958,13.4183,14.7635,4890
"p330","ssp370","GFDL-ESM4","2075",0.22,0,0,51,109.19,4.7013,0.0833,0,0.5,0,0.06,0,0,0,0,0,0,0,0,0,0.25,15.7149,7.5123,14.332,13.3194,4891
"p330","ssp370","GFDL-ESM4","2075",0.16,0,0,28,99.9,4.5174,0.1333,0,0.55,0,0.16,0,0,0,0,0,0,0,0,0,0.45,13.4731,7.6092,13.4528,16.5602,4892
"p330","ssp370","GFDL-ESM4","2075",0.11,0.15,0,37,103.64,5.063,0.4333,0,0.3,0,0.1,0,0,0,0,0,0,0,0,0.3,0.2,13.8332,10.7443,12.4705,14.6466,4893
"p330","ssp370","GFDL-ESM4","2075",0.27,0.25,0,53,105.86,4.5295,0.15,0,0.05,0,0.09,0,0,0,0,0,0,0,0,0,0.1,16.1215,8.2238,12.5033,14.255,4894
"p330","ssp370","GFDL-ESM4","2075",0,0.1,0,47,106.84,4.6988,0.2333,0,0.65,0,0.13,0,0,0,0,0,0,0,0,0.6,0.3,15.3653,9.6704,15.3838,16.5233,4895
"p330","ssp370","GFDL-ESM4","2075",0.32,0.15,0,59,111.69,4.6377,0.1167,0,1,0,0.11,0,0,0,0,0,0,0,0,0,0.25,16.9142,5.9832,16.2882,17.2752,4896
"p330","ssp370","GFDL-ESM4","2075",0.05,0,0,62,111.13,4.639,0.2167,0,0.6,0,0.08,0,0,0,0,0.2,0,0,0,0,0.1,15.9807,6.8112,16.8862,14.8303,4897
"p330","ssp370","GFDL-ESM4","2075",0.2,0,0,44,108.24,4.6693,0.2833,0,0.05,0,0.15,0,0,0,0,0,0,0,0,0,0,14.6228,9.6286,14.5727,12.9073,4898
"p330","ssp370","GFDL-ESM4","2075",0.27,0,0,62,92.92,4.3849,0.1,0,0.55,0,0,0,0,0,0,0,0,0,0,0,0.15,16.4179,8.9155,11.0747,16.4511,4899
"p330","ssp370","GFDL-ESM4","2075",0.3,0.25,0,68,107.19,4.641,0.05,0,0.2,0,0.1,0,0,0,0,0,0,0,0,0.15,0.4,17.181,7.8393,13.3217,13.2192,4900
"p330","ssp370","INM-CM4-8","2075",0.16,0.2,0.15,48,102.34,4.7036,0.0833,0,0.55,0,0,0,0,0,0,0,0,0,0,0,0.25,15.7253,6.7194,10.6798,15.144,4901
"p330","ssp370","INM-CM4-8","2075",0.05,0.35,0,53,105.28,4.9654,0.05,0,0.05,0,0.08,0,0,0,0,0,0,0,0,0,0.2,15.5695,7.7669,12.3598,16.4288,4902
"p330","ssp370","INM-CM4-8","2075",0.15,0,0,45,107.89,4.7685,0.1167,0,0.7,0,0.24,0,0,0,0,0,0,0,0,0,0.25,15.1866,6.7821,15.1502,16.1453,4903
"p330","ssp370","INM-CM4-8","2075",0.31,0,0,51,105.29,4.7231,0.1833,0,0.1,0,0.08,0,0,0,0,0.2,0,0,0,0,0.2,14.1296,8.6152,10.3847,15.5209,4904
"p330","ssp370","INM-CM4-8","2075",0.18,0,0,56,106.92,4.8751,0.0667,0,0.25,0.05,0.05,0,0,0,0,0.1,0,0,0,0,0.25,15.7534,7.4197,13.7848,15.0472,4905
"p330","ssp370","INM-CM4-8","2075",0.28,0.1,0.1,49,112.22,4.9658,0.0833,0,0.6,0.1,0,0,0,0,0,0,0,0,0,0,0.3,14.6894,7.1188,8.5607,14.953,4906
"p330","ssp370","INM-CM4-8","2075",0.22,0.2,0,50,101.41,4.7677,0.0333,0,0.65,0,0.12,0,0,0,0,0,0,0,0,0,0.05,15.5874,6.5611,10.3698,13.1808,4907
"p330","ssp370","INM-CM4-8","2075",0.34,0.5,0,35,108.11,4.9146,0.0667,0,0.45,0,0.06,0,0,0,0,0,0,0.05,0.05,0,0.55,14.3282,7.4822,11.5262,19.4477,4908
"p330","ssp370","INM-CM4-8","2075",0.41,0,0,60,96.11,4.2254,0.05,0,0.85,0,0.1,0,0,0,0,0,0,0,0,0,0.1,16.8643,5.061,13.7762,15.3297,4909
"p330","ssp370","INM-CM4-8","2075",0.3,0.45,0,57,102.94,5.0205,0.1667,0,0.95,0,0.16,0,0,0,0,0,0,0,0,0,0.1,16.2434,6.0538,13.399,15.4,4910
"p330","ssp370","INM-CM4-8","2075",0.13,0.2,0.15,61,98.77,4.7862,0.0833,0,0.25,0,0.14,0,0,0,0,0,0,0,0,0,0.15,16.9499,8.4977,14.3777,15.8359,4911
"p330","ssp370","INM-CM4-8","2075",0.24,0,0,27,102.91,4.756,0.0333,0,0.65,0,0,0,0,0,0,0,0,0,0,0,0.1,13.0747,7.1235,11.8193,17.2677,4912
"p330","ssp370","INM-CM4-8","2075",0.24,0.4,0,54,101.78,4.9083,0.25,0,0.2,0,0.1,0,0,0,0,0,0,0,0,0,0.15,16.4197,9.4473,14.6023,14.4956,4913
"p330","ssp370","INM-CM4-8","2075",0.26,0,0,45,102.5,5.1324,0.2167,0,0.2,0,0.12,0,0,0,0,0.15,0,0,0,0,0.15,14.4496,9.3954,13.821,15.5627,4914
"p330","ssp370","INM-CM4-8","2075",0.1,0.25,0,52,106.67,4.8187,0.1,0,0.2,0,0,0,0,0,0,0.15,0,0.05,0,0,0.3,15.0699,7.5085,13.3075,18.7065,4915
"p330","ssp370","INM-CM4-8","2075",0.17,0,0.1,46,109.03,4.7622,0.0667,0,0.25,0,0.12,0,0,0,0,0.35,0,0,0,0,0.7,14.7187,7.1658,14.8342,16.6895,4916
"p330","ssp370","INM-CM4-8","2075",0.13,0.1,0,49,102.99,4.7241,0.1,0,0.2,0,0.11,0,0,0,0,0,0,0,0,0,0.3,14.8004,8.6518,15.0918,15.6791,4917
"p330","ssp370","INM-CM4-8","2075",0.18,0.1,0,43,91.25,4.5695,0.0167,0,1,0,0,0,0,0,0,0,0,0,0,0,0.1,13.9312,4.5147,9.0435,14.4448,4918
"p330","ssp370","INM-CM4-8","2075",0.32,0.4,0,49,102.19,4.4695,0.05,0,0.95,0.05,0.07,0,0,0,0,0,0,0,0,0,0.2,15.057,5.6717,10.2567,15.2241,4919
"p330","ssp370","INM-CM4-8","2075",0.17,0.25,0,55,101.1,5.2196,0.0333,0,1,0,0,0,0,0,0,0,0,0,0,0,0.65,16.3112,5.807,12.6647,18.032,4920
"p330","ssp370","INM-CM4-8","2075",0.2,0.15,0,57,98.09,4.3865,0.0833,0,0.35,0,0.07,0,0,0,0,0.2,0,0,0,0,0.75,16.1716,6.8049,12.9778,17.06,4921
"p330","ssp370","INM-CM4-8","2075",0.16,0,0,35,96.29,4.6305,0.1,0,0.1,0,0.06,0,0,0,0,0,0,0,0,0,0.45,13.4097,8.5701,15.6782,18.2886,4922
"p330","ssp370","INM-CM4-8","2075",0.16,0.35,0,41,109.41,4.6626,0.1333,0,0.4,0.05,0.06,0,0,0,0,0,0,0,0,0,0.1,14.5942,8.6223,9.7943,13.6459,4923
"p330","ssp370","INM-CM4-8","2075",0.43,0,0,49,101.8,4.2545,0,0,0.8,0,0,0,0,0,0,0,0,0,0,0.15,0.15,14.5913,6.1923,12.1517,17.6697,4924
"p330","ssp370","INM-CM4-8","2075",0.16,0,0,37,106.5,4.9155,0.0667,0,0.55,0.05,0,0,0,0,0,0,0,0,0,0,0.15,15.2319,6.7438,10.3083,14.7484,4925
"p330","ssp370","INM-CM4-8","2075",0.28,0.3,0,51,107.05,4.687,0.0833,0,0.3,0,0.06,0,0,0,0,0,0,0,0,0,0.25,16.8519,6.4778,14.1037,15.892,4926
"p330","ssp370","INM-CM4-8","2075",0.32,0,0,44,92.19,4.827,0.0667,0,0.8,0,0.11,0,0,0,0,0,0,0.05,0,0,0.45,13.8569,5.9302,14.737,17.8161,4927
"p330","ssp370","INM-CM4-8","2075",0,0,0,47,108.22,4.7777,0.05,0,0,0,0.05,0,0,0,0,0.15,0,0,0,0,0.15,14.1637,8.7753,10.5533,15.753,4928
"p330","ssp370","INM-CM4-8","2075",0.22,0.35,0,43,104.14,4.864,0.05,0,0.55,0,0,0,0,0,0,0,0,0,0,0,0.05,15.5318,6.6428,11.9142,14.1535,4929
"p330","ssp370","INM-CM4-8","2075",0.32,0,0,37,106.29,4.7932,0.05,0,1,0,0.12,0,0,0,0,0,0,0,0,0,0.2,14.0241,3.2811,13.152,16.6785,4930
"p330","ssp370","INM-CM4-8","2075",0.15,0,0.1,49,108.93,4.8065,0.0667,0,0.75,0,0,0,0,0,0,0,0,0,0,0,0.1,15.0092,4.6602,13.6372,12.8094,4931
"p330","ssp370","INM-CM4-8","2075",0.42,0,0,55,95.52,4.9042,0.05,0,0.15,0,0.11,0,0,0,0,0,0,0,0,0,0.25,16.1836,6.9168,8.8603,14.8395,4932
"p330","ssp370","INM-CM4-8","2075",0.32,0.2,0,54,104.64,5.0414,0.0667,0,0.55,0,0,0,0,0,0,0.15,0,0,0,0,0.45,15.2982,7.7402,15.6582,15.9106,4933
"p330","ssp370","INM-CM4-8","2075",0.22,0,0,49,93.29,4.7991,0.1167,0,0.5,0,0.12,0,0,0,0,0.2,0,0,0.05,0.15,0.45,14.554,9.0861,13.4733,16.9162,4934
"p330","ssp370","INM-CM4-8","2075",0.44,0.15,0,53,100.47,4.9842,0.0833,0,0.45,0.05,0.06,0,0,0,0,0,0,0,0,0,0.6,15.2771,6.9222,9.8658,15.8945,4935
"p330","ssp370","INM-CM4-8","2075",0.37,0.65,0,51,109.31,5.0403,0.0833,0,0.5,0,0.12,0,0,0,0,0,0,0,0,0,0,15.7866,6.7851,12.2265,11.5614,4936
"p330","ssp370","INM-CM4-8","2075",0.25,0.45,0,47,91.96,4.623,0.15,0,0.55,0,0.07,0,0,0,0,0.35,0,0,0.05,0,0.2,14.7013,7.7872,14.2757,15.7421,4937
"p330","ssp370","INM-CM4-8","2075",0.15,0.15,0,36,99.69,4.0748,0.0167,0,0.95,0,0.06,0,0,0,0,0.1,0,0,0,0,0.25,14.2723,4.4641,12.7318,17.4474,4938
"p330","ssp370","INM-CM4-8","2075",0.28,0.5,0,50,94.91,4.5113,0.0167,0,1,0,0.05,0,0,0,0,0,0,0,0,0,0.5,15.1634,2.1708,15.4733,17.5762,4939
"p330","ssp370","INM-CM4-8","2075",0.33,0,0,49,106.25,4.9221,0.05,0,0.4,0,0.21,0,0,0,0,0.1,0,0,0,0,0.25,13.8549,7.9747,15.6957,16.3459,4940
"p330","ssp370","INM-CM4-8","2075",0.29,0.3,0,59,85.35,4.6725,0.0833,0,0.65,0,0.05,0,0,0,0,0,0,0,0,0.15,0.3,16.3909,6.9869,10.4407,16.6746,4941
"p330","ssp370","INM-CM4-8","2075",0.16,0,0,43,96.11,4.8197,0.1333,0,0.55,0,0,0,0,0,0,0,0,0.1,0,0,0.15,14.9297,6.7846,12.807,15.4458,4942
"p330","ssp370","INM-CM4-8","2075",0.16,0.15,0,35,105.59,4.4995,0.0833,0,0.85,0,0,0,0,0,0,0,0,0,0,0,0.15,14.3853,6.0387,10.444,15.568,4943
"p330","ssp370","INM-CM4-8","2075",0.29,0.45,0,61,101.45,4.9656,0.0667,0,0.3,0,0.07,0,0,0,0,0.2,0,0,0,0,0.05,16.7944,7.4836,11.2918,13.5902,4944
"p330","ssp370","INM-CM4-8","2075",0.15,0.5,0,39,107.69,4.7048,0.0167,0,1,0,0.06,0,0,0,0,0.2,0,0,0,0,0.2,13.2406,3.5102,12.418,13.5319,4945
"p330","ssp370","INM-CM4-8","2075",0.23,0.35,0,47,103.24,5.0213,0.1,0,0.1,0,0.05,0,0,0,0,0,0,0,0,0,0.2,15.0484,7.7328,9.639,14.7409,4946
"p330","ssp370","INM-CM4-8","2075",0.4,0.15,0,58,95.01,4.9467,0.2,0,0.4,0,0.06,0,0,0,0,0.15,0,0,0,0,0.15,15.3646,9.1466,12.2258,15.1176,4947
"p330","ssp370","INM-CM4-8","2075",0.19,0.15,0,46,107.8,5.089,0.0833,0,0,0,0.05,0,0,0,0,0,0,0.05,0.05,0,0.55,14.9472,7.7769,11.328,16.7047,4948
"p330","ssp370","INM-CM4-8","2075",0.15,0,0,41,110.43,4.9676,0.0667,0,0.2,0,0.17,0,0,0,0,0.1,0,0,0,0,0.2,15.1854,8.0809,13.1205,15.244,4949
"p330","ssp370","INM-CM4-8","2075",0.11,0,0,41,96.81,4.7382,0.0833,0,1,0,0.17,0,0,0,0,0,0,0,0.05,0,0.35,14.8683,1.8677,11.6448,18.498,4950
"p330","ssp370","INM-CM4-8","2075",0.43,0,0,43,100.6,4.5593,0,0,1,0,0.1,0,0,0,0,0.1,0,0.05,0,0,0.2,14.3401,3.9597,14.0857,16.8144,4951
"p330","ssp370","INM-CM4-8","2075",0.12,0,0,41,97.57,4.5426,0.0167,0,0.95,0,0.05,0,0,0,0,0,0,0,0,0,0.05,13.7741,4.7871,12.3832,13.5895,4952
"p330","ssp370","INM-CM4-8","2075",0.11,0,0,48,103.02,4.177,0.1167,0,1,0,0.17,0,0,0,0,0.35,0,0,0,0,0.15,15.4297,4.5219,15.1103,16.3812,4953
"p330","ssp370","INM-CM4-8","2075",0.29,0.2,0,40,103.09,4.4323,0,0,1,0,0.06,0,0,0,0,0,0,0,0,0,0.2,13.9938,2.8095,10.7452,16.9103,4954
"p330","ssp370","INM-CM4-8","2075",0.39,0.3,0,50,102.46,4.721,0.05,0,0.7,0,0.1,0,0,0,0,0,0,0,0,0.15,0.35,15.6944,8.4214,13.659,15.225,4955
"p330","ssp370","INM-CM4-8","2075",0.23,0,0,56,98.84,4.8726,0.1167,0,0.4,0,0.07,0,0,0,0,0,0,0.2,0.05,0,0.15,15.7904,6.9949,11.8943,17.7098,4956
"p330","ssp370","INM-CM4-8","2075",0.12,0,0,44,100.85,4.7684,0.1167,0,0,0,0.06,0,0,0,0,0,0,0,0,0,0.45,14.902,10.2458,9.561,15.674,4957
"p330","ssp370","INM-CM4-8","2075",0.33,0,0,33,111.25,5.0195,0.0833,0,0.55,0,0.07,0,0,0,0,0,0,0,0.05,0,0.55,13.0884,7.2496,17.0925,15.8624,4958
"p330","ssp370","INM-CM4-8","2075",0.17,0.3,0.15,46,102.89,4.6745,0.0667,0,0.4,0,0.08,0,0,0,0,0,0,0,0,0,0.45,15.3473,5.8728,12.0645,16.8714,4959
"p330","ssp370","INM-CM4-8","2075",0.37,0.4,0,54,107.12,4.6911,0.0833,0,1,0,0.1,0,0,0,0,0,0,0,0,0,0.55,15.3516,4.7662,12.1918,17.1465,4960
"p330","ssp370","INM-CM4-8","2075",0.37,0.25,0,52,92.38,5.1837,0.0667,0,0.5,0.05,0.14,0,0,0,0,0,0,0,0,0,0.2,16.1032,6.6064,11.7308,14.8756,4961
"p330","ssp370","INM-CM4-8","2075",0.29,0.3,0,43,107.7,5.0386,0.1667,0,0.05,0.15,0.09,0,0,0,0,0,0,0,0,0,0,14.0785,9.1328,12.3,12.5395,4962
"p330","ssp370","INM-CM4-8","2075",0.33,0,0,23,97.9,4.9183,0.05,0,0.8,0,0.05,0,0,0,0,0.1,0,0,0,0,0.25,11.4192,5.8657,13.8232,16.6403,4963
"p330","ssp370","INM-CM4-8","2075",0.36,0,0,32,104.95,4.9605,0.0667,0,0.1,0,0.06,0,0,0,0,0,0,0,0,0,0.2,12.5835,8.3677,12.0292,16.9323,4964
"p330","ssp370","INM-CM4-8","2075",0.1,0,0,42,112.08,4.5119,0.0833,0,0.25,0,0,0,0,0,0,0,0,0.15,0,0,0.3,14.5547,7.1041,11.0295,20.5025,4965
"p330","ssp370","INM-CM4-8","2075",0.15,0,0.15,41,109.18,5.0012,0.0667,0,0.65,0,0,0,0,0,0,0.35,0,0,0,0,0.15,14.3686,6.2079,15.0782,18.2985,4966
"p330","ssp370","INM-CM4-8","2075",0.38,0.15,0,43,99.94,4.4853,0.05,0,0.15,0,0.13,0,0,0,0,0,0,0,0,0,0.15,14.7644,6.9394,12.199,16.9582,4967
"p330","ssp370","INM-CM4-8","2075",0.14,0.15,0.1,42,102.52,4.9019,0.0833,0,0.95,0,0,0,0,0,0,0,0,0.05,0,0,0.35,15.717,6.0401,10.0022,17.4662,4968
"p330","ssp370","INM-CM4-8","2075",0.29,0.35,0,42,102.83,4.6041,0.05,0,0.25,0.05,0.07,0.05,0,0,0,0,0,0,0,0,0.35,14.8084,8.3167,12.3373,18.3328,4969
"p330","ssp370","INM-CM4-8","2075",0.45,0.15,0,58,101.58,4.7532,0.15,0,0.7,0,0.14,0,0,0,0,0,0,0,0,0,0.05,16.6467,7.2809,12.859,15.988,4970
"p330","ssp370","INM-CM4-8","2075",0.21,0,0.1,48,92.13,4.622,0.1167,0,1,0,0.1,0,0,0,0,0,0,0,0,0,0.4,14.4159,5.6516,11.521,15.0755,4971
"p330","ssp370","INM-CM4-8","2075",0.23,0,0,55,110.77,4.3738,0.0833,0,0.15,0,0,0,0,0,0,0,0,0.05,0.05,0,0.35,14.9927,7.7752,10.39,17.2561,4972
"p330","ssp370","INM-CM4-8","2075",0.17,0,0.15,45,107.8,4.8963,0.0167,0,0.95,0,0.13,0,0,0,0,0.2,0,0.1,0,0.15,0.7,15.8353,4.8458,14.3523,18.4685,4973
"p330","ssp370","INM-CM4-8","2075",0.33,0.8,0,50,106.63,4.703,0.1333,0,0.25,0,0.12,0,0,0,0,0,0,0,0,0,0.15,16.4004,8.7339,13.3372,17.9112,4974
"p330","ssp370","INM-CM4-8","2075",0.3,0.15,0,42,99.68,4.6443,0.1,0,0.2,0,0.12,0,0,0,0,0.15,0,0,0,0,0.1,15.0597,8.2079,13.4035,14.4455,4975
"p330","ssp370","INM-CM4-8","2075",0.17,0,0,32,108.5,5.2212,0.1,0,0.2,0,0,0,0,0,0,0,0,0,0,0,0.15,14.4452,7.213,13.7315,15.2318,4976
"p330","ssp370","INM-CM4-8","2075",0.2,0,0,49,97.29,4.7516,0.1167,0,0.4,0,0.06,0,0,0,0,0,0,0,0.05,0,0.15,15.727,7.1374,12.59,15.1644,4977
"p330","ssp370","INM-CM4-8","2075",0.43,0.2,0,48,98.04,4.6833,0,0,0.4,0,0.1,0,0,0,0,0.15,0,0,0.05,0,0.45,15.5602,6.803,12.6613,16.8195,4978
"p330","ssp370","INM-CM4-8","2075",0.43,0,0,35,94.18,4.4009,0.05,0,0.5,0,0,0,0,0,0,0.15,0,0,0,0,0.45,13.3952,6.9766,11.9623,17.5509,4979
"p330","ssp370","INM-CM4-8","2075",0.24,0.15,0,46,85.82,4.7722,0.15,0,0.05,0,0.17,0,0,0,0,0,0,0,0,0,0.6,15.5168,9.8177,11.9695,15.4342,4980
"p330","ssp370","INM-CM4-8","2075",0.24,0.25,0,54,105.56,4.504,0.1167,0,0.1,0,0.05,0,0,0,0,0,0,0,0,0,0.4,16.2654,9.7253,12.6455,14.9718,4981
"p330","ssp370","INM-CM4-8","2075",0.3,0.3,0,46,95.7,4.8366,0.0667,0,1,0,0,0,0,0,0,0.15,0,0.1,0,0,0.2,16.6404,4.569,11.0543,17.9774,4982
"p330","ssp370","INM-CM4-8","2075",0.25,0,0,36,109.35,4.9133,0.0667,0,0.6,0.05,0.05,0,0,0,0,0.1,0,0.2,0.05,0,0.15,14.638,5.9984,11.4443,16.5364,4983
"p330","ssp370","INM-CM4-8","2075",0.29,0.2,0,24,98.01,5.0762,0.1167,0,0.45,0,0.05,0,0,0,0,0,0,0,0,0.15,0.4,13.1986,7.3392,9.8408,18.2671,4984
"p330","ssp370","INM-CM4-8","2075",0.24,0.75,0,48,104.19,4.7762,0.0833,0,0.55,0,0.06,0,0,0,0,0,0,0,0,0,0.05,15.8365,5.7151,14.0815,15.8609,4985
"p330","ssp370","INM-CM4-8","2075",0.28,0.15,0,50,96.65,4.656,0.0667,0,0.8,0,0.14,0,0,0,0,0,0,0.05,0.05,0,0.05,15.6746,6.0066,12.9535,16.3929,4986
"p330","ssp370","INM-CM4-8","2075",0.41,0,0,42,105.31,5.0448,0.1,0,0.7,0,0.09,0,0,0,0,0.1,0,0,0.05,0,0.7,14.8697,6.0833,13.3362,17.0412,4987
"p330","ssp370","INM-CM4-8","2075",0.35,0.4,0,49,108.69,4.7619,0.1,0,0.2,0,0.1,0,0,0,0,0,0,0,0,0,0.25,16.3214,8.0063,12.8442,16.378,4988
"p330","ssp370","INM-CM4-8","2075",0.32,0,0,41,105.63,5.2132,0.1333,0,0.25,0,0.1,0,0,0,0,0,0,0,0,0,0.25,14.547,7.3898,11.776,15.1643,4989
"p330","ssp370","INM-CM4-8","2075",0.21,0,0,34,101.03,4.7536,0,0,1,0,0.06,0,0,0,0,0,0,0,0,0,0.15,13.3021,3.9891,12.0528,14.9055,4990
"p330","ssp370","INM-CM4-8","2075",0.22,0,0,51,105.09,4.8293,0.0333,0,0.75,0,0.06,0,0,0,0,0,0,0,0,0,0.25,15.434,6.2098,12.956,13.4561,4991
"p330","ssp370","INM-CM4-8","2075",0.16,0,0,27,96.46,4.67,0.0667,0,0.75,0,0.15,0,0,0,0,0,0,0,0,0,0.3,13.1968,6.3103,12.069,16.6836,4992
"p330","ssp370","INM-CM4-8","2075",0.11,0.15,0,38,98.53,5.1834,0.2333,0,0.35,0,0.1,0,0,0,0,0,0,0,0,0,0.15,13.543,9.4337,11.1172,14.7916,4993
"p330","ssp370","INM-CM4-8","2075",0.27,0.3,0,52,102.24,4.6559,0.05,0,0.1,0,0.09,0,0,0,0,0,0,0,0,0,0.1,15.8356,6.9163,11.1388,14.3982,4994
"p330","ssp370","INM-CM4-8","2075",0,0.1,0.1,41,103.92,4.8462,0.15,0,0.65,0,0.13,0,0,0,0,0,0,0,0,0.3,0.3,15.0839,8.3662,14.01,16.6606,4995
"p330","ssp370","INM-CM4-8","2075",0.32,0.2,0,57,109.32,4.7891,0.0333,0,1,0,0.11,0,0,0,0,0,0,0,0,0,0.2,16.6369,4.6838,14.9082,17.3998,4996
"p330","ssp370","INM-CM4-8","2075",0.13,0,0,62,107.73,4.7938,0.1,0,0.85,0,0.08,0,0,0,0,0.1,0,0,0,0,0.1,15.6893,5.4992,15.534,14.9759,4997
"p330","ssp370","INM-CM4-8","2075",0.2,0.15,0,43,107.59,4.8223,0.15,0,0.1,0,0.15,0,0,0,0,0,0,0,0,0,0,14.3353,8.3207,13.2097,13.0505,4998
"p330","ssp370","INM-CM4-8","2075",0.27,0,0,57,90.01,4.5007,0.0667,0,0.65,0,0,0,0,0,0,0,0,0,0,0,0.2,16.1355,7.611,9.7023,16.5895,4999
"p330","ssp370","INM-CM4-8","2075",0.3,0.3,0,63,103.44,4.7925,0,0,0.5,0,0.05,0,0,0,0,0,0,0,0,0,0.4,16.9031,6.5389,11.9428,13.3453,5000
"p330","ssp370","INM-CM5-0","2075",0.16,0.2,0.15,51,105.68,4.3156,0.1167,0,0.5,0,0,0,0,0,0,0,0,0,0,0,0.25,16.2165,7.3107,10.8058,14.98,5001
"p330","ssp370","INM-CM5-0","2075",0.05,0.35,0,56,104.77,4.5362,0.05,0,0.05,0,0.13,0,0,0,0,0,0,0,0,0,0.2,16.0625,8.3632,12.4877,16.2464,5002
"p330","ssp370","INM-CM5-0","2075",0.15,0.2,0,45,109.15,4.4507,0.15,0,0.65,0,0.26,0,0,0,0,0,0,0,0,0,0.2,15.681,7.3845,15.2792,15.9603,5003
"p330","ssp370","INM-CM5-0","2075",0.31,0,0,53,107.84,4.4142,0.2333,0,0.1,0,0.08,0,0,0,0,0.2,0,0,0,0,0.15,14.6254,9.2246,10.5107,15.3388,5004
"p330","ssp370","INM-CM5-0","2075",0.19,0,0,61,105.77,4.524,0.15,0,0.15,0.05,0.09,0,0,0,0,0,0,0,0,0,0.25,16.2441,8.01,13.9103,14.8834,5005
"p330","ssp370","INM-CM5-0","2075",0.28,0.1,0.1,50,110.94,4.584,0.0833,0,0.6,0.1,0,0,0,0,0,0,0,0,0,0,0.3,15.1823,7.7143,8.688,14.7718,5006
"p330","ssp370","INM-CM5-0","2075",0.17,0.3,0,48,106.83,4.4861,0.05,0,0.55,0,0.12,0,0,0,0,0,0,0,0,0,0.05,16.081,7.1621,10.4993,12.9964,5007
"p330","ssp370","INM-CM5-0","2075",0.34,0.5,0,36,109.16,4.5426,0.1167,0,0.45,0,0.06,0,0,0,0,0,0,0.05,0.05,0,0.5,14.8238,8.0906,11.6525,19.2665,5008
"p330","ssp370","INM-CM5-0","2075",0.41,0.1,0,68,102.59,3.9066,0.0667,0,0.65,0,0.1,0,0,0,0,0,0,0,0,0,0.1,17.3546,5.6504,13.9017,15.1674,5009
"p330","ssp370","INM-CM5-0","2075",0.3,0.55,0,57,106.58,4.728,0.2,0,0.7,0,0.16,0,0,0,0,0,0,0,0,0,0.1,16.7349,6.6482,13.5262,15.2192,5010
"p330","ssp370","INM-CM5-0","2075",0.13,0.2,0.15,66,102.82,4.3892,0.1,0,0.1,0,0.14,0,0,0,0,0,0,0,0,0,0.1,17.4435,9.0972,14.5058,15.6532,5011
"p330","ssp370","INM-CM5-0","2075",0.24,0,0.1,33,102.3,4.4048,0.05,0,0.6,0,0,0,0,0,0,0,0,0,0,0,0.1,13.5699,7.7308,11.9457,17.0867,5012
"p330","ssp370","INM-CM5-0","2075",0.24,0.65,0,55,100.8,4.4775,0.2833,0,0.2,0,0.1,0,0,0,0,0,0,0,0,0,0.15,16.91,10.0356,14.7267,14.3347,5013
"p330","ssp370","INM-CM5-0","2075",0.26,0,0,47,105.26,4.7596,0.2667,0,0.2,0,0.12,0,0,0,0,0.15,0,0,0,0.15,0.15,14.9414,9.9883,13.9475,15.3838,5014
"p330","ssp370","INM-CM5-0","2075",0.1,0.25,0,52,108.54,4.4472,0.1333,0,0.15,0,0.05,0,0,0,0,0.15,0,0.05,0,0,0.3,15.563,8.1078,13.4355,18.5226,5015
"p330","ssp370","INM-CM5-0","2075",0.17,0,0,45,109.18,4.3987,0.1,0,0.25,0,0.12,0,0,0,0,0.35,0,0,0,0.15,0.7,15.2136,7.7722,14.9598,16.5095,5016
"p330","ssp370","INM-CM5-0","2075",0.13,0.3,0,50,107.19,4.3173,0.15,0,0.2,0,0.11,0,0,0,0,0,0,0,0,0,0.35,15.2905,9.2391,15.2165,15.5174,5017
"p330","ssp370","INM-CM5-0","2075",0.18,0.35,0,45,97.23,4.2331,0.0333,0,0.9,0,0,0,0,0,0,0,0,0,0,0,0.1,14.423,5.1072,9.17,14.2647,5018
"p330","ssp370","INM-CM5-0","2075",0.32,0.4,0,49,107.76,4.23,0.0667,0,0.9,0.05,0.07,0,0,0,0,0,0,0,0,0,0.1,15.5501,6.269,10.3838,15.0415,5019
"p330","ssp370","INM-CM5-0","2075",0.17,0.4,0,57,100.39,4.7464,0.05,0,0.95,0,0,0,0,0,0,0,0,0,0,0,0.5,16.8061,6.4124,12.7907,17.852,5020
"p330","ssp370","INM-CM5-0","2075",0.2,0.15,0,59,102.83,4.0643,0.1,0,0.3,0,0.07,0,0,0,0,0.1,0,0,0,0,0.7,16.6613,7.3913,13.1017,16.9013,5021
"p330","ssp370","INM-CM5-0","2075",0.16,0,0,37,96.94,4.2942,0.1167,0,0.05,0,0.06,0,0,0,0,0,0,0,0,0,0.35,13.9012,9.162,15.8032,18.1108,5022
"p330","ssp370","INM-CM5-0","2075",0.16,0.35,0,42,111.24,4.3108,0.15,0,0.35,0.05,0.06,0,0,0,0,0,0,0,0,0,0.05,15.0873,9.2185,9.9215,13.4647,5023
"p330","ssp370","INM-CM5-0","2075",0.49,0,0,52,105.85,3.9365,0.05,0,0.55,0,0,0,0,0,0,0,0,0,0,0.15,0.15,15.0855,6.7962,12.2777,17.4908,5024
"p330","ssp370","INM-CM5-0","2075",0.16,0.15,0,39,110,4.5866,0.0833,0,0.55,0.05,0,0,0,0,0,0,0,0,0,0,0.15,15.7212,7.3286,10.4312,14.5882,5025
"p330","ssp370","INM-CM5-0","2075",0.28,0.45,0,49,107.65,4.3848,0.1167,0,0.15,0,0.06,0,0,0,0,0,0,0,0,0,0.2,17.3426,7.0676,14.2288,15.7142,5026
"p330","ssp370","INM-CM5-0","2075",0.32,0,0,47,96.91,4.4244,0.1,0,0.7,0,0.11,0,0,0,0,0,0,0.05,0,0,0.4,14.3495,6.5265,14.8637,17.6345,5027
"p330","ssp370","INM-CM5-0","2075",0,0,0,46,109.24,4.4013,0.0833,0,0,0,0.05,0,0,0,0,0.15,0,0,0,0,0.15,14.6578,9.3786,10.6775,15.5745,5028
"p330","ssp370","INM-CM5-0","2075",0.22,0.4,0,44,107.9,4.6001,0.1,0,0.5,0,0,0,0,0,0,0,0,0,0,0,0.1,16.021,7.226,12.0363,13.995,5029
"p330","ssp370","INM-CM5-0","2075",0.32,0,0,37,104.05,4.3317,0.05,0,1,0,0.12,0,0,0,0,0,0,0,0,0,0.3,14.5143,3.8699,13.277,16.5026,5030
"p330","ssp370","INM-CM5-0","2075",0.15,0,0.1,49,111.88,4.4556,0.1167,0,0.65,0,0,0,0,0,0,0,0,0,0,0.15,0.1,15.5019,5.2552,13.7638,12.6294,5031
"p330","ssp370","INM-CM5-0","2075",0.42,0,0,58,100.22,4.5549,0.0833,0,0.2,0,0.12,0,0,0,0,0,0,0,0,0,0.3,16.6776,7.5182,8.9843,14.6629,5032
"p330","ssp370","INM-CM5-0","2075",0.32,0.3,0,53,109.02,4.6859,0.15,0,0.35,0,0,0,0,0,0,0.15,0,0,0,0,0.2,15.7873,8.3228,15.7812,15.7525,5033
"p330","ssp370","INM-CM5-0","2075",0.22,0.1,0,46,93.82,4.4338,0.15,0,0.45,0,0.12,0,0,0,0,0,0,0,0.05,0.15,0.4,15.0443,9.6743,13.5977,16.7402,5034
"p330","ssp370","INM-CM5-0","2075",0.44,0.15,0,54,100.34,4.6112,0.1167,0,0.35,0.05,0.06,0,0,0,0,0,0,0,0,0,0.55,15.7691,7.5154,9.993,15.7145,5035
"p330","ssp370","INM-CM5-0","2075",0.32,0.65,0,52,112.8,4.63,0.1167,0,0.5,0,0.12,0,0,0,0,0,0,0,0,0,0,16.2806,7.386,12.3508,11.3848,5036
"p330","ssp370","INM-CM5-0","2075",0.25,0.65,0,49,96.07,4.255,0.2,0,0.3,0,0.07,0,0,0,0,0.3,0,0,0.05,0,0.3,15.1898,8.3688,14.3983,15.5851,5037
"p330","ssp370","INM-CM5-0","2075",0.15,0.3,0,37,107.55,3.7791,0.0333,0,0.8,0,0.06,0,0,0,0,0.1,0,0,0,0,0.25,14.7622,5.0515,12.8557,17.2714,5038
"p330","ssp370","INM-CM5-0","2075",0.28,0.5,0,49,101.15,4.2119,0.0167,0,1,0,0.05,0,0,0,0,0,0,0,0,0,0.45,15.6553,2.7632,15.5992,17.3976,5039
"p330","ssp370","INM-CM5-0","2075",0.33,0,0,48,108.9,4.6034,0.0667,0,0.4,0,0.21,0,0,0,0,0,0,0,0,0,0.2,14.3484,8.5739,15.82,16.1698,5040
"p330","ssp370","INM-CM5-0","2075",0.34,0.3,0,63,94.09,4.2877,0.1333,0,0.4,0,0.05,0,0,0,0,0,0,0,0,0,0.3,16.8795,7.5676,10.5625,16.5188,5041
"p330","ssp370","INM-CM5-0","2075",0.16,0.1,0,40,98.97,4.4964,0.1833,0,0.5,0,0,0,0,0,0,0,0,0.05,0,0,0.1,15.4193,7.3702,12.9308,15.2712,5042
"p330","ssp370","INM-CM5-0","2075",0.16,0.25,0,36,110.45,4.1805,0.1333,0,0.8,0,0,0,0,0,0,0,0,0,0,0,0.05,14.8768,6.6297,10.5692,15.3903,5043
"p330","ssp370","INM-CM5-0","2075",0.29,0.5,0,67,105.25,4.5665,0.15,0,0.25,0,0.07,0,0,0,0,0.3,0,0,0,0,0.05,17.2875,8.0832,11.4155,13.4142,5044
"p330","ssp370","INM-CM5-0","2075",0.15,0.5,0,39,112.61,4.3452,0.0167,0,1,0,0.06,0,0,0,0,0.2,0,0,0,0,0.2,13.729,4.0894,12.5395,13.3762,5045
"p330","ssp370","INM-CM5-0","2075",0.23,0.45,0,47,107.9,4.6642,0.15,0,0,0,0.05,0,0,0,0,0,0,0,0,0,0.2,15.5382,8.317,9.7633,14.5673,5046
"p330","ssp370","INM-CM5-0","2075",0.4,0.15,0,61,100.21,4.6447,0.2667,0,0.2,0,0.07,0,0,0,0,0.1,0,0,0,0,0.1,15.8556,9.7365,12.3512,14.9402,5047
"p330","ssp370","INM-CM5-0","2075",0.19,0.4,0,45,108.3,4.6696,0.0833,0,0,0,0.05,0,0,0,0,0,0,0.05,0.05,0,0.55,15.44,8.374,11.4515,16.5292,5048
"p330","ssp370","INM-CM5-0","2075",0.2,0,0,47,115.54,4.5636,0.1,0,0.1,0,0.17,0,0,0,0,0.1,0,0,0,0,0.15,15.6736,8.6595,13.2423,15.0894,5049
"p330","ssp370","INM-CM5-0","2075",0.11,0,0,42,101.33,4.3752,0.1,0,1,0,0.17,0,0,0,0,0,0,0,0.05,0,0.35,15.3573,2.4509,11.7692,18.3262,5050
"p330","ssp370","INM-CM5-0","2075",0.44,0,0,47,103.87,4.1554,0,0,0.9,0,0.1,0.05,0,0,0,0.1,0,0.05,0,0,0.3,14.8309,4.5488,14.2113,16.6386,5051
"p330","ssp370","INM-CM5-0","2075",0.12,0.15,0,41,103.26,4.238,0.0167,0,0.9,0,0.05,0,0,0,0,0,0,0,0,0,0.05,14.266,5.3839,12.5067,13.4159,5052
"p330","ssp370","INM-CM5-0","2075",0.11,0,0,52,110.12,3.8362,0.1333,0,0.95,0,0.17,0,0,0,0,0.25,0,0,0,0.15,0.1,15.9167,5.0989,15.2317,16.2269,5053
"p330","ssp370","INM-CM5-0","2075",0.29,0.2,0,40,108.75,4.0244,0.0167,0,1,0,0.06,0,0,0,0,0,0,0,0,0,0.2,14.4831,3.3922,10.8678,16.7382,5054
"p330","ssp370","INM-CM5-0","2075",0.46,0.25,0,51,105.89,4.3932,0.05,0,0.55,0,0.1,0,0,0,0,0,0,0,0,0.15,0.35,16.1847,9.0098,13.7832,15.0485,5055
"p330","ssp370","INM-CM5-0","2075",0.18,0,0,54,103.2,4.4979,0.15,0,0.25,0,0.07,0,0,0,0,0,0,0.2,0.05,0,0.15,16.2828,7.5904,12.017,17.5364,5056
"p330","ssp370","INM-CM5-0","2075",0.12,0,0,44,104.3,4.4437,0.1667,0,0,0,0.06,0,0,0,0,0,0,0,0,0,0.35,15.3893,10.8212,9.6823,15.5209,5057
"p330","ssp370","INM-CM5-0","2075",0.38,0,0,34,113.97,4.6191,0.0833,0,0.35,0,0.07,0,0,0,0,0,0,0,0.05,0.15,0.35,13.5763,7.8313,17.2158,15.6909,5058
"p330","ssp370","INM-CM5-0","2075",0.12,0.3,0.25,46,107.45,4.2703,0.0833,0,0.3,0,0.08,0,0,0,0,0,0,0,0,0,0.45,15.837,6.4597,12.188,16.6959,5059
"p330","ssp370","INM-CM5-0","2075",0.38,0.4,0,53,106.77,4.274,0.0833,0,1,0,0.1,0,0,0,0,0,0,0,0,0.15,0.55,15.8429,5.3602,12.314,16.9742,5060
"p330","ssp370","INM-CM5-0","2075",0.37,0.35,0,55,98.37,4.8503,0.0833,0,0.45,0.05,0.14,0,0,0,0,0,0,0,0,0,0.2,16.5895,7.1822,11.8508,14.7237,5061
"p330","ssp370","INM-CM5-0","2075",0.29,0.4,0,43,108.69,4.69,0.25,0,0,0.15,0.09,0,0,0,0,0,0,0,0,0,0,14.5665,9.7132,12.4217,12.3694,5062
"p330","ssp370","INM-CM5-0","2075",0.33,0,0,22,101.39,4.5565,0.0833,0,0.65,0,0.05,0,0,0,0,0.1,0,0,0,0,0.25,11.9089,6.4511,13.9472,16.4667,5063
"p330","ssp370","INM-CM5-0","2075",0.36,0,0,32,105.49,4.6498,0.1167,0,0.05,0,0.06,0,0,0,0,0,0,0,0,0,0.25,13.0753,8.9606,12.151,16.76,5064
"p330","ssp370","INM-CM5-0","2075",0.15,0,0,44,115.63,4.1109,0.1,0,0.2,0,0,0,0,0,0,0,0,0.15,0,0,0.3,15.0407,7.6778,11.15,20.3518,5065
"p330","ssp370","INM-CM5-0","2075",0.16,0,0.15,44,111.7,4.6023,0.0833,0,0.5,0,0,0,0,0,0,0.2,0,0,0,0,0.15,14.8566,6.7872,15.2007,18.1292,5066
"p330","ssp370","INM-CM5-0","2075",0.35,0.4,0,48,98.58,4.1806,0.05,0,0.1,0,0.13,0,0,0,0,0,0,0,0,0,0.15,15.2537,7.5246,12.3232,16.7853,5067
"p330","ssp370","INM-CM5-0","2075",0.14,0.2,0,46,105.13,4.4697,0.0833,0,0.85,0,0.11,0,0,0,0,0,0,0,0,0,0.25,16.2083,6.6323,10.124,17.2948,5068
"p330","ssp370","INM-CM5-0","2075",0.29,0.4,0,46,102.44,4.2234,0.1,0,0.25,0.05,0.07,0.05,0,0,0,0,0,0,0,0,0.3,15.2945,8.8898,12.4563,18.1835,5069
"p330","ssp370","INM-CM5-0","2075",0.51,0.15,0,58,102.21,4.4039,0.2667,0,0.65,0,0.14,0,0,0,0,0,0,0,0,0,0.1,17.1343,7.8588,12.9805,15.8189,5070
"p330","ssp370","INM-CM5-0","2075",0.22,0.1,0,51,96.49,4.2986,0.1333,0,0.8,0,0.12,0,0,0,0,0,0,0,0,0,0.4,14.9059,6.2352,11.6443,14.9023,5071
"p330","ssp370","INM-CM5-0","2075",0.23,0,0,54,114.8,4.1207,0.1167,0,0.1,0,0,0,0,0,0,0,0,0,0.05,0,0.35,15.4832,8.3664,10.5107,17.0853,5072
"p330","ssp370","INM-CM5-0","2075",0.23,0,0.15,48,112.21,4.4871,0.0167,0,0.85,0,0.13,0,0,0,0,0,0,0.05,0,0,0.7,16.3203,5.4173,14.4715,18.319,5073
"p330","ssp370","INM-CM5-0","2075",0.33,0.8,0,51,108.66,4.363,0.15,0,0.25,0,0.12,0,0,0,0,0,0,0,0,0.15,0.15,16.888,9.3112,13.4578,17.7423,5074
"p330","ssp370","INM-CM5-0","2075",0.3,0.15,0,45,103.24,4.321,0.15,0,0.2,0,0.12,0,0,0,0,0.15,0,0,0,0,0.1,15.5484,8.7908,13.527,14.2736,5075
"p330","ssp370","INM-CM5-0","2075",0.12,0,0,39,111.03,4.836,0.1167,0,0.1,0,0.05,0,0,0,0,0,0,0,0,0,0.1,14.9356,7.8035,13.853,15.0612,5076
"p330","ssp370","INM-CM5-0","2075",0.2,0.1,0,51,98.59,4.3571,0.1833,0,0.3,0,0.06,0,0,0,0,0,0,0,0,0,0.15,16.2127,7.7087,12.7095,15.0163,5077
"p330","ssp370","INM-CM5-0","2075",0.43,0.3,0,49,102.11,4.2934,0.05,0,0.3,0,0.1,0,0,0,0,0.15,0,0,0,0,0.5,16.0469,7.3791,12.7827,16.6515,5078
"p330","ssp370","INM-CM5-0","2075",0.38,0,0,38,99.22,4.124,0.1,0,0.45,0,0,0,0,0,0,0.15,0,0,0,0,0.6,13.8839,7.5587,12.0847,17.3791,5079
"p330","ssp370","INM-CM5-0","2075",0.24,0.15,0,46,87.44,4.4498,0.3,0,0.05,0,0.17,0,0,0,0,0,0,0,0,0,0.45,16.0074,10.4048,12.0947,15.2594,5080
"p330","ssp370","INM-CM5-0","2075",0.22,0.25,0,56,109.09,4.1168,0.1167,0,0.05,0,0.05,0,0,0,0,0,0,0,0,0,0.4,16.7504,10.2931,12.7675,14.8241,5081
"p330","ssp370","INM-CM5-0","2075",0.3,0.3,0,49,98.53,4.4436,0.0833,0,0.95,0,0.05,0,0,0,0,0.15,0,0.05,0,0,0.3,17.1268,5.1428,11.1777,17.8052,5082
"p330","ssp370","INM-CM5-0","2075",0.31,0.25,0,38,110.42,4.5684,0.0667,0,0.45,0.05,0.1,0,0,0,0,0.1,0,0.15,0.05,0,0.15,15.126,6.5774,11.5702,16.36,5083
"p330","ssp370","INM-CM5-0","2075",0.29,0.45,0,25,102.2,4.7421,0.1333,0,0.35,0,0.05,0,0,0,0,0,0,0,0,0.15,0.4,13.6883,7.9254,9.9643,18.0935,5084
"p330","ssp370","INM-CM5-0","2075",0.24,1,0,48,106.91,4.4486,0.0833,0,0.5,0,0.06,0,0,0,0,0,0,0,0,0,0.05,16.3214,6.2816,14.2035,15.7138,5085
"p330","ssp370","INM-CM5-0","2075",0.23,0.15,0,47,101.76,4.286,0.1,0,0.75,0,0.14,0,0,0,0,0.1,0,0.05,0.05,0,0.05,16.1609,6.5797,13.078,16.2206,5086
"p330","ssp370","INM-CM5-0","2075",0.41,0,0,44,109.1,4.6015,0.1167,0,0.5,0,0.09,0,0,0,0,0,0,0,0,0.15,0.6,15.3574,6.6608,13.4613,16.8661,5087
"p330","ssp370","INM-CM5-0","2075",0.33,0.4,0,49,109.81,4.412,0.2,0,0.15,0,0.1,0,0,0,0,0,0,0,0,0,0.2,16.8109,8.5914,12.968,16.2048,5088
"p330","ssp370","INM-CM5-0","2075",0.33,0,0,41,106.93,4.8217,0.1667,0,0.3,0,0.11,0,0,0,0,0,0,0,0,0,0.2,15.0318,7.9555,11.8975,15.0188,5089
"p330","ssp370","INM-CM5-0","2075",0.21,0,0,34,107.28,4.3299,0.0333,0,1,0,0.06,0,0,0,0,0,0,0,0,0,0.1,13.7874,4.5602,12.176,14.7332,5090
"p330","ssp370","INM-CM5-0","2075",0.22,0.15,0,53,110.91,4.4347,0.1,0,0.65,0,0.06,0,0,0,0,0,0,0,0,0,0.25,15.9221,6.7859,13.0813,13.2809,5091
"p330","ssp370","INM-CM5-0","2075",0.18,0,0,29,99.7,4.3411,0.0833,0,0.55,0,0.16,0,0,0,0,0,0,0,0,0,0.4,13.686,6.8935,12.193,16.5106,5092
"p330","ssp370","INM-CM5-0","2075",0.11,0.2,0,37,104.85,4.8895,0.4,0,0.3,0,0.1,0,0,0,0,0,0,0,0,0,0.15,14.0265,9.9973,11.2375,14.6465,5093
"p330","ssp370","INM-CM5-0","2075",0.27,0.4,0,54,106.52,4.255,0.0833,0,0.1,0,0.09,0,0,0,0,0,0,0,0,0,0.1,16.321,7.4862,11.262,14.2273,5094
"p330","ssp370","INM-CM5-0","2075",0,0.1,0.1,45,106.62,4.4789,0.2,0,0.65,0,0.13,0,0,0,0,0,0,0,0,0.45,0.25,15.5712,8.9424,14.1353,16.4865,5095
"p330","ssp370","INM-CM5-0","2075",0.32,0.8,0,61,111.4,4.3795,0.05,0,1,0,0.11,0,0,0,0,0,0,0,0,0,0.2,17.1254,5.2663,15.0308,17.2279,5096
"p330","ssp370","INM-CM5-0","2075",0.13,0,0,63,110.66,4.3575,0.1167,0,0.7,0,0.08,0,0,0,0,0.1,0,0,0,0,0.1,16.1731,6.0631,15.6548,14.8324,5097
"p330","ssp370","INM-CM5-0","2075",0.2,0.3,0,45,107.98,4.4295,0.2,0,0.1,0,0.15,0,0,0,0,0,0,0,0,0,0,14.8207,8.8889,13.3332,12.8812,5098
"p330","ssp370","INM-CM5-0","2075",0.27,0,0,61,95.41,4.1752,0.0833,0,0.55,0,0,0,0,0,0,0,0,0,0,0,0.1,16.6221,8.1858,9.8263,16.4162,5099
"p330","ssp370","INM-CM5-0","2075",0.3,0.3,0,65,106.91,4.436,0.05,0,0.5,0,0.1,0,0,0,0,0,0,0,0,0,0.35,17.3919,7.1202,12.0655,13.1735,5100
"p330","ssp370","IPSL-CM6A-LR","2075",0.16,0.25,0.15,60,107.7,4.6015,0.1167,0,0.45,0,0,0,0,0,0,0,0,0,0,0,0.25,17.5471,7.4272,11.9227,16.7487,5101
"p330","ssp370","IPSL-CM6A-LR","2075",0.05,0.6,0,63,108.21,4.8363,0.05,0,0,0,0.2,0,0,0,0,0,0,0.05,0,0,0.75,17.3912,8.475,13.6002,18.0303,5102
"p330","ssp370","IPSL-CM6A-LR","2075",0.15,0.45,0,60,113.06,4.6533,0.1167,0,0.6,0,0.26,0,0,0,0,0.1,0,0,0,0,0.25,17.0072,7.4914,16.3857,17.7464,5103
"p330","ssp370","IPSL-CM6A-LR","2075",0.31,0,0,61,110.36,4.6207,0.1667,0,0.1,0,0.08,0,0,0,0,0.2,0,0,0,0,0.3,15.9493,9.3287,11.6157,17.1202,5104
"p330","ssp370","IPSL-CM6A-LR","2075",0.19,0.25,0,65,107.48,4.7513,0.0833,0,0.15,0,0.15,0,0,0.1,0,0,0,0,0,0,0.45,17.5752,8.127,15.0283,16.6513,5105
"p330","ssp370","IPSL-CM6A-LR","2075",0.28,0.1,0.1,57,109.53,4.8328,0.0667,0,0.45,0.05,0,0,0,0,0,0,0,0,0,0,0.4,16.511,7.8273,9.8,16.555,5106
"p330","ssp370","IPSL-CM6A-LR","2075",0.22,0.45,0,55,109.26,4.6543,0.0333,0,0.4,0,0.12,0,0,0,0,0,0,0,0,0,0.2,17.408,7.2702,11.6068,14.7826,5107
"p330","ssp370","IPSL-CM6A-LR","2075",0.34,0.6,0,41,102.49,4.8074,0.0833,0,0.25,0,0.06,0,0,0,0,0,0,0.15,0.05,0,0.5,16.1481,8.1956,12.7592,21.0477,5108
"p330","ssp370","IPSL-CM6A-LR","2075",0.41,0.25,0,82,103.05,4.1164,0,0,0.6,0,0.1,0,0,0,0,0,0,0.05,0.05,0,0.2,18.686,5.7687,15.0205,16.9347,5109
"p330","ssp370","IPSL-CM6A-LR","2075",0.3,0.85,0,59,107.48,4.9021,0.1167,0,0.8,0,0.16,0,0,0,0,0,0,0,0,0,0.25,18.0645,6.762,14.6397,17.002,5110
"p330","ssp370","IPSL-CM6A-LR","2075",0.13,0.4,0.15,74,108.54,4.6738,0.0833,0,0.1,0,0.19,0,0,0,0,0,0,0,0,0,0.3,18.7707,9.2068,15.6142,17.438,5111
"p330","ssp370","IPSL-CM6A-LR","2075",0.24,0,0.1,43,100.53,4.6335,0.0333,0,0.65,0,0,0,0,0,0,0,0,0,0,0,0.25,14.8951,7.8368,13.0535,18.8673,5112
"p330","ssp370","IPSL-CM6A-LR","2075",0.24,0.55,0,62,108.07,4.7854,0.1833,0,0.2,0,0.1,0,0,0,0,0.15,0,0,0,0,0.25,18.2419,10.1543,15.8462,16.1012,5113
"p330","ssp370","IPSL-CM6A-LR","2075",0.26,0.35,0,53,107.35,5.0246,0.2333,0,0,0,0.12,0,0,0,0,0.15,0,0,0,0,0.35,16.2712,10.1032,15.0623,17.1673,5114
"p330","ssp370","IPSL-CM6A-LR","2075",0.1,0.45,0,60,111.83,4.7028,0.1167,0,0.1,0,0.05,0,0,0,0,0.25,0,0.25,0,0,0.35,16.891,8.2174,14.5443,20.3077,5115
"p330","ssp370","IPSL-CM6A-LR","2075",0.17,0.15,0.1,57,107.98,4.6465,0.0333,0,0.2,0,0.12,0,0,0,0,0.15,0,0.05,0,0,0.65,16.5393,7.8789,16.0682,18.2902,5116
"p330","ssp370","IPSL-CM6A-LR","2075",0.13,0.55,0,53,111.54,4.5993,0.1167,0,0.2,0,0.11,0,0,0.15,0,0,0,0.05,0,0,0.3,16.6225,9.3587,16.3375,17.2837,5117
"p330","ssp370","IPSL-CM6A-LR","2075",0.18,0.4,0,50,100.93,4.456,0.0333,0,0.9,0,0,0,0,0,0,0.1,0,0,0,0,0.2,15.7527,5.2225,10.2862,16.047,5118
"p330","ssp370","IPSL-CM6A-LR","2075",0.32,0.5,0,52,107.5,4.373,0.0667,0,0.95,0,0.07,0,0,0,0,0.1,0,0,0,0,0.25,16.8782,6.3801,11.4943,16.8255,5119
"p330","ssp370","IPSL-CM6A-LR","2075",0.17,0.6,0,66,104.18,5.068,0.0333,0,0.95,0,0,0,0,0,0,0,0,0.05,0,0,0.65,18.1318,6.5202,13.8992,19.6318,5120
"p330","ssp370","IPSL-CM6A-LR","2075",0.2,0.3,0,67,104.44,4.2774,0.1,0,0.2,0,0.07,0,0,0,0,0,0,0,0.05,0,0.95,17.9937,7.5123,14.2235,18.6656,5121
"p330","ssp370","IPSL-CM6A-LR","2075",0.16,0.1,0,37,102.01,4.519,0.0833,0,0.1,0,0.06,0,0,0,0,0,0,0,0,0,0.4,15.2314,9.2783,16.9207,19.892,5122
"p330","ssp370","IPSL-CM6A-LR","2075",0.16,0.5,0,50,112.36,4.5415,0.1,0,0.2,0.05,0.06,0,0,0,0,0,0,0,0,0,0.25,16.4155,9.3303,11.0333,15.248,5123
"p330","ssp370","IPSL-CM6A-LR","2075",0.49,0,0,57,111.55,4.1539,0.0167,0,0.45,0,0,0,0,0,0,0,0,0.1,0,0.15,0.3,16.4119,6.9046,13.387,19.2695,5124
"p330","ssp370","IPSL-CM6A-LR","2075",0.16,0,0,42,112.84,4.7838,0.0333,0,0.5,0.05,0,0,0,0,0,0.2,0,0,0,0,0.2,17.0542,7.4502,11.5552,16.3538,5125
"p330","ssp370","IPSL-CM6A-LR","2075",0.25,0.45,0,61,109.26,4.5555,0.1,0,0.15,0,0.06,0,0,0,0,0.15,0,0,0,0,0.4,18.6736,7.1853,15.346,17.4959,5126
"p330","ssp370","IPSL-CM6A-LR","2075",0.32,0.2,0,50,102.76,4.7115,0.0833,0,0.5,0,0.15,0,0,0,0,0,0,0.1,0,0,0.75,15.6779,6.6388,15.9763,19.4188,5127
"p330","ssp370","IPSL-CM6A-LR","2075",0,0,0,51,108.25,4.6473,0.0833,0,0,0,0.05,0,0,0,0,0.15,0,0,0,0,0.15,15.9843,9.4881,11.7887,17.3536,5128
"p330","ssp370","IPSL-CM6A-LR","2075",0.22,0.5,0,58,111.13,4.7632,0.05,0,0.45,0,0,0,0,0,0,0,0,0,0,0,0.15,17.3547,7.3486,13.1613,15.7599,5129
"p330","ssp370","IPSL-CM6A-LR","2075",0.32,0,0,46,101.12,4.6617,0.0333,0,1,0,0.14,0,0,0,0,0,0,0,0,0,0.25,15.8458,3.9885,14.3958,18.2829,5130
"p330","ssp370","IPSL-CM6A-LR","2075",0.15,0.1,0.1,57,110.19,4.6905,0.0667,0,0.65,0,0.05,0,0,0,0,0.1,0,0,0,0,0.2,16.8309,5.3684,14.8777,14.4123,5131
"p330","ssp370","IPSL-CM6A-LR","2075",0.41,1,0,66,103.1,4.7738,0.05,0,0.05,0,0.12,0,0,0,0,0,0,0,0,0,0.4,18.0044,7.6287,10.0965,16.4403,5132
"p330","ssp370","IPSL-CM6A-LR","2075",0.32,0.3,0,62,107.16,4.8904,0.1,0,0.4,0,0,0,0,0,0,0.15,0,0,0,0,0.45,17.1204,8.4466,16.9065,17.5165,5133
"p330","ssp370","IPSL-CM6A-LR","2075",0.22,0.2,0,59,99.13,4.6776,0.1167,0,0.3,0,0.12,0,0,0,0,0,0,0.05,0.05,0.15,0.4,16.3761,9.7936,14.718,18.5209,5134
"p330","ssp370","IPSL-CM6A-LR","2075",0.43,0.55,0,61,104.72,4.8665,0.1167,0,0.35,0,0.06,0,0,0,0,0,0,0,0,0,0.3,17.0988,7.6308,11.1065,17.4976,5135
"p330","ssp370","IPSL-CM6A-LR","2075",0.37,1,0,56,114.18,4.9177,0.1167,0,0.45,0,0.13,0,0,0,0,0,0,0,0,0,0,17.6078,7.4972,13.4637,13.162,5136
"p330","ssp370","IPSL-CM6A-LR","2075",0.25,0.7,0,53,101.63,4.5088,0.1333,0,0.3,0,0.07,0,0,0,0,0.3,0,0.05,0.05,0,0.45,16.524,8.4931,15.525,17.3482,5137
"p330","ssp370","IPSL-CM6A-LR","2075",0.15,0.55,0,56,109.83,3.9852,0.0167,0,0.75,0,0.06,0,0,0,0,0.2,0,0.1,0,0,0.25,16.0948,5.1712,13.9762,19.0512,5138
"p330","ssp370","IPSL-CM6A-LR","2075",0.27,0.35,0,53,100.07,4.4006,0.0167,0,1,0,0.05,0,0,0.2,0,0,0,0,0,0,0.75,16.9854,2.8779,16.7153,19.1795,5139
"p330","ssp370","IPSL-CM6A-LR","2075",0.33,0,0,55,113.19,4.8083,0.0667,0,0.35,0,0.21,0,0,0,0,0,0,0,0,0,0.2,15.6762,8.6865,16.9342,17.9465,5140
"p330","ssp370","IPSL-CM6A-LR","2075",0.29,0.6,0,69,100.51,4.5732,0.1,0,0.2,0,0.12,0,0,0,0,0,0,0.05,0,0,0.35,18.2134,7.6931,11.689,18.2819,5141
"p330","ssp370","IPSL-CM6A-LR","2075",0.16,0.25,0,55,96.15,4.6897,0.15,0,0.45,0,0,0,0,0,0,0,0,0.3,0,0,0.25,16.7521,7.4918,14.0527,17.0508,5142
"p330","ssp370","IPSL-CM6A-LR","2075",0.16,0.4,0,41,111.56,4.403,0.1,0,0.7,0,0.07,0,0,0,0,0,0,0.15,0,0,0.25,16.2073,6.7462,11.6857,17.1714,5143
"p330","ssp370","IPSL-CM6A-LR","2075",0.29,0.7,0,74,107.96,4.8416,0.1,0,0.25,0,0.07,0,0,0,0,0.35,0,0,0,0,0.25,18.6159,8.1958,12.5315,15.1911,5144
"p330","ssp370","IPSL-CM6A-LR","2075",0.15,0.55,0,46,110.3,4.5767,0.0167,0,1,0,0.06,0,0,0,0,0.35,0,0,0,0,0.25,15.064,4.2157,13.6677,15.1385,5145
"p330","ssp370","IPSL-CM6A-LR","2075",0.23,0.7,0,49,109.19,4.8894,0.1,0,0.05,0,0.05,0,0,0,0,0,0,0,0,0,0.45,16.8712,8.4392,10.8858,16.3448,5146
"p330","ssp370","IPSL-CM6A-LR","2075",0.4,0.45,0,65,104.42,4.8333,0.2,0,0.25,0,0.07,0,0,0,0,0.1,0,0,0,0,0.2,17.1864,9.8537,13.4688,16.7206,5147
"p330","ssp370","IPSL-CM6A-LR","2075",0.19,0.55,0,49,107.83,4.9566,0.05,0,0,0,0.05,0,0,0,0,0,0,0.1,0.05,0,0.55,16.7687,8.488,12.5677,18.3061,5148
"p330","ssp370","IPSL-CM6A-LR","2075",0.15,0,0,54,114.99,4.819,0.0667,0,0.05,0,0.17,0,0,0,0,0.1,0,0,0,0,0.2,17.0082,8.7861,14.3712,16.8506,5149
"p330","ssp370","IPSL-CM6A-LR","2075",0.11,0.25,0,56,102.5,4.6091,0.0667,0,1,0,0.22,0,0,0,0,0,0,0.2,0.05,0,0.4,16.6902,2.5737,12.8933,20.1038,5150
"p330","ssp370","IPSL-CM6A-LR","2075",0.44,0.1,0,54,105.85,4.445,0,0,0.95,0,0.1,0.05,0,0,0,0,0,0.1,0,0,0.3,16.1616,4.6671,15.3298,18.4189,5151
"p330","ssp370","IPSL-CM6A-LR","2075",0.12,0.15,0,50,106.46,4.4595,0.0167,0,0.75,0,0.11,0,0,0,0,0.15,0,0,0,0,0.1,15.5951,5.4983,13.6235,15.1905,5152
"p330","ssp370","IPSL-CM6A-LR","2075",0.11,0.35,0,62,112.23,4.0556,0.1,0,0.95,0,0.17,0,0,0,0,0.2,0,0,0,0.15,0.2,17.2523,5.2274,16.3618,17.9882,5153
"p330","ssp370","IPSL-CM6A-LR","2075",0.29,0.2,0,47,112.14,4.3105,0.0167,0,1,0,0.06,0,0,0,0,0,0,0.05,0,0,0.25,15.8166,3.5157,11.9928,18.5165,5154
"p330","ssp370","IPSL-CM6A-LR","2075",0.39,0.45,0,63,107.94,4.6077,0.05,0,0.6,0,0.1,0,0,0,0,0,0,0,0.05,0,0.65,17.5172,9.1283,14.9028,16.8288,5155
"p330","ssp370","IPSL-CM6A-LR","2075",0.23,0.2,0,64,104.15,4.732,0.1,0,0.3,0,0.07,0,0,0,0,0,0,0.3,0,0,0.15,17.6126,7.7066,13.1353,19.3117,5156
"p330","ssp370","IPSL-CM6A-LR","2075",0.12,0.35,0,52,107.12,4.662,0.1,0,0,0,0.06,0,0,0,0,0,0,0,0,0,0.85,16.7254,10.951,10.8132,17.2815,5157
"p330","ssp370","IPSL-CM6A-LR","2075",0.33,0.1,0,44,115.62,4.8979,0.0667,0,0.4,0,0.13,0,0,0.3,0,0,0,0,0.05,0,0.4,14.9109,7.956,18.3417,17.4674,5158
"p330","ssp370","IPSL-CM6A-LR","2075",0.12,0.35,0.15,54,107.2,4.5466,0.05,0,0.3,0,0.08,0,0,0,0,0.1,0,0.05,0,0,0.5,17.1697,6.5797,13.3093,18.4753,5159
"p330","ssp370","IPSL-CM6A-LR","2075",0.37,0.75,0,57,109.96,4.5587,0.0833,0,0.9,0,0.1,0,0,0,0,0.15,0,0,0,0.15,0.9,17.1731,5.4767,13.4335,18.7483,5160
"p330","ssp370","IPSL-CM6A-LR","2075",0.37,0.7,0,64,98.45,5.0479,0.05,0,0.35,0.05,0.15,0,0,0,0,0,0,0,0,0,0.4,17.9265,7.3119,12.9827,16.4828,5161
"p330","ssp370","IPSL-CM6A-LR","2075",0.29,0.5,0.1,52,109.32,4.9295,0.15,0,0,0.05,0.09,0,0,0,0,0,0,0,0,0,0.15,15.9005,9.8386,13.549,14.1448,5162
"p330","ssp370","IPSL-CM6A-LR","2075",0.33,0.1,0.1,31,103.77,4.7942,0.0167,0,0.55,0,0.1,0,0,0,0,0.1,0,0.15,0,0,0.25,13.2414,6.5719,15.0692,18.2459,5163
"p330","ssp370","IPSL-CM6A-LR","2075",0.36,0,0,39,107.96,4.8419,0.0833,0,0.05,0,0.06,0,0,0,0,0.1,0,0,0,0,0.25,14.4055,9.0782,13.2718,18.5344,5164
"p330","ssp370","IPSL-CM6A-LR","2075",0.1,0.15,0,50,117.27,4.3911,0.0667,0,0.15,0,0.05,0,0,0,0,0,0,0.35,0,0,0.2,16.3782,7.8085,12.283,22.1106,5165
"p330","ssp370","IPSL-CM6A-LR","2075",0.15,0,0.3,52,112.56,4.8575,0.0833,0,0.4,0,0,0,0,0,0,0.2,0,0,0,0,0.2,16.1917,6.9139,16.3288,19.905,5166
"p330","ssp370","IPSL-CM6A-LR","2075",0.35,0.5,0,61,100.26,4.3656,0.0333,0,0.1,0,0.17,0,0,0,0,0,0,0.05,0,0,0.25,16.5869,7.6463,13.446,18.5624,5167
"p330","ssp370","IPSL-CM6A-LR","2075",0.14,0.3,0.25,64,104.86,4.7452,0.0667,0,0.8,0,0.12,0,0,0,0,0,0,0.05,0.05,0,0.4,17.5386,6.751,11.2455,19.0685,5168
"p330","ssp370","IPSL-CM6A-LR","2075",0.29,0.75,0,53,101.72,4.461,0.0333,0,0.2,0,0.07,0.05,0,0,0,0,0,0.25,0,0,0.45,16.6322,9.0214,13.5918,19.9412,5169
"p330","ssp370","IPSL-CM6A-LR","2075",0.45,0,0,68,102.04,4.6421,0.15,0,0.5,0,0.14,0,0,0,0,0,0,0,0,0,0.25,18.4703,7.9859,14.1092,17.5932,5170
"p330","ssp370","IPSL-CM6A-LR","2075",0.21,0.1,0.1,57,100.61,4.506,0.1167,0,0.85,0,0.12,0,0,0,0,0,0,0,0,0,0.4,16.2391,6.3573,12.768,16.6803,5171
"p330","ssp370","IPSL-CM6A-LR","2075",0.23,0,0,62,115.6,4.2791,0.05,0,0.1,0,0,0,0,0,0,0,0,0.1,0.05,0,0.4,16.8145,8.4853,11.6335,18.8589,5172
"p330","ssp370","IPSL-CM6A-LR","2075",0.11,0.1,0.15,58,114.62,4.7625,0,0,0.85,0,0.13,0,0,0,0,0,0,0.2,0,0,1,17.659,5.5502,15.607,20.0756,5173
"p330","ssp370","IPSL-CM6A-LR","2075",0.33,0.6,0,58,110.6,4.5966,0.1167,0,0.2,0,0.12,0,0,0,0,0,0,0.05,0,0,0.35,18.2239,9.4396,14.5885,19.517,5174
"p330","ssp370","IPSL-CM6A-LR","2075",0.3,0.55,0,57,105.12,4.5187,0.1333,0,0.15,0,0.13,0,0,0,0,0.15,0,0,0,0,0.15,16.8826,8.914,14.651,16.0505,5175
"p330","ssp370","IPSL-CM6A-LR","2075",0.12,0,0,58,110.56,5.0897,0.1,0,0.1,0,0.05,0,0,0,0,0,0,0.05,0,0,0.3,16.2678,7.9227,14.9758,16.8339,5176
"p330","ssp370","IPSL-CM6A-LR","2075",0.2,0.4,0,63,101.72,4.6153,0.0667,0,0.25,0,0.06,0,0,0,0,0.1,0,0.05,0.05,0,0.05,17.5504,7.8416,13.845,16.7731,5177
"p330","ssp370","IPSL-CM6A-LR","2075",0.43,0.95,0,56,106.17,4.5636,0.0167,0,0.35,0,0.1,0,0,0,0,0.15,0,0.05,0.05,0,0.4,17.3835,7.5082,13.9138,18.4256,5178
"p330","ssp370","IPSL-CM6A-LR","2075",0.38,0.1,0,45,104.41,4.3141,0.0667,0,0.35,0,0,0,0,0,0,0.15,0,0,0,0,0.8,15.2181,7.6824,13.2113,19.1558,5179
"p330","ssp370","IPSL-CM6A-LR","2075",0.24,0.2,0.1,56,91.05,4.6629,0.2167,0,0,0,0.18,0,0,0,0,0,0,0,0,0,0.75,17.3393,10.5247,13.215,17.0392,5180
"p330","ssp370","IPSL-CM6A-LR","2075",0.24,0.35,0,63,110.26,4.3815,0.1,0,0.05,0,0.05,0,0,0,0,0,0,0,0,0,0.3,18.0886,10.426,13.9015,16.5779,5181
"p330","ssp370","IPSL-CM6A-LR","2075",0.3,0.4,0,58,97.29,4.6984,0.0667,0,0.9,0,0.05,0,0,0,0,0,0,0.2,0,0,0.2,18.4632,5.2712,12.306,19.5852,5182
"p330","ssp370","IPSL-CM6A-LR","2075",0.31,0.5,0,53,110.32,4.7715,0.05,0,0.4,0,0.1,0,0,0,0,0.1,0,0.4,0.05,0,0.15,16.4602,6.7014,12.694,18.1432,5183
"p330","ssp370","IPSL-CM6A-LR","2075",0.29,0.65,0,35,103.31,4.9426,0.1333,0,0.15,0,0.05,0,0,0,0,0,0,0,0,0.15,0.75,15.0201,8.0467,11.0862,19.8724,5184
"p330","ssp370","IPSL-CM6A-LR","2075",0.24,1,0,53,107.19,4.6585,0.0833,0,0.35,0,0.08,0,0,0.3,0,0,0,0.1,0,0,0.3,17.6598,6.4158,15.3378,17.4672,5185
"p330","ssp370","IPSL-CM6A-LR","2075",0.23,0.15,0,58,102.28,4.5269,0.0667,0,0.65,0,0.14,0,0,0,0,0.1,0,0.1,0.05,0,0.1,17.4973,6.7085,14.2068,18.0006,5186
"p330","ssp370","IPSL-CM6A-LR","2075",0.39,0.65,0,53,112.07,4.9129,0.1,0,0.5,0,0.09,0,0,0,0,0,0,0,0.05,0.15,0.85,16.6916,6.7857,14.5867,18.6488,5187
"p330","ssp370","IPSL-CM6A-LR","2075",0.33,1,0,52,111.06,4.636,0.1333,0,0.2,0,0.1,0,0,0,0,0.1,0,0,0,0,0.15,18.1432,8.7125,14.0912,17.9832,5188
"p330","ssp370","IPSL-CM6A-LR","2075",0.32,0.1,0,60,109.01,5.0807,0.1333,0,0.2,0,0.11,0,0,0,0,0,0,0,0,0,0.4,16.3702,8.0909,13.0338,16.7725,5189
"p330","ssp370","IPSL-CM6A-LR","2075",0.21,0,0,37,109.06,4.6158,0,0,1,0,0.07,0,0,0,0,0,0,0,0,0,0.45,15.1243,4.6909,13.3072,16.5133,5190
"p330","ssp370","IPSL-CM6A-LR","2075",0.22,0.3,0,58,113.11,4.7105,0,0,0.55,0,0.06,0,0,0,0,0,0,0,0,0,0.25,17.2565,6.912,14.206,15.0621,5191
"p330","ssp370","IPSL-CM6A-LR","2075",0.18,0,0,40,100.96,4.5391,0.0833,0,0.5,0,0.16,0,0,0,0,0,0,0.05,0,0,0.3,15.0185,7.0165,13.3173,18.288,5192
"p330","ssp370","IPSL-CM6A-LR","2075",0.06,0.3,0,48,108.87,5.0605,0.2333,0,0.3,0,0.14,0,0,0,0,0,0,0,0,0,0.45,15.366,10.1342,12.375,16.3996,5193
"p330","ssp370","IPSL-CM6A-LR","2075",0.27,0.65,0,62,108.9,4.5309,0.0667,0,0.1,0,0.14,0,0,0,0,0,0,0,0,0,0.25,17.6581,7.6179,12.3942,16.0055,5194
"p330","ssp370","IPSL-CM6A-LR","2075",0,0.1,0.1,53,110.29,4.7375,0.15,0,0.6,0,0.13,0,0,0,0,0,0,0,0,0.3,0.75,16.9066,9.0688,15.2618,18.2682,5195
"p330","ssp370","IPSL-CM6A-LR","2075",0.32,0.9,0,64,110.81,4.6664,0.0333,0,1,0,0.11,0,0,0,0,0,0,0.05,0,0,0.25,18.4594,5.3894,16.156,19.0042,5196
"p330","ssp370","IPSL-CM6A-LR","2075",0.13,0,0,76,112.36,4.6726,0.0667,0,0.65,0,0.08,0,0,0,0,0.1,0,0,0,0,0.05,17.5125,6.2002,16.7928,16.5838,5197
"p330","ssp370","IPSL-CM6A-LR","2075",0.2,0.4,0,50,108.38,4.6905,0.0833,0,0.05,0,0.15,0,0,0,0,0,0,0,0,0,0.25,16.1584,9.0217,14.466,14.6597,5198
"p330","ssp370","IPSL-CM6A-LR","2075",0.27,0,0,74,96.29,4.3905,0.0667,0,0.55,0,0.05,0,0,0,0,0,0,0,0,0,0.35,17.9579,8.3133,10.9543,18.1967,5199
"p330","ssp370","IPSL-CM6A-LR","2075",0.3,0.45,0,74,108.88,4.6564,0.05,0,0.25,0,0.1,0,0,0,0,0,0,0,0,0,0.65,18.7253,7.2448,13.1917,14.9503,5200
"p330","ssp370","MIROC-ES2L","2075",0.16,0.2,0.2,53,106.72,4.5825,0.15,0,0.25,0,0,0,0,0,0,0,0,0,0,0,0.3,16.4031,8.6479,12.9042,16.3419,5201
"p330","ssp370","MIROC-ES2L","2075",0.05,0.3,0.1,57,105.03,4.8075,0.0833,0,0,0,0.14,0,0,0,0,0.1,0,0,0,0,0.6,16.2457,9.6931,14.5888,17.6345,5202
"p330","ssp370","MIROC-ES2L","2075",0.1,0.2,0,47,110.47,4.6575,0.2,0,0.6,0,0.26,0,0,0,0,0.1,0,0.05,0,0,0.25,15.8606,8.7066,17.3823,17.3562,5203
"p330","ssp370","MIROC-ES2L","2075",0.31,0,0,52,105.51,4.6334,0.25,0,0,0,0.08,0,0,0,0,0.2,0,0,0,0,0.35,14.8016,10.5389,12.6162,16.7423,5204
"p330","ssp370","MIROC-ES2L","2075",0.19,0,0,62,107.89,4.7523,0.1667,0,0.1,0,0.09,0,0,0,0,0,0,0,0,0,0.45,16.4314,9.3483,16.0085,16.2438,5205
"p330","ssp370","MIROC-ES2L","2075",0.26,0.1,0.1,54,109.28,4.821,0.1,0,0.4,0.05,0,0,0,0,0,0,0,0,0,0,0.4,15.3661,9.0454,10.788,16.1582,5206
"p330","ssp370","MIROC-ES2L","2075",0.15,0.2,0,48,106.85,4.6821,0.1,0,0.3,0,0.12,0,0,0,0,0,0,0,0,0,0.15,16.2612,8.4855,12.602,14.3908,5207
"p330","ssp370","MIROC-ES2L","2075",0.34,0.5,0,35,104.78,4.796,0.1167,0,0.25,0,0.06,0,0,0,0,0,0,0.15,0.05,0,0.55,15.0006,9.4064,13.7572,20.6685,5208
"p330","ssp370","MIROC-ES2L","2075",0.41,0,0,77,104.12,4.1081,0.0667,0,0.45,0,0.1,0,0,0,0,0,0,0,0.05,0,0.2,17.5427,6.99,15.9978,16.5263,5209
"p330","ssp370","MIROC-ES2L","2075",0.29,0.45,0,57,106.06,4.9223,0.2,0,0.5,0,0.16,0,0,0,0,0,0,0,0,0,0.25,16.9196,7.981,15.6267,16.6044,5210
"p330","ssp370","MIROC-ES2L","2075",0.13,0.2,0.15,71,105.12,4.6521,0.1,0,0.1,0,0.14,0,0,0,0,0,0,0,0,0,0.3,17.6244,10.4229,16.6088,17.0453,5211
"p330","ssp370","MIROC-ES2L","2075",0.24,0,0.1,33,101.34,4.6246,0.05,0,0.35,0,0,0,0,0,0,0.1,0,0,0,0,0.25,13.7477,9.0478,14.0503,18.4868,5212
"p330","ssp370","MIROC-ES2L","2075",0.24,0.4,0,58,105.1,4.7481,0.2833,0,0.15,0,0.1,0,0,0.1,0,0.15,0,0,0,0,0.25,17.0986,11.377,16.8233,15.6921,5213
"p330","ssp370","MIROC-ES2L","2075",0.26,0,0,49,103.52,5.0177,0.2833,0,0,0,0.12,0,0,0,0,0.15,0,0,0,0,0.35,15.1269,11.3225,16.0478,16.7671,5214
"p330","ssp370","MIROC-ES2L","2075",0.1,0.1,0,53,108.77,4.6824,0.1333,0,0.05,0,0.05,0,0,0,0,0.3,0,0.25,0,0,0.3,15.7452,9.4343,15.5373,19.9133,5215
"p330","ssp370","MIROC-ES2L","2075",0.11,0,0.1,45,107.8,4.635,0.1333,0,0.15,0,0.12,0,0,0.1,0,0.25,0,0.05,0,0,0.7,15.3916,9.0903,17.0627,17.9085,5216
"p330","ssp370","MIROC-ES2L","2075",0.13,0.1,0,49,109.76,4.568,0.1833,0,0.2,0,0.11,0,0,0.15,0,0,0,0.05,0,0,0.4,15.4797,10.5814,17.3122,16.8737,5217
"p330","ssp370","MIROC-ES2L","2075",0.18,0.1,0,47,99.86,4.4381,0.05,0,0.8,0,0,0,0,0,0,0.1,0,0,0,0,0.15,14.6088,6.4426,11.269,15.6467,5218
"p330","ssp370","MIROC-ES2L","2075",0.32,0.4,0,49,106.72,4.3992,0.1167,0,0.8,0,0.07,0,0,0,0,0.1,0,0,0,0,0.15,15.7329,7.5978,12.4853,16.4303,5219
"p330","ssp370","MIROC-ES2L","2075",0.17,0.35,0,56,101.79,5.0354,0.0667,0,0.95,0,0,0,0,0,0,0,0,0,0,0,0.65,16.9848,7.7319,14.893,19.2489,5220
"p330","ssp370","MIROC-ES2L","2075",0.2,0.15,0,58,101.59,4.2613,0.15,0,0.1,0,0.07,0,0,0,0,0.1,0,0,0.05,0,0.85,16.8514,8.735,15.1975,18.2538,5221
"p330","ssp370","MIROC-ES2L","2075",0.16,0,0,34,99.57,4.5189,0.15,0,0,0,0.06,0,0,0.1,0,0,0,0,0,0,0.4,14.0876,10.4988,17.902,19.4909,5222
"p330","ssp370","MIROC-ES2L","2075",0.15,0.35,0,44,110.93,4.5346,0.1833,0,0.15,0.05,0.06,0,0,0,0,0,0,0,0,0,0.25,15.2701,10.5482,12.0228,14.8517,5223
"p330","ssp370","MIROC-ES2L","2075",0.36,0,0,54,108.08,4.151,0.0667,0,0.25,0,0,0,0,0,0,0,0,0.15,0,0.15,0.3,15.2649,8.1174,14.3793,18.8865,5224
"p330","ssp370","MIROC-ES2L","2075",0.16,0,0,39,112.22,4.7868,0.1,0,0.3,0.05,0,0,0,0,0,0.2,0,0,0,0,0.2,15.9119,8.6742,12.526,15.9413,5225
"p330","ssp370","MIROC-ES2L","2075",0.2,0.3,0,55,108.38,4.5719,0.15,0,0.1,0,0.06,0,0,0,0,0.15,0,0,0,0,0.4,17.5301,8.4068,16.3262,17.0932,5226
"p330","ssp370","MIROC-ES2L","2075",0.32,0,0,47,99.61,4.693,0.1667,0,0.45,0,0.11,0,0,0,0,0.1,0,0.05,0,0,0.65,14.5329,7.857,16.9643,19.0218,5227
"p330","ssp370","MIROC-ES2L","2075",0,0,0,48,109.89,4.625,0.15,0,0,0,0.05,0,0,0,0,0.15,0,0,0,0,0.15,14.8378,10.7019,12.7798,16.9682,5228
"p330","ssp370","MIROC-ES2L","2075",0.22,0.4,0,46,109.59,4.7866,0.1167,0,0.35,0,0,0,0,0,0,0,0,0,0,0,0.15,16.2125,8.5731,14.1317,15.3457,5229
"p330","ssp370","MIROC-ES2L","2075",0.32,0,0,40,106.82,4.6193,0.0667,0,1,0,0.12,0,0,0.2,0,0,0,0,0,0,0.3,14.7027,5.2095,15.3742,17.8791,5230
"p330","ssp370","MIROC-ES2L","2075",0.15,0,0.1,49,112.44,4.6917,0.1,0,0.6,0,0.05,0,0,0,0,0.1,0,0,0,0,0.2,15.6862,6.5874,15.8632,14.0142,5231
"p330","ssp370","MIROC-ES2L","2075",0.41,0,0,60,101.04,4.7642,0.1167,0,0,0,0.12,0,0,0,0,0,0,0,0,0,0.3,16.8582,8.8423,11.0853,16.0545,5232
"p330","ssp370","MIROC-ES2L","2075",0.32,0.25,0,56,107.18,4.8877,0.1833,0,0.3,0,0,0,0,0,0,0.15,0,0,0,0,0.45,15.9788,9.6708,17.8753,17.1015,5233
"p330","ssp370","MIROC-ES2L","2075",0.22,0,0,48,91.89,4.6777,0.15,0,0.1,0,0.12,0,0,0,0,0,0,0,0.05,0.15,0.4,15.2328,11.0154,15.6958,18.1161,5234
"p330","ssp370","MIROC-ES2L","2075",0.35,0.15,0,53,102.37,4.8592,0.1333,0,0.15,0,0.06,0,0,0,0,0,0,0,0,0,0.5,15.9544,8.8498,12.092,17.0973,5235
"p330","ssp370","MIROC-ES2L","2075",0.32,0.65,0,52,113.89,4.8934,0.1333,0,0.25,0,0.12,0,0,0,0,0,0,0,0,0,0,16.4616,8.7115,14.4513,12.7752,5236
"p330","ssp370","MIROC-ES2L","2075",0.25,0.4,0,51,101.07,4.4871,0.2167,0,0.25,0,0.07,0,0,0,0,0.3,0,0,0.05,0,0.35,15.3827,9.7181,16.4928,16.9332,5237
"p330","ssp370","MIROC-ES2L","2075",0.15,0.1,0,41,109.77,3.9861,0.0333,0,0.55,0,0.06,0,0,0,0,0.25,0,0.05,0,0,0.25,14.952,6.394,14.9517,18.6456,5238
"p330","ssp370","MIROC-ES2L","2075",0.27,0.5,0,51,101.69,4.401,0.05,0,1,0,0.05,0,0,0.2,0,0,0,0,0,0,0.6,15.8413,4.0982,17.6988,18.7794,5239
"p330","ssp370","MIROC-ES2L","2075",0.33,0,0,47,110.18,4.8146,0.1,0,0.15,0,0.21,0,0,0.15,0,0,0,0,0,0,0.2,14.5305,9.9017,17.9198,17.5594,5240
"p330","ssp370","MIROC-ES2L","2075",0.28,0.3,0,67,96.87,4.5519,0.15,0,0.15,0,0.05,0,0,0,0,0,0,0.05,0,0,0.4,17.0726,8.9186,12.6552,17.865,5241
"p330","ssp370","MIROC-ES2L","2075",0.16,0,0,44,94.15,4.6901,0.1833,0,0.25,0,0,0,0,0,0,0,0,0.15,0,0,0.25,15.6093,8.7149,15.0268,16.6436,5242
"p330","ssp370","MIROC-ES2L","2075",0.16,0.1,0,37,109.76,4.4034,0.1333,0,0.55,0,0,0,0,0,0,0,0,0.15,0,0,0.25,15.0635,7.966,12.6665,16.7705,5243
"p330","ssp370","MIROC-ES2L","2075",0.29,0.45,0,67,106.2,4.8193,0.15,0,0.15,0,0.07,0,0,0,0,0.35,0,0,0,0,0.25,17.4702,9.4113,13.5152,14.8014,5244
"p330","ssp370","MIROC-ES2L","2075",0.15,0.45,0,39,111.16,4.5654,0.05,0,0.95,0,0.06,0,0,0,0,0.35,0,0,0,0,0.2,13.9231,5.4418,14.6315,14.7204,5245
"p330","ssp370","MIROC-ES2L","2075",0.23,0.35,0,46,107.19,4.8879,0.1667,0,0,0,0.05,0,0,0,0,0,0,0,0,0,0.45,15.7288,9.6627,11.8582,15.9373,5246
"p330","ssp370","MIROC-ES2L","2075",0.38,0.15,0,63,101.28,4.8428,0.3167,0,0.1,0,0.07,0,0,0,0,0.1,0,0,0,0,0.2,16.0428,11.0753,14.4495,16.3185,5247
"p330","ssp370","MIROC-ES2L","2075",0.19,0.2,0,47,107.02,4.9375,0.1167,0,0,0,0.05,0,0,0,0,0,0,0.1,0.05,0,0.55,15.6234,9.7037,13.5512,17.9162,5248
"p330","ssp370","MIROC-ES2L","2075",0.15,0,0,47,115.37,4.804,0.1167,0,0.05,0,0.17,0,0,0,0,0.1,0,0,0,0,0.2,15.868,10.0132,15.334,16.4321,5249
"p330","ssp370","MIROC-ES2L","2075",0.11,0,0,48,104.96,4.5988,0.1167,0,1,0,0.17,0,0,0,0,0.1,0,0.05,0.1,0,0.3,15.549,3.7978,13.863,19.6945,5250
"p330","ssp370","MIROC-ES2L","2075",0.43,0,0,52,108.14,4.4123,0.0333,0,0.7,0,0.1,0.05,0,0,0,0,0,0.1,0,0,0.3,15.0188,5.8882,16.308,18.0155,5251
"p330","ssp370","MIROC-ES2L","2075",0.12,0.15,0,42,106.26,4.4508,0.05,0,0.5,0,0.05,0,0,0,0,0.25,0,0,0,0,0.1,14.4512,6.7151,14.6052,14.8,5252
"p330","ssp370","MIROC-ES2L","2075",0.11,0,0,57,111.33,4.0381,0.2,0,0.75,0,0.17,0,0,0,0,0.25,0,0,0,0.15,0.15,16.1124,6.4543,17.3228,17.5687,5253
"p330","ssp370","MIROC-ES2L","2075",0.29,0.2,0,39,111.59,4.2701,0.0333,0,0.85,0,0.06,0,0,0,0,0,0,0.05,0,0,0.2,14.6751,4.7406,12.9618,18.1059,5254
"p330","ssp370","MIROC-ES2L","2075",0.37,0.2,0,56,106.83,4.6105,0.0833,0,0.4,0,0.1,0,0,0,0,0,0,0,0.05,0,0.5,16.3737,10.3503,15.8802,16.4235,5255
"p330","ssp370","MIROC-ES2L","2075",0.23,0,0,61,104.12,4.7121,0.1667,0,0.05,0,0.07,0,0,0,0,0,0,0.3,0.05,0,0.15,16.4677,8.9229,14.1145,18.9195,5256
"p330","ssp370","MIROC-ES2L","2075",0.12,0,0,43,103.25,4.665,0.1833,0,0,0,0.06,0,0,0,0,0,0,0,0,0,0.8,15.5854,12.1782,11.7728,16.8606,5257
"p330","ssp370","MIROC-ES2L","2075",0.33,0,0,33,113.47,4.8806,0.1167,0,0.35,0,0.07,0,0,0.3,0,0,0,0,0.05,0,0.4,13.7698,9.181,19.3088,17.0561,5258
"p330","ssp370","MIROC-ES2L","2075",0.12,0.3,0.25,47,108.55,4.5126,0.0833,0,0.2,0,0.08,0,0,0,0,0.35,0,0,0,0,0.5,16.027,7.8028,14.2852,18.0697,5259
"p330","ssp370","MIROC-ES2L","2075",0.37,0.4,0,56,109.94,4.5195,0.0833,0,0.7,0,0.1,0,0,0,0,0.25,0,0.05,0,0.15,0.9,16.029,6.6946,14.4112,18.355,5260
"p330","ssp370","MIROC-ES2L","2075",0.37,0.35,0,59,99.55,5.0595,0.0833,0,0.15,0.05,0.15,0,0,0,0,0,0,0,0,0,0.4,16.787,8.5397,13.941,16.0622,5261
"p330","ssp370","MIROC-ES2L","2075",0.28,0.3,0,47,105.5,4.9301,0.2333,0,0,0.05,0.09,0,0,0,0,0,0,0,0,0,0.15,14.7597,11.0646,14.5148,13.7335,5262
"p330","ssp370","MIROC-ES2L","2075",0.28,0,0,21,102.6,4.7898,0.0833,0,0.35,0,0.1,0,0,0,0,0.1,0,0.05,0,0,0.2,12.0993,7.7951,16.0423,17.8392,5263
"p330","ssp370","MIROC-ES2L","2075",0.36,0,0,32,104.31,4.8562,0.1167,0,0.05,0,0.06,0,0,0,0,0.1,0,0,0,0,0.35,13.2613,10.2966,14.2482,18.1395,5264
"p330","ssp370","MIROC-ES2L","2075",0.1,0,0,46,114.56,4.3586,0.1333,0,0.05,0,0,0,0,0,0,0,0,0.25,0,0,0.2,15.2388,9.0371,13.2393,21.6888,5265
"p330","ssp370","MIROC-ES2L","2075",0.15,0,0.15,41,112.48,4.8406,0.1167,0,0.3,0,0,0,0,0,0,0.25,0,0,0,0,0.2,15.0511,8.1397,17.293,19.4914,5266
"p330","ssp370","MIROC-ES2L","2075",0.35,0.35,0,49,101.85,4.3642,0.0667,0,0,0,0.13,0.05,0,0,0,0,0,0,0.05,0,0.2,15.4445,8.8697,14.4177,18.155,5267
"p330","ssp370","MIROC-ES2L","2075",0.14,0.15,0.25,52,103.71,4.7151,0.1,0,0.65,0,0.12,0,0,0,0,0,0,0.05,0.05,0,0.4,16.3951,7.9695,12.2208,18.6726,5268
"p330","ssp370","MIROC-ES2L","2075",0.27,0.35,0,49,101.95,4.4395,0.1333,0,0.15,0,0.07,0.05,0,0,0,0,0,0.25,0,0,0.45,15.4931,10.2504,14.5457,19.5176,5269
"p330","ssp370","MIROC-ES2L","2075",0.45,0.15,0,63,102.31,4.6423,0.2667,0,0.3,0,0.14,0,0,0,0,0,0,0,0,0,0.15,17.3296,9.213,15.0717,17.1802,5270
"p330","ssp370","MIROC-ES2L","2075",0.21,0,0.1,51,98.17,4.5062,0.2,0,0.55,0,0.12,0,0,0,0,0.1,0,0,0,0,0.4,15.097,7.5819,13.7383,16.2705,5271
"p330","ssp370","MIROC-ES2L","2075",0.23,0,0.1,52,114.63,4.2973,0.1333,0,0.1,0,0,0,0,0,0,0,0,0.05,0.05,0,0.4,15.6714,9.7043,12.6063,18.4624,5272
"p330","ssp370","MIROC-ES2L","2075",0.11,0,0.15,52,113.41,4.7354,0.0167,0,0.8,0,0.13,0,0,0,0,0,0,0.2,0,0,0.95,16.52,6.7794,16.5595,19.6516,5273
"p330","ssp370","MIROC-ES2L","2075",0.33,0.55,0,54,108.12,4.5917,0.2,0,0.05,0,0.12,0,0,0,0,0,0,0.05,0,0,0.25,17.0835,10.6667,15.5483,19.1015,5274
"p330","ssp370","MIROC-ES2L","2075",0.3,0,0,46,104.27,4.5199,0.1667,0,0.05,0,0.12,0,0,0,0,0.15,0,0,0,0,0.1,15.7407,10.1387,15.6205,15.6408,5275
"p330","ssp370","MIROC-ES2L","2075",0.12,0,0,40,108.27,5.0828,0.1333,0,0.05,0,0.05,0,0,0,0,0,0,0.05,0,0,0.3,15.1245,9.1426,15.9478,16.4367,5276
"p330","ssp370","MIROC-ES2L","2075",0.2,0,0,60,101.53,4.5883,0.2167,0,0.1,0,0.06,0,0,0,0,0.4,0,0,0.05,0,0.15,16.4121,9.0715,14.7958,16.3482,5277
"p330","ssp370","MIROC-ES2L","2075",0.43,0.2,0,50,105.42,4.5399,0.0833,0,0.3,0,0.1,0,0,0,0,0.15,0,0.05,0.05,0,0.5,16.2438,8.7351,14.8735,18.0095,5278
"p330","ssp370","MIROC-ES2L","2075",0.38,0,0,35,101.49,4.3254,0.15,0,0.35,0,0,0,0,0,0,0.15,0,0,0,0,0.8,14.0767,8.9074,14.1788,18.745,5279
"p330","ssp370","MIROC-ES2L","2075",0.24,0.15,0.15,48,87.39,4.6686,0.3167,0,0,0,0.18,0,0,0,0,0,0,0,0,0,0.75,16.1966,11.7475,14.1903,16.6332,5280
"p330","ssp370","MIROC-ES2L","2075",0.24,0.25,0,62,108.44,4.3584,0.15,0,0.05,0,0.05,0,0,0,0,0,0,0,0,0,0.3,16.9525,11.6595,14.856,16.1534,5281
"p330","ssp370","MIROC-ES2L","2075",0.22,0.15,0,54,100.69,4.6805,0.0833,0,0.7,0,0.05,0,0,0,0,0.15,0,0.15,0,0,0.25,17.3252,6.5019,13.2697,19.1612,5282
"p330","ssp370","MIROC-ES2L","2075",0.25,0.1,0,46,111.18,4.7761,0.1,0,0.3,0,0.1,0,0,0,0,0.1,0,0.25,0.05,0,0.15,15.321,7.9297,13.6642,17.7241,5283
"p330","ssp370","MIROC-ES2L","2075",0.29,0.2,0,24,101.61,4.9537,0.1833,0,0.1,0,0.05,0,0,0,0,0,0,0,0,0.15,0.75,13.8793,9.2692,12.0595,19.4638,5284
"p330","ssp370","MIROC-ES2L","2075",0.22,0.9,0,50,106.55,4.6654,0.1167,0,0.25,0,0.06,0,0,0.5,0,0,0,0.1,0,0,0.2,16.5237,7.6492,16.2917,17.0416,5285
"p330","ssp370","MIROC-ES2L","2075",0.22,0.15,0,48,100.66,4.5021,0.1333,0,0.65,0,0.14,0,0,0,0,0.1,0,0.1,0.05,0,0.15,16.3599,7.9399,15.1687,17.5756,5286
"p330","ssp370","MIROC-ES2L","2075",0.31,0,0,46,110.58,4.884,0.15,0,0.3,0,0.09,0,0,0,0,0,0,0,0.05,0.15,0.85,15.5525,8.0143,15.556,18.2289,5287
"p330","ssp370","MIROC-ES2L","2075",0.32,0.3,0,50,111.9,4.635,0.1833,0,0.05,0,0.1,0,0,0,0,0.1,0,0,0,0,0.15,17.0022,9.9358,15.0623,17.575,5288
"p330","ssp370","MIROC-ES2L","2075",0.27,0,0,41,107.83,5.0758,0.1833,0,0.1,0,0.11,0,0,0,0,0,0,0,0,0,0.4,15.2351,9.3246,13.9852,16.3446,5289
"p330","ssp370","MIROC-ES2L","2075",0.13,0,0,33,109.33,4.5836,0.05,0,0.7,0,0.06,0,0,0,0,0,0,0,0,0,0.4,13.9873,5.9222,14.2665,16.0867,5290
"p330","ssp370","MIROC-ES2L","2075",0.21,0.1,0,55,112.91,4.6892,0.1167,0,0.3,0,0.06,0,0,0,0,0.1,0,0,0,0,0.25,16.1178,8.1412,15.175,14.6418,5291
"p330","ssp370","MIROC-ES2L","2075",0.16,0,0,32,101.12,4.5382,0.1,0,0.35,0,0.16,0,0,0,0,0,0,0.05,0,0,0.3,13.8784,8.2411,14.2868,17.8794,5292
"p330","ssp370","MIROC-ES2L","2075",0.06,0.15,0,37,103.68,5.0934,0.4833,0,0.3,0,0.1,0,0,0,0,0,0,0,0,0,0.25,14.2308,11.368,13.3238,15.97,5293
"p330","ssp370","MIROC-ES2L","2075",0.27,0.3,0,57,107.52,4.508,0.1167,0,0.05,0,0.09,0,0,0,0,0,0,0,0,0,0.2,16.5215,8.8498,13.3513,15.5789,5294
"p330","ssp370","MIROC-ES2L","2075",0,0.1,0,49,108.46,4.7267,0.2,0,0.45,0,0.13,0,0,0,0,0,0,0,0,0.3,0.55,15.7677,10.2989,16.2277,17.8467,5295
"p330","ssp370","MIROC-ES2L","2075",0.32,0.35,0,61,111.69,4.636,0.0833,0,0.8,0,0.11,0,0,0,0,0,0,0.05,0,0,0.2,17.3191,6.6145,17.1252,18.5942,5296
"p330","ssp370","MIROC-ES2L","2075",0.13,0,0,70,112.28,4.6395,0.15,0,0.35,0,0.08,0,0,0,0,0.2,0,0,0,0,0.05,16.3774,7.4347,17.741,16.1537,5297
"p330","ssp370","MIROC-ES2L","2075",0.2,0.3,0,47,108.29,4.662,0.2333,0,0.05,0,0.15,0,0,0,0,0,0,0,0,0,0.25,15.0223,10.2544,15.4225,14.2306,5298
"p330","ssp370","MIROC-ES2L","2075",0.27,0,0.1,66,96.59,4.3916,0.0667,0,0.5,0,0,0,0,0,0,0,0,0,0,0,0.35,16.8201,9.5435,11.9183,17.7741,5299
"p330","ssp370","MIROC-ES2L","2075",0.3,0.3,0,70,108.57,4.646,0.05,0,0.1,0,0.1,0,0,0,0,0,0,0,0,0,0.4,17.5858,8.4697,14.1592,14.5394,5300
"p330","ssp370","MIROC6","2075",0.16,0.1,0.15,53,103.23,4.9112,0.1667,0,0.4,0,0,0,0,0,0,0,0,0,0,0,0.25,16.1546,8.3126,12.3873,15.6107,5301
"p330","ssp370","MIROC6","2075",0.05,0.35,0,56,103.91,5.1474,0.0833,0,0,0,0.2,0,0,0,0,0.1,0,0,0,0,0.55,16.001,9.3578,14.0762,16.883,5302
"p330","ssp370","MIROC6","2075",0.15,0.2,0,47,106.82,4.9917,0.2,0,0.6,0,0.26,0,0,0,0,0.1,0,0,0,0,0.25,15.6202,8.3719,16.8718,16.5989,5303
"p330","ssp370","MIROC6","2075",0.31,0,0,52,106.83,4.9623,0.2667,0,0.05,0,0.08,0,0,0,0,0.2,0,0,0,0,0.2,14.5646,10.2043,12.1085,15.9861,5304
"p330","ssp370","MIROC6","2075",0.18,0,0,61,105.27,5.1034,0.1833,0,0.15,0,0.15,0,0,0.1,0,0,0,0,0,0,0.25,16.1824,9.0127,15.4908,15.5144,5305
"p330","ssp370","MIROC6","2075",0.22,0.1,0.1,52,111.43,5.1628,0.1167,0,0.45,0.05,0,0,0,0,0,0,0,0,0,0,0.4,15.1204,8.7105,10.2747,15.408,5306
"p330","ssp370","MIROC6","2075",0.17,0.2,0,48,102.71,4.9971,0.1333,0,0.35,0,0.12,0,0,0,0,0,0,0,0,0,0.1,16.0199,8.1509,12.0912,13.6365,5307
"p330","ssp370","MIROC6","2075",0.29,0.5,0,36,110.13,5.1338,0.15,0,0.25,0,0.06,0,0,0,0,0,0,0.1,0.05,0,0.45,14.7634,9.0727,13.2493,19.913,5308
"p330","ssp370","MIROC6","2075",0.41,0,0,74,102.76,4.3986,0.0833,0,0.45,0,0.1,0,0,0,0,0,0,0,0.05,0,0.2,17.2927,6.6552,15.4803,15.7974,5309
"p330","ssp370","MIROC6","2075",0.29,0.4,0,57,106.37,5.2683,0.25,0,0.65,0,0.16,0,0,0,0,0,0,0,0,0,0.2,16.6737,7.6458,15.1112,15.8547,5310
"p330","ssp370","MIROC6","2075",0.13,0.2,0.15,68,101.69,4.9866,0.15,0,0.1,0,0.19,0,0,0,0,0,0,0,0,0,0.2,17.3824,10.0881,16.0973,16.2909,5311
"p330","ssp370","MIROC6","2075",0.24,0,0.1,30,99.46,4.9644,0.05,0,0.5,0,0,0,0,0,0,0.1,0,0,0,0,0.2,13.5097,8.7131,13.5415,17.7335,5312
"p330","ssp370","MIROC6","2075",0.24,0.4,0,55,99.29,5.103,0.3333,0,0.2,0,0.1,0,0,0,0,0.15,0,0,0,0,0.25,16.8477,11.0415,16.3048,14.9634,5313
"p330","ssp370","MIROC6","2075",0.26,0,0,49,102.91,5.3731,0.2833,0,0,0,0.12,0,0,0,0,0.15,0,0,0,0,0.25,14.8798,10.9878,15.5328,16.0179,5314
"p330","ssp370","MIROC6","2075",0.1,0.25,0,52,104.81,5.0278,0.1667,0,0.05,0,0.05,0,0,0,0,0.1,0,0.1,0,0,0.3,15.5024,9.0993,15.0253,19.1598,5315
"p330","ssp370","MIROC6","2075",0.17,0,0,45,105.6,4.9656,0.1833,0,0.25,0,0.12,0,0,0,0,0.15,0,0,0,0,0.65,15.1533,8.7566,16.5537,17.1556,5316
"p330","ssp370","MIROC6","2075",0.13,0.1,0,50,105.36,4.9174,0.2167,0,0.2,0,0.11,0,0,0,0,0,0,0.05,0,0,0.35,15.2277,10.2456,16.7932,16.1462,5317
"p330","ssp370","MIROC6","2075",0.18,0.1,0,47,97.68,4.7657,0.0667,0,0.8,0,0,0,0,0,0,0.1,0,0,0,0,0.1,14.3612,6.1075,10.7533,14.8988,5318
"p330","ssp370","MIROC6","2075",0.32,0.4,0,49,105.13,4.7058,0.15,0,0.85,0,0.07,0,0,0,0,0,0,0,0,0,0.15,15.4884,7.2627,11.9723,15.678,5319
"p330","ssp370","MIROC6","2075",0.17,0.35,0,57,99.99,5.4252,0.1,0,0.95,0,0,0,0,0,0,0,0,0,0,0,0.6,16.7453,7.398,14.3827,18.4971,5320
"p330","ssp370","MIROC6","2075",0.2,0.15,0,58,102.5,4.5823,0.1667,0,0.15,0,0.07,0,0,0,0,0,0,0,0.05,0,0.7,16.5989,8.3993,14.6777,17.5285,5321
"p330","ssp370","MIROC6","2075",0.16,0,0,35,95.33,4.8468,0.1833,0,0.1,0,0.06,0,0,0,0,0,0,0,0,0,0.3,13.8391,10.1641,17.3858,18.7433,5322
"p330","ssp370","MIROC6","2075",0.16,0.35,0,43,107.45,4.8695,0.25,0,0.15,0.05,0.07,0,0,0,0,0,0,0,0,0,0.15,15.0259,10.2136,11.5098,14.1009,5323
"p330","ssp370","MIROC6","2075",0.43,0,0,52,103.57,4.4421,0.1167,0,0.35,0,0,0,0,0,0,0,0,0,0,0.15,0.2,15.0249,7.7832,13.8688,18.1345,5324
"p330","ssp370","MIROC6","2075",0.16,0.15,0,38,108.2,5.107,0.1,0,0.45,0.05,0,0,0,0,0,0.2,0,0,0,0,0.2,15.6586,8.3383,12.0058,15.2166,5325
"p330","ssp370","MIROC6","2075",0.25,0.3,0,54,105.63,4.8836,0.1667,0,0.1,0,0.06,0,0,0,0,0.1,0,0,0,0,0.25,17.2804,8.0708,15.8092,16.3462,5326
"p330","ssp370","MIROC6","2075",0.32,0,0,46,94.24,5.0292,0.1667,0,0.5,0,0.15,0,0,0,0,0.1,0,0.05,0,0,0.55,14.2881,7.5225,16.4503,18.2708,5327
"p330","ssp370","MIROC6","2075",0,0,0,46,110.44,4.9769,0.1833,0,0,0,0.05,0,0,0,0,0.15,0,0,0,0,0.15,14.5965,10.3668,12.2685,16.2189,5328
"p330","ssp370","MIROC6","2075",0.22,0.35,0,45,105.81,5.1096,0.1333,0,0.4,0,0,0,0,0,0,0,0,0,0,0,0.1,15.9585,8.2375,13.6107,14.6219,5329
"p330","ssp370","MIROC6","2075",0.32,0,0,38,106.91,4.9514,0.1333,0,1,0,0.14,0,0,0,0,0,0,0,0,0,0.25,14.4524,4.8747,14.8563,17.1341,5330
"p330","ssp370","MIROC6","2075",0.15,0,0.1,47,111.63,5.0226,0.1167,0,0.65,0,0.05,0,0,0,0,0.1,0,0,0,0,0.2,15.4403,6.2522,15.349,13.2644,5331
"p330","ssp370","MIROC6","2075",0.41,0,0,60,99.93,5.1115,0.1667,0,0,0,0.12,0,0,0,0,0,0,0,0,0,0.2,16.6162,8.5078,10.5742,15.3061,5332
"p330","ssp370","MIROC6","2075",0.32,0.25,0,56,106.77,5.2649,0.2167,0,0.35,0,0,0,0,0,0,0.15,0,0,0,0,0.4,15.7241,9.3356,17.3523,16.3787,5333
"p330","ssp370","MIROC6","2075",0.22,0,0,45,91.98,5.0111,0.2,0,0.3,0,0.12,0,0,0,0,0,0,0,0,0.15,0.45,14.982,10.6799,15.1765,17.3721,5334
"p330","ssp370","MIROC6","2075",0.43,0.15,0,50,97.46,5.221,0.1833,0,0.3,0,0.06,0,0,0,0,0,0,0,0,0,0.6,15.7076,8.5152,11.576,16.3492,5335
"p330","ssp370","MIROC6","2075",0.32,0.65,0,52,111.34,5.2525,0.15,0,0.35,0,0.13,0,0,0,0,0,0,0,0,0,0,16.2191,8.3766,13.9392,12.027,5336
"p330","ssp370","MIROC6","2075",0.25,0.25,0,51,95.11,4.8271,0.2833,0,0.3,0,0.07,0,0,0,0,0.3,0,0,0.05,0,0.25,15.1269,9.3828,15.9687,16.2107,5337
"p330","ssp370","MIROC6","2075",0.15,0.25,0,41,105.53,4.2519,0.05,0,0.7,0,0.06,0,0,0,0,0.1,0,0.05,0,0,0.25,14.7002,6.0586,14.4323,17.9023,5338
"p330","ssp370","MIROC6","2075",0.27,0.5,0,50,101.41,4.7049,0.05,0,1,0,0.05,0,0,0.25,0,0,0,0,0,0,0.5,15.5939,3.7632,17.1828,18.0309,5339
"p330","ssp370","MIROC6","2075",0.33,0,0,45,106.58,5.1564,0.1667,0,0.25,0,0.21,0,0,0,0,0,0,0,0,0,0.2,14.2869,9.5659,17.4063,16.8111,5340
"p330","ssp370","MIROC6","2075",0.29,0.3,0,66,90.93,4.8902,0.1667,0,0.2,0,0.12,0,0,0,0,0,0,0.05,0,0,0.3,16.8161,8.5829,12.1318,17.1446,5341
"p330","ssp370","MIROC6","2075",0.16,0,0,43,97.89,5.0172,0.2,0,0.3,0,0,0,0,0,0,0,0,0.1,0,0,0.2,15.3563,8.3792,14.5068,15.9018,5342
"p330","ssp370","MIROC6","2075",0.16,0.15,0,37,107.74,4.7134,0.2,0,0.65,0,0.07,0,0,0,0,0,0,0.1,0,0,0.2,14.8149,7.6317,12.1512,16.0233,5343
"p330","ssp370","MIROC6","2075",0.29,0.45,0,64,103.88,5.1889,0.1833,0,0.2,0,0.07,0,0,0,0,0.35,0,0,0,0,0.2,17.2251,9.0763,13.0013,14.0553,5344
"p330","ssp370","MIROC6","2075",0.15,0.5,0,38,111.44,4.8965,0.0833,0,1,0,0.09,0,0,0,0,0.3,0,0,0,0,0.2,13.6652,5.1066,14.1072,14.0012,5345
"p330","ssp370","MIROC6","2075",0.23,0.35,0,46,107.29,5.2428,0.1833,0,0,0,0.05,0,0,0,0,0,0,0,0,0,0.3,15.4753,9.3269,11.3375,15.1962,5346
"p330","ssp370","MIROC6","2075",0.37,0.15,0,61,100.59,5.1976,0.3167,0,0.2,0,0.07,0,0,0,0,0.1,0,0,0,0,0.2,15.7936,10.7397,13.9325,15.5726,5347
"p330","ssp370","MIROC6","2075",0.19,0.4,0,46,106.38,5.2889,0.1667,0,0,0,0.05,0,0,0,0,0,0,0.1,0,0,0.45,15.3783,9.3687,13.036,17.1698,5348
"p330","ssp370","MIROC6","2075",0.15,0,0,46,113.49,5.141,0.1333,0,0.05,0,0.17,0,0,0,0,0.1,0,0,0,0,0.25,15.61,9.6772,14.8098,15.7132,5349
"p330","ssp370","MIROC6","2075",0.11,0,0,46,102.89,4.9344,0.1333,0,1,0,0.22,0,0,0,0,0,0,0.05,0.1,0,0.3,15.2946,3.462,13.3418,18.9542,5350
"p330","ssp370","MIROC6","2075",0.43,0,0,51,103.16,4.7335,0.05,0,0.8,0,0.1,0.05,0,0,0,0,0,0.05,0,0,0.2,14.7685,5.5532,15.7898,17.2698,5351
"p330","ssp370","MIROC6","2075",0.12,0.15,0,42,102.16,4.7668,0.05,0,0.65,0,0.11,0,0,0,0,0.15,0,0,0,0,0.05,14.2043,6.3804,14.0897,14.055,5352
"p330","ssp370","MIROC6","2075",0.11,0,0,55,107.48,4.3393,0.2,0,0.9,0,0.17,0,0,0,0,0.1,0,0,0,0,0.15,15.8532,6.1187,16.797,16.8507,5353
"p330","ssp370","MIROC6","2075",0.29,0.2,0,39,107.28,4.5959,0.0333,0,1,0,0.06,0,0,0,0,0,0,0.05,0,0,0.2,14.4198,4.4053,12.4403,17.3674,5354
"p330","ssp370","MIROC6","2075",0.39,0.2,0,55,105.17,4.9442,0.1,0,0.5,0,0.1,0,0,0,0,0,0,0,0,0,0.4,16.1228,10.0148,15.3612,15.68,5355
"p330","ssp370","MIROC6","2075",0.18,0,0,56,100.06,5.0701,0.2,0,0.15,0,0.07,0,0,0,0,0,0,0.25,0,0,0.15,16.2208,8.5883,13.5988,18.1762,5356
"p330","ssp370","MIROC6","2075",0.07,0,0,42,102.39,4.9981,0.2,0,0,0,0.06,0,0,0,0,0,0,0,0,0,0.5,15.3259,11.8425,11.2465,16.1443,5357
"p330","ssp370","MIROC6","2075",0.33,0,0,32,110.47,5.2263,0.1167,0,0.35,0,0.13,0,0,0.3,0,0,0,0,0.05,0,0.4,13.514,8.845,18.786,16.318,5358
"p330","ssp370","MIROC6","2075",0.12,0.3,0.25,47,105.91,4.8638,0.0833,0,0.3,0,0.08,0,0,0,0,0.1,0,0,0,0,0.45,15.7747,7.4667,13.765,17.3264,5359
"p330","ssp370","MIROC6","2075",0.37,0.4,0,56,106.74,4.8793,0.1,0,0.8,0,0.1,0,0,0,0,0.15,0,0,0,0,0.9,15.7814,6.3596,13.8943,17.6123,5360
"p330","ssp370","MIROC6","2075",0.37,0.35,0,57,98.32,5.413,0.1,0,0.25,0.05,0.15,0,0,0,0,0,0,0,0,0,0.2,16.5262,8.204,13.4148,15.3462,5361
"p330","ssp370","MIROC6","2075",0.29,0.3,0,46,107.13,5.2662,0.3,0,0,0.05,0.09,0,0,0,0,0,0,0,0,0,0.1,14.5029,10.7285,13.992,12.9962,5362
"p330","ssp370","MIROC6","2075",0.33,0,0,22,99.66,5.1362,0.1,0,0.5,0,0.1,0,0,0,0,0.1,0,0.05,0,0,0.25,11.8462,7.46,15.5232,17.0959,5363
"p330","ssp370","MIROC6","2075",0.29,0,0,30,101.38,5.1944,0.1167,0,0.05,0,0.06,0,0,0,0,0.1,0,0,0,0,0.25,13.0132,9.9616,13.731,17.3979,5364
"p330","ssp370","MIROC6","2075",0.1,0,0,45,111.78,4.6828,0.1667,0,0.1,0,0.05,0,0,0,0,0,0,0.15,0,0,0.25,14.9771,8.7011,12.7127,20.9738,5365
"p330","ssp370","MIROC6","2075",0.15,0,0.15,42,111,5.2015,0.1333,0,0.35,0,0,0,0,0,0,0.2,0,0,0,0,0.2,14.7936,7.8043,16.769,18.7555,5366
"p330","ssp370","MIROC6","2075",0.35,0.25,0,47,98.61,4.693,0.1,0,0,0,0.17,0,0,0,0,0,0,0,0,0,0.2,15.1915,8.5343,13.898,17.4141,5367
"p330","ssp370","MIROC6","2075",0.14,0.2,0.15,49,103.96,5.0693,0.1,0,0.8,0,0.12,0,0,0,0,0,0,0.05,0.05,0,0.4,16.1463,7.6342,11.703,17.9329,5368
"p330","ssp370","MIROC6","2075",0.29,0.35,0,48,101.78,4.7771,0.1667,0,0.15,0,0.1,0,0,0,0,0,0,0.1,0,0,0.35,15.2307,9.915,14.0175,18.8051,5369
"p330","ssp370","MIROC6","2075",0.45,0.15,0,60,102.3,4.9597,0.2667,0,0.4,0,0.14,0,0,0,0,0,0,0,0,0,0.15,17.0709,8.8776,14.5473,16.4445,5370
"p330","ssp370","MIROC6","2075",0.21,0,0.1,49,96.18,4.8246,0.2167,0,0.7,0,0.12,0,0,0,0,0,0,0,0,0,0.4,14.8429,7.2469,13.217,15.5311,5371
"p330","ssp370","MIROC6","2075",0.23,0,0,52,112.85,4.6021,0.1667,0,0.1,0,0,0,0,0,0,0,0,0.05,0.05,0,0.35,15.4213,9.3698,12.0885,17.722,5372
"p330","ssp370","MIROC6","2075",0.11,0,0.15,52,110.27,5.1001,0.1,0,0.8,0,0.13,0,0,0,0,0,0,0.1,0,0,0.95,16.2568,6.4438,16.0305,18.9391,5373
"p330","ssp370","MIROC6","2075",0.33,0.8,0,52,107.54,4.9168,0.2,0,0.2,0,0.12,0,0,0,0,0,0,0.05,0,0,0.25,16.8242,10.3306,15.024,18.368,5374
"p330","ssp370","MIROC6","2075",0.29,0.15,0,45,100.79,4.8585,0.1833,0,0.1,0,0.13,0,0,0,0,0.15,0,0,0,0,0.1,15.4851,9.8033,15.0978,14.9018,5375
"p330","ssp370","MIROC6","2075",0.12,0,0,39,108.17,5.4468,0.1833,0,0.1,0,0.07,0,0,0,0,0,0,0,0,0,0.25,14.8734,8.8077,15.4285,15.6979,5376
"p330","ssp370","MIROC6","2075",0.2,0.1,0,57,97.76,4.9321,0.2167,0,0.1,0,0.06,0,0,0,0,0.3,0,0,0.05,0,0.1,16.1481,8.7358,14.2667,15.6369,5377
"p330","ssp370","MIROC6","2075",0.43,0.3,0,50,100.64,4.8819,0.1,0,0.3,0,0.12,0,0,0,0,0.15,0,0.05,0.05,0,0.5,15.9831,8.3998,14.3477,17.2768,5378
"p330","ssp370","MIROC6","2075",0.38,0,0,34,96.43,4.6158,0.15,0,0.35,0,0,0,0,0,0,0.15,0,0,0,0,0.65,13.8207,8.5723,13.6563,18.0068,5379
"p330","ssp370","MIROC6","2075",0.24,0.15,0,47,87.5,5.0264,0.35,0,0,0,0.18,0,0,0,0,0,0,0,0.05,0,0.5,15.9449,11.4123,13.6708,15.8897,5380
"p330","ssp370","MIROC6","2075",0.22,0.25,0,59,105.73,4.6878,0.1833,0,0.05,0,0.05,0,0,0,0,0,0,0,0,0,0.3,16.689,11.3238,14.327,15.445,5381
"p330","ssp370","MIROC6","2075",0.3,0.3,0,52,99.53,5.0333,0.1,0,0.75,0,0.05,0,0,0,0,0,0,0.15,0,0,0.2,17.0668,6.1662,12.7428,18.4245,5382
"p330","ssp370","MIROC6","2075",0.25,0.1,0,43,109.9,5.1173,0.15,0,0.35,0,0.13,0,0,0,0,0.1,0,0.25,0.05,0,0.15,15.0665,7.5938,13.1418,16.9821,5383
"p330","ssp370","MIROC6","2075",0.29,0.3,0,23,100.54,5.3205,0.2167,0,0.2,0,0.05,0,0,0,0,0,0,0,0,0.15,0.55,13.6292,8.934,11.5398,18.7233,5384
"p330","ssp370","MIROC6","2075",0.24,0.9,0,49,106.33,4.9955,0.1167,0,0.35,0,0.08,0,0,0.3,0,0,0,0.05,0,0,0.05,16.2601,7.3131,15.761,16.3341,5385
"p330","ssp370","MIROC6","2075",0.23,0.15,0,47,99.33,4.8381,0.15,0,0.65,0,0.15,0,0,0,0,0.1,0,0.05,0.05,0,0.1,16.1008,7.6035,14.6415,16.84,5386
"p330","ssp370","MIROC6","2075",0.39,0,0,45,106.37,5.2565,0.15,0,0.45,0,0.09,0,0,0,0,0,0,0,0.05,0,0.8,15.2972,7.6786,15.0322,17.4871,5387
"p330","ssp370","MIROC6","2075",0.33,0.45,0,50,108.73,4.9712,0.2167,0,0.1,0,0.1,0,0,0,0,0.1,0,0,0,0,0.2,16.7514,9.6009,14.5427,16.8344,5388
"p330","ssp370","MIROC6","2075",0.32,0,0,39,106.08,5.4475,0.2167,0,0.2,0,0.11,0,0,0,0,0,0,0,0,0,0.25,14.9703,8.9885,13.4543,15.6385,5389
"p330","ssp370","MIROC6","2075",0.21,0,0,33,105.06,4.9399,0.05,0,0.95,0,0.1,0,0,0,0,0,0,0,0,0,0.15,13.7269,5.5865,13.739,15.3514,5390
"p330","ssp370","MIROC6","2075",0.22,0,0,53,108.96,5.033,0.1167,0,0.5,0,0.06,0,0,0,0,0,0,0,0,0,0.25,15.8614,7.8051,14.6502,13.9014,5391
"p330","ssp370","MIROC6","2075",0.16,0,0,30,97.66,4.8777,0.1,0,0.5,0,0.16,0,0,0,0,0,0,0.05,0,0,0.2,13.6266,7.9058,13.7663,17.1394,5392
"p330","ssp370","MIROC6","2075",0.06,0.15,0,37,99.92,5.4607,0.5167,0,0.3,0,0.14,0,0,0,0,0,0,0,0,0,0.25,13.9649,11.0322,12.7928,15.2653,5393
"p330","ssp370","MIROC6","2075",0.27,0.3,0,53,103.69,4.8368,0.1167,0,0.05,0,0.14,0,0,0,0,0,0,0,0,0,0.15,16.2607,8.5142,12.8232,14.8445,5394
"p330","ssp370","MIROC6","2075",0,0.1,0,48,102.83,5.0842,0.2,0,0.65,0,0.13,0,0,0,0,0,0,0,0,0.3,0.4,15.5112,9.9628,15.7023,17.1065,5395
"p330","ssp370","MIROC6","2075",0.32,0.2,0,61,110.01,4.9751,0.1167,0,1,0,0.11,0,0,0,0,0,0,0,0,0,0.1,17.0662,6.2787,16.6035,17.8562,5396
"p330","ssp370","MIROC6","2075",0.05,0,0,65,109.46,4.9877,0.2167,0,0.5,0,0.08,0,0,0,0,0.1,0,0,0,0,0.05,16.1111,7.0988,17.2092,15.4504,5397
"p330","ssp370","MIROC6","2075",0.19,0.3,0,45,106.24,5.0113,0.2667,0,0.05,0,0.15,0,0,0,0,0,0,0,0,0,0,14.7597,9.918,14.8935,13.4977,5398
"p330","ssp370","MIROC6","2075",0.27,0,0,62,94.57,4.6985,0.1167,0,0.55,0,0.05,0,0,0,0,0,0,0,0,0,0.25,16.5623,9.2075,11.393,17.035,5399
"p330","ssp370","MIROC6","2075",0.3,0.3,0,68,106.93,5.001,0.05,0,0.2,0,0.1,0,0,0,0,0,0,0,0,0,0.4,17.332,8.1342,13.6363,13.8018,5400
"p330","ssp370","MPI-ESM1-2-LR","2075",0.16,0.2,0.15,58,105.07,4.4726,0.0667,0,0.55,0,0,0,0,0,0,0,0,0,0,0,0.25,16.4351,7.1406,11.003,14.9738,5401
"p330","ssp370","MPI-ESM1-2-LR","2075",0.05,0.65,0,59,109.43,4.7089,0.05,0,0,0,0.08,0,0,0,0,0,0,0,0,0,0.2,16.2777,8.1859,12.6883,16.2485,5402
"p330","ssp370","MPI-ESM1-2-LR","2075",0.17,0,0,54,109.71,4.526,0.1333,0,0.65,0,0.24,0,0,0,0,0.1,0,0,0,0,0.2,15.893,7.1991,15.4827,15.965,5403
"p330","ssp370","MPI-ESM1-2-LR","2075",0.31,0,0,56,106.62,4.4944,0.15,0,0.1,0,0.08,0,0,0,0,0.2,0,0,0,0,0.15,14.834,9.0292,10.722,15.3445,5404
"p330","ssp370","MPI-ESM1-2-LR","2075",0.18,0,0,64,110.1,4.6275,0.0667,0,0.25,0,0.05,0,0,0,0,0.1,0,0,0,0,0.25,16.4634,7.8414,14.1067,14.8775,5405
"p330","ssp370","MPI-ESM1-2-LR","2075",0.28,0.15,0.1,51,112.8,4.7028,0.05,0,0.5,0.05,0,0,0,0,0,0,0,0,0,0,0.3,15.3983,7.538,8.8877,14.7736,5406
"p330","ssp370","MPI-ESM1-2-LR","2075",0.22,0.2,0,52,105.46,4.5184,0.05,0,0.5,0,0.12,0,0,0,0,0,0,0,0,0,0.05,16.294,6.9779,10.702,13.0012,5407
"p330","ssp370","MPI-ESM1-2-LR","2075",0.34,0.5,0,38,105.43,4.6699,0.0667,0,0.3,0,0.06,0,0,0,0,0,0,0.05,0.05,0,0.55,15.033,7.8968,11.8623,19.2712,5408
"p330","ssp370","MPI-ESM1-2-LR","2075",0.41,0,0,76,98.93,4.0053,0.05,0,0.75,0,0.1,0,0,0,0,0,0,0,0,0,0.05,17.5742,5.4834,14.0967,15.16,5409
"p330","ssp370","MPI-ESM1-2-LR","2075",0.31,0.55,0,58,104.32,4.7582,0.1667,0,0.85,0,0.16,0,0,0,0,0,0,0,0,0,0.1,16.9518,6.4743,13.7248,15.2208,5410
"p330","ssp370","MPI-ESM1-2-LR","2075",0.13,0.2,0.15,67,103.77,4.5517,0.0833,0,0.25,0,0.14,0,0,0,0,0,0,0,0,0,0.1,17.6563,8.9154,14.708,15.6573,5411
"p330","ssp370","MPI-ESM1-2-LR","2075",0.23,0,0.1,31,102.81,4.5125,0.0333,0,0.55,0,0,0,0,0,0,0,0,0,0,0,0.05,13.7796,7.5378,12.155,17.0909,5412
"p330","ssp370","MPI-ESM1-2-LR","2075",0.24,0.4,0,56,104.93,4.6632,0.25,0,0.2,0,0.1,0,0,0,0,0.1,0,0,0,0,0.15,17.1305,9.8699,14.9215,14.3272,5413
"p330","ssp370","MPI-ESM1-2-LR","2075",0.26,0,0,49,105.14,4.8787,0.1833,0,0.05,0,0.12,0,0,0,0,0.15,0,0,0,0,0.15,15.1586,9.8154,14.1467,15.3858,5414
"p330","ssp370","MPI-ESM1-2-LR","2075",0.1,0.25,0,56,109.72,4.573,0.0833,0,0.15,0,0,0,0,0,0,0.3,0,0.05,0,0,0.3,15.777,7.9265,13.637,18.5262,5415
"p330","ssp370","MPI-ESM1-2-LR","2075",0.17,0,0,54,110.07,4.5179,0.0833,0,0.25,0,0.12,0,0,0,0,0.35,0,0,0,0,0.5,15.4243,7.5814,15.1683,16.5144,5416
"p330","ssp370","MPI-ESM1-2-LR","2075",0.13,0.1,0,51,106.86,4.4917,0.0833,0,0.2,0,0.11,0,0,0,0,0,0,0,0,0,0.3,15.5114,9.0745,15.4105,15.5104,5417
"p330","ssp370","MPI-ESM1-2-LR","2075",0.18,0.1,0,48,94.49,4.3322,0.0167,0,1,0,0,0,0,0,0,0,0,0,0,0,0.1,14.6405,4.9357,9.3677,14.2664,5418
"p330","ssp370","MPI-ESM1-2-LR","2075",0.37,0.4,0,50,105,4.2379,0.05,0,0.95,0,0,0,0,0,0,0,0,0,0,0,0.15,15.7643,6.0902,10.5852,15.0438,5419
"p330","ssp370","MPI-ESM1-2-LR","2075",0.17,0.4,0,59,103.88,4.9644,0.0333,0,1,0,0,0,0,0,0,0,0,0,0,0,0.55,17.0172,6.2229,12.998,17.8558,5420
"p330","ssp370","MPI-ESM1-2-LR","2075",0.2,0.25,0,64,99.67,4.1647,0.1,0,0.2,0,0.07,0,0,0,0,0.2,0,0,0,0,0.6,16.8827,7.2292,13.2957,16.8919,5421
"p330","ssp370","MPI-ESM1-2-LR","2075",0.15,0,0,37,98.42,4.395,0.0667,0,0.1,0,0.06,0,0,0,0,0,0,0,0,0,0.2,14.1195,8.9918,15.9998,18.1109,5422
"p330","ssp370","MPI-ESM1-2-LR","2075",0.16,0.35,0,46,113.78,4.4248,0.1333,0,0.3,0.05,0.06,0,0,0,0,0,0,0,0,0,0.05,15.3024,9.041,10.1218,13.4673,5423
"p330","ssp370","MPI-ESM1-2-LR","2075",0.43,0,0,55,105.6,4.0328,0,0,0.65,0,0,0,0,0,0,0,0,0,0,0.15,0.15,15.2973,6.6083,12.4835,17.4935,5424
"p330","ssp370","MPI-ESM1-2-LR","2075",0.16,0.15,0,41,109.58,4.6433,0.0667,0,0.5,0.05,0,0,0,0,0,0,0,0,0,0,0.15,15.9437,7.1678,10.6252,14.5812,5425
"p330","ssp370","MPI-ESM1-2-LR","2075",0.28,0.6,0,57,109.71,4.4253,0.0833,0,0.1,0,0.06,0,0,0,0,0,0,0,0,0,0.2,17.5616,6.8998,14.4257,15.7144,5426
"p330","ssp370","MPI-ESM1-2-LR","2075",0.32,0,0,46,95.19,4.5857,0.0333,0,0.7,0,0.06,0,0,0,0,0,0,0.05,0,0,0.4,14.5648,6.3502,15.064,17.638,5427
"p330","ssp370","MPI-ESM1-2-LR","2075",0,0,0,47,108.85,4.5317,0.05,0,0,0,0.05,0,0,0,0,0.15,0,0,0,0,0.15,14.8698,9.1918,10.8848,15.5771,5428
"p330","ssp370","MPI-ESM1-2-LR","2075",0.22,0.4,0,50,108.27,4.6075,0.0333,0,0.55,0,0,0,0,0,0,0,0,0,0,0,0.05,16.2443,7.0668,12.2298,13.9865,5429
"p330","ssp370","MPI-ESM1-2-LR","2075",0.32,0,0,42,105.05,4.547,0.05,0,1,0,0.12,0,0,0,0,0,0,0,0,0,0.2,14.7348,3.703,13.4725,16.5018,5430
"p330","ssp370","MPI-ESM1-2-LR","2075",0.15,0,0,53,111.44,4.5619,0.0667,0,0.65,0,0,0,0,0,0,0,0,0,0,0,0.1,15.7181,5.0809,13.9625,12.6312,5431
"p330","ssp370","MPI-ESM1-2-LR","2075",0.42,0,0,60,98.64,4.6483,0.05,0,0,0,0.11,0,0,0,0,0,0,0,0,0,0.25,16.8906,7.333,9.1897,14.6644,5432
"p330","ssp370","MPI-ESM1-2-LR","2075",0.32,0.25,0,59,106.68,4.7853,0.05,0,0.45,0,0,0,0,0,0,0.15,0,0,0,0,0.25,16.0105,8.1651,15.9728,15.7424,5433
"p330","ssp370","MPI-ESM1-2-LR","2075",0.21,0,0,53,96.46,4.5534,0.1167,0,0.35,0,0.12,0,0,0,0,0.2,0,0,0,0,0.45,15.2644,9.509,13.7933,16.7394,5434
"p330","ssp370","MPI-ESM1-2-LR","2075",0.44,0.15,0,56,102.62,4.7414,0.1,0,0.4,0,0.06,0,0,0,0,0,0,0,0,0,0.55,15.9864,7.343,10.1907,15.7164,5435
"p330","ssp370","MPI-ESM1-2-LR","2075",0.37,0.65,0,53,112.98,4.7863,0.0833,0,0.5,0,0.12,0,0,0,0,0,0,0,0,0,0,16.4939,7.2029,12.5555,11.3864,5436
"p330","ssp370","MPI-ESM1-2-LR","2075",0.25,0.45,0,51,97.58,4.3977,0.15,0,0.45,0,0.07,0,0,0,0,0.45,0,0,0.05,0,0.2,15.4146,8.2123,14.5897,15.5757,5437
"p330","ssp370","MPI-ESM1-2-LR","2075",0.15,0.25,0,42,104,3.8603,0.0167,0,0.75,0,0.06,0,0,0,0,0.1,0,0,0,0,0.25,14.9837,4.8872,13.0498,17.2706,5438
"p330","ssp370","MPI-ESM1-2-LR","2075",0.28,0.5,0,53,97.52,4.269,0.0167,0,1,0,0.05,0,0,0,0,0.1,0,0,0,0,0.4,15.8735,2.5918,15.7977,17.3982,5439
"p330","ssp370","MPI-ESM1-2-LR","2075",0.33,0,0,51,109.73,4.6677,0.05,0,0.3,0,0.21,0,0,0,0,0.1,0,0,0,0,0.2,14.5628,8.392,16.0248,16.1709,5440
"p330","ssp370","MPI-ESM1-2-LR","2075",0.29,0.3,0,68,92.26,4.4503,0.0833,0,0.4,0,0.05,0,0,0,0,0,0,0,0,0.15,0.2,17.1041,7.4123,10.7527,16.5082,5441
"p330","ssp370","MPI-ESM1-2-LR","2075",0.16,0,0,51,95.6,4.555,0.1167,0,0.5,0,0,0,0,0,0,0,0,0.05,0,0,0.1,15.6407,7.2086,13.1252,15.2697,5442
"p330","ssp370","MPI-ESM1-2-LR","2075",0.16,0.15,0,40,108.08,4.2738,0.0833,0,0.7,0,0,0,0,0,0,0,0,0,0,0,0.05,15.0957,6.4601,10.7663,15.3905,5443
"p330","ssp370","MPI-ESM1-2-LR","2075",0.29,0.45,0,68,104,4.7241,0.0667,0,0.25,0,0.07,0,0,0,0,0.35,0,0,0,0,0.05,17.5024,7.9023,11.6192,13.415,5444
"p330","ssp370","MPI-ESM1-2-LR","2075",0.15,0.5,0,39,109.08,4.457,0.0333,0,1,0,0.06,0,0,0,0,0.2,0,0,0,0,0.2,13.9546,3.9359,12.7293,13.3657,5445
"p330","ssp370","MPI-ESM1-2-LR","2075",0.23,0.35,0,50,105.79,4.7634,0.1,0,0.05,0,0.05,0,0,0,0,0,0,0,0,0,0.2,15.7602,8.1565,9.9567,14.565,5446
"p330","ssp370","MPI-ESM1-2-LR","2075",0.4,0.25,0,62,99.48,4.694,0.2,0,0.35,0,0.06,0,0,0,0,0.15,0,0,0,0,0.1,16.0747,9.5677,12.5473,14.9405,5447
"p330","ssp370","MPI-ESM1-2-LR","2075",0.19,0.25,0,49,110.17,4.8274,0.0833,0,0,0,0.05,0,0,0,0,0,0,0.05,0.05,0,0.5,15.6557,8.1952,11.6545,16.5308,5448
"p330","ssp370","MPI-ESM1-2-LR","2075",0.17,0,0,48,113.27,4.6938,0.0667,0,0.1,0,0.17,0,0,0,0,0.1,0,0,0,0,0.15,15.8991,8.5072,13.4318,15.0776,5449
"p330","ssp370","MPI-ESM1-2-LR","2075",0.11,0,0,50,100.91,4.4932,0.1,0,1,0,0.17,0,0,0,0,0,0,0,0,0,0.5,15.5801,2.2917,11.9613,18.3233,5450
"p330","ssp370","MPI-ESM1-2-LR","2075",0.43,0,0,52,102,4.3327,0,0,0.9,0,0.1,0.05,0,0,0,0.1,0,0.05,0,0,0.2,15.0507,4.3814,14.4058,16.6379,5451
"p330","ssp370","MPI-ESM1-2-LR","2075",0.12,0.15,0,46,102.01,4.3184,0.0167,0,0.9,0,0.05,0,0,0,0,0.2,0,0,0,0,0.05,14.4825,5.2068,12.7077,13.4153,5452
"p330","ssp370","MPI-ESM1-2-LR","2075",0.11,0,0,56,107.04,3.9524,0.1333,0,1,0,0.14,0,0,0,0,0.35,0,0,0,0,0.1,16.1435,4.948,15.4203,16.2151,5453
"p330","ssp370","MPI-ESM1-2-LR","2075",0.29,0.2,0,41,107.69,4.2087,0,0,1,0,0.06,0,0,0,0,0,0,0,0,0,0.2,14.7064,3.2346,11.0597,16.7359,5454
"p330","ssp370","MPI-ESM1-2-LR","2075",0.39,0.3,0,56,104.98,4.4799,0.0333,0,0.6,0,0.1,0,0,0,0,0,0,0,0,0.15,0.35,16.4054,8.8445,13.9775,15.0477,5455
"p330","ssp370","MPI-ESM1-2-LR","2075",0.22,0,0,58,103.07,4.6238,0.1,0,0.3,0,0.07,0,0,0,0,0,0,0.2,0,0,0.15,16.4995,7.4148,12.2183,17.5356,5456
"p330","ssp370","MPI-ESM1-2-LR","2075",0.07,0,0,47,104.55,4.5268,0.1167,0,0,0,0.06,0,0,0,0,0,0,0,0,0,0.3,15.6169,10.6728,9.8693,15.5091,5457
"p330","ssp370","MPI-ESM1-2-LR","2075",0.33,0,0,38,112.99,4.764,0.1,0,0.5,0,0.07,0,0,0,0,0,0,0,0.05,0,0.55,13.8009,7.6748,17.406,15.6868,5458
"p330","ssp370","MPI-ESM1-2-LR","2075",0.12,0.3,0.25,48,105.48,4.4419,0.0667,0,0.4,0,0.08,0,0,0,0,0,0,0,0,0,0.4,16.0582,6.2958,12.383,16.6939,5459
"p330","ssp370","MPI-ESM1-2-LR","2075",0.37,0.4,0,55,109.04,4.4581,0.0667,0,0.8,0,0.1,0,0,0,0,0,0,0,0,0,0.55,16.061,5.1858,12.5142,16.9727,5460
"p330","ssp370","MPI-ESM1-2-LR","2075",0.37,0.35,0,57,95.46,4.9104,0.0667,0,0.4,0.05,0.14,0,0,0,0,0,0,0,0,0,0.2,16.8185,7.034,12.0385,14.7115,5461
"p330","ssp370","MPI-ESM1-2-LR","2075",0.3,0.3,0,46,109.86,4.7822,0.1833,0,0,0.1,0.09,0,0,0,0,0,0,0,0,0,0,14.7913,9.5586,12.6128,12.365,5462
"p330","ssp370","MPI-ESM1-2-LR","2075",0.33,0,0,24,101.84,4.6675,0.05,0,0.65,0,0.05,0,0,0,0,0.1,0,0,0,0,0.25,12.1307,6.2892,14.1405,16.4653,5463
"p330","ssp370","MPI-ESM1-2-LR","2075",0.36,0,0,36,106.03,4.7069,0.0667,0,0.05,0,0.06,0,0,0,0,0.1,0,0,0,0,0.2,13.2933,8.7888,12.3513,16.7588,5464
"p330","ssp370","MPI-ESM1-2-LR","2075",0.1,0,0,44,115.05,4.2803,0.0833,0,0.2,0,0,0,0,0,0,0,0,0.15,0,0,0.3,15.2698,7.5315,11.3367,20.3381,5465
"p330","ssp370","MPI-ESM1-2-LR","2075",0.15,0,0.15,46,111.59,4.7444,0.0667,0,0.45,0,0,0,0,0,0,0.35,0,0,0,0,0.15,15.0823,6.6337,15.3905,18.125,5466
"p330","ssp370","MPI-ESM1-2-LR","2075",0.37,0.4,0,49,104.85,4.2507,0.05,0,0.15,0,0.13,0,0,0,0,0,0,0,0,0,0.15,15.4759,7.3641,12.516,16.7827,5467
"p330","ssp370","MPI-ESM1-2-LR","2075",0.14,0.2,0.1,52,105.1,4.6413,0.0833,0,0.8,0,0,0,0,0,0,0,0,0,0,0,0.25,16.4271,6.4613,10.324,17.2926,5468
"p330","ssp370","MPI-ESM1-2-LR","2075",0.29,0.35,0,49,103.32,4.3642,0.05,0,0.2,0,0.07,0.05,0,0,0,0,0,0,0,0,0.3,15.5236,8.7443,12.6427,18.1694,5469
"p330","ssp370","MPI-ESM1-2-LR","2075",0.45,0.15,0,63,102.41,4.5058,0.15,0,0.55,0,0.14,0,0,0,0,0,0,0,0,0,0.05,17.3607,7.7069,13.1698,15.8141,5470
"p330","ssp370","MPI-ESM1-2-LR","2075",0.2,0,0,58,94.86,4.3756,0.1,0,0.9,0,0.1,0,0,0,0,0,0,0,0,0,0.4,15.1284,6.0758,11.8362,14.8994,5471
"p330","ssp370","MPI-ESM1-2-LR","2075",0.28,0,0,59,113.46,4.149,0.1,0,0.15,0,0,0,0,0,0,0,0,0,0.05,0,0.35,15.7034,8.1972,10.7107,17.0827,5472
"p330","ssp370","MPI-ESM1-2-LR","2075",0.16,0,0,52,111.58,4.6502,0.0167,0,0.9,0,0.13,0,0,0,0,0.2,0,0.05,0,0.15,0.7,16.551,5.2742,14.6567,18.3035,5473
"p330","ssp370","MPI-ESM1-2-LR","2075",0.33,0.8,0,52,108.23,4.4662,0.1333,0,0.2,0,0.12,0,0,0,0,0,0,0,0,0,0.15,17.115,9.1607,13.6473,17.7374,5474
"p330","ssp370","MPI-ESM1-2-LR","2075",0.3,0.15,0,50,103.9,4.4095,0.1,0,0.2,0,0.12,0,0,0,0,0.15,0,0,0,0,0.1,15.7718,8.6323,13.7178,14.2703,5475
"p330","ssp370","MPI-ESM1-2-LR","2075",0.12,0,0,44,110.11,4.9499,0.1,0,0.15,0,0,0,0,0,0,0,0,0,0,0,0.1,15.1559,7.6346,14.0508,15.0589,5476
"p330","ssp370","MPI-ESM1-2-LR","2075",0.2,0,0,57,102.17,4.5058,0.1333,0,0.15,0,0.06,0,0,0,0,0.2,0,0,0,0,0.15,16.4433,7.5663,12.8932,15.0016,5477
"p330","ssp370","MPI-ESM1-2-LR","2075",0.43,0.3,0,52,101.5,4.4495,0,0,0.4,0,0.1,0,0,0,0,0.15,0,0,0,0,0.5,16.2747,7.2302,12.9698,16.6461,5478
"p330","ssp370","MPI-ESM1-2-LR","2075",0.38,0,0,39,97.74,4.1777,0.0833,0,0.4,0,0,0,0,0,0,0.15,0,0,0,0,0.45,14.1082,7.4021,12.2762,17.3755,5479
"p330","ssp370","MPI-ESM1-2-LR","2075",0.24,0.15,0,48,89.96,4.5453,0.1333,0,0,0,0.17,0,0,0,0,0,0,0,0,0,0.45,16.228,10.2408,12.2887,15.2579,5480
"p330","ssp370","MPI-ESM1-2-LR","2075",0.24,0.3,0,61,106.59,4.2765,0.1167,0,0.1,0,0.05,0,0,0,0,0,0,0,0,0,0.4,16.9834,10.1554,12.949,14.8093,5481
"p330","ssp370","MPI-ESM1-2-LR","2075",0.3,0.3,0,53,95.64,4.5907,0.0667,0,1,0,0,0,0,0,0,0.15,0,0.05,0,0,0.15,17.3562,4.9978,11.3613,17.8006,5482
"p330","ssp370","MPI-ESM1-2-LR","2075",0.25,0,0,42,110.48,4.6436,0.0667,0,0.4,0.05,0.05,0,0,0,0,0.1,0,0.15,0.05,0,0.15,15.3522,6.4252,11.7577,16.3586,5483
"p330","ssp370","MPI-ESM1-2-LR","2075",0.29,0.2,0,28,101.96,4.8186,0.15,0,0.25,0,0.05,0,0,0,0,0,0,0,0,0,0.35,13.911,7.7632,10.1578,18.0911,5484
"p330","ssp370","MPI-ESM1-2-LR","2075",0.24,0.8,0,51,106.71,4.5239,0.0833,0,0.45,0,0.06,0,0,0,0,0,0,0,0,0,0.05,16.5545,6.1457,14.3837,15.6984,5485
"p330","ssp370","MPI-ESM1-2-LR","2075",0.28,0.15,0,51,98.14,4.4111,0.0667,0,0.8,0,0.14,0,0,0,0,0.1,0,0.05,0.05,0,0.05,16.391,6.4357,13.2603,16.2164,5486
"p330","ssp370","MPI-ESM1-2-LR","2075",0.41,0,0,47,108.57,4.8031,0.0833,0,0.65,0,0.09,0,0,0,0,0.1,0,0,0,0,0.6,15.5843,6.5101,13.648,16.8633,5487
"p330","ssp370","MPI-ESM1-2-LR","2075",0.35,0.4,0,52,110.54,4.5164,0.1,0,0.15,0,0.1,0,0,0,0,0,0,0,0,0,0.25,17.0343,8.4299,13.1607,16.2024,5488
"p330","ssp370","MPI-ESM1-2-LR","2075",0.25,0,0,45,108.87,4.9534,0.1333,0,0.25,0,0.1,0,0,0,0,0,0,0,0,0,0.2,15.2654,7.8208,12.0768,15.0031,5489
"p330","ssp370","MPI-ESM1-2-LR","2075",0.21,0,0,35,104.46,4.5175,0,0,1,0,0.06,0,0,0,0,0,0,0,0,0,0.1,14.0184,4.4184,12.3587,14.728,5490
"p330","ssp370","MPI-ESM1-2-LR","2075",0.22,0.15,0,57,109.11,4.5846,0.05,0,0.6,0,0.06,0,0,0,0,0,0,0,0,0,0.2,16.1491,6.6368,13.2667,13.277,5491
"p330","ssp370","MPI-ESM1-2-LR","2075",0.16,0,0,32,99.95,4.4292,0.0833,0,0.65,0,0.09,0,0,0,0,0,0,0,0,0,0.3,13.9101,6.7342,12.385,16.5086,5492
"p330","ssp370","MPI-ESM1-2-LR","2075",0.11,0.15,0,41,103.75,4.9257,0.2667,0,0.3,0,0.1,0,0,0,0,0,0,0,0,0,0.15,14.2613,9.8646,11.4162,14.6303,5493
"p330","ssp370","MPI-ESM1-2-LR","2075",0.32,0.3,0,56,105.81,4.4199,0.0667,0,0.1,0,0.09,0,0,0,0,0,0,0,0,0,0.1,16.5523,7.3462,11.444,14.2214,5494
"p330","ssp370","MPI-ESM1-2-LR","2075",0,0.1,0.1,48,107.29,4.6091,0.1667,0,0.65,0,0.13,0,0,0,0,0,0,0,0,0.15,0.3,15.7992,8.7942,14.3193,16.4829,5495
"p330","ssp370","MPI-ESM1-2-LR","2075",0.32,0.2,0,64,110.39,4.5462,0.0333,0,1,0,0.11,0,0,0,0,0,0,0,0,0,0.15,17.3506,5.108,15.2232,17.225,5496
"p330","ssp370","MPI-ESM1-2-LR","2075",0.05,0,0,69,110.51,4.5581,0.1167,0,0.7,0,0.08,0,0,0,0,0.1,0,0,0,0,0.05,16.4079,5.9313,15.8333,14.815,5497
"p330","ssp370","MPI-ESM1-2-LR","2075",0.2,0.3,0,47,108.43,4.5727,0.15,0,0.05,0,0.15,0,0,0,0,0,0,0,0,0,0,15.0529,8.7505,13.515,12.8753,5498
"p330","ssp370","MPI-ESM1-2-LR","2075",0.27,0,0,67,93.06,4.2675,0.0667,0,0.65,0,0,0,0,0,0,0,0,0,0,0,0.1,16.8509,8.0389,10.0105,16.4118,5499
"p330","ssp370","MPI-ESM1-2-LR","2075",0.3,0.3,0,69,106.65,4.544,0,0,0.35,0,0.05,0,0,0,0,0,0,0,0,0,0.35,17.6169,6.9637,12.257,13.1702,5500
"p330","ssp370","MRI-ESM2-0","2075",0.23,0.15,0,50,103.37,5.3738,0.1667,0,0.65,0,0.11,0,0,0,0,0,0,0,0,0,0.25,15.9445,7.1847,11.6265,15.3913,5501
"p330","ssp370","MRI-ESM2-0","2075",0.22,0.15,0,54,105.02,5.2708,0.15,0,0,0,0,0,0,0,0,0,0,0,0,0,0.5,16.3498,8.5364,12.4498,16.9205,5502
"p330","ssp370","MRI-ESM2-0","2075",0.18,0,0.1,48,105.97,4.653,0.1,0,0.8,0,0.1,0,0,0,0,0,0,0,0,0,0.05,15.5005,6.0733,15.0077,16.6118,5503
"p330","ssp370","MRI-ESM2-0","2075",0.13,0,0,45,104.92,5.0714,0.1833,0,0.1,0,0,0,0,0,0,0,0,0,0,0,0.1,14.4432,8.5343,11.385,15.3026,5504
"p330","ssp370","MRI-ESM2-0","2075",0.26,0.35,0,56,107.51,5.4892,0.2,0,0.45,0,0,0,0,0,0,0,0,0,0,0,0.15,16.3983,7.6012,15.0112,15.9434,5505
"p330","ssp370","MRI-ESM2-0","2075",0.21,0.15,0,50,112.92,5.4747,0.15,0,0.55,0,0.06,0,0,0,0,0,0,0,0,0,0.15,15.1455,7.7185,9.5117,15.0152,5506
"p330","ssp370","MRI-ESM2-0","2075",0.31,0.3,0,53,97.81,5.3262,0.1333,0,0.75,0,0.16,0,0,0,0,0,0,0,0,0,0.1,16.3947,7.4092,11.3797,13.8517,5507
"p330","ssp370","MRI-ESM2-0","2075",0.32,0.15,0,36,106.74,4.9752,0.1667,0,0.3,0,0.1,0,0,0,0,0,0,0.05,0.05,0.3,0.7,14.7426,7.8495,12.53,19.0295,5508
"p330","ssp370","MRI-ESM2-0","2075",0.11,0,0,66,97.86,4.729,0.05,0,0.95,0,0.06,0,0,0,0,0,0,0,0,0,0.1,17.0169,5.5092,14.4523,15.3941,5509
"p330","ssp370","MRI-ESM2-0","2075",0.41,0.65,0.1,58,102.34,5.3432,0.1167,0,1,0,0.14,0,0,0,0,0,0,0,0,0,0.2,16.8083,5.3203,14.0627,15.0067,5510
"p330","ssp370","MRI-ESM2-0","2075",0.23,0.2,0.2,63,99.34,5.1514,0.0667,0,0.25,0,0.22,0,0,0,0,0,0,0,0,0,0.25,17.183,8.4084,15.3428,15.6867,5511
"p330","ssp370","MRI-ESM2-0","2075",0.32,0,0,31,101.6,5.2526,0.15,0,0.65,0,0,0,0,0,0,0,0,0,0,0,0.5,13.8305,7.9331,12.4497,17.2061,5512
"p330","ssp370","MRI-ESM2-0","2075",0.16,0.8,0,56,104.59,5.3289,0.2,0,0.2,0,0.15,0,0,0,0,0,0,0,0,0,0.25,16.8699,9.3746,15.9817,14.714,5513
"p330","ssp370","MRI-ESM2-0","2075",0.15,0,0,53,100.47,5.147,0.1333,0,0.25,0,0,0,0,0,0,0.2,0,0,0,0,0.25,14.9392,8.4513,14.266,16.3455,5514
"p330","ssp370","MRI-ESM2-0","2075",0.29,0.1,0,51,101.64,5.0318,0.1167,0,0.4,0,0.06,0,0,0,0,0.15,0,0.05,0,0,0.4,15.3896,7.5077,14.2697,18.6952,5515
"p330","ssp370","MRI-ESM2-0","2075",0.06,0,0,44,107.79,5.4005,0.0833,0,0.3,0,0,0,0,0,0,0.15,0,0,0,0,0.3,15.2075,6.9073,14.6777,17.6535,5516
"p330","ssp370","MRI-ESM2-0","2075",0.21,0.35,0,50,105.48,5.4364,0.1833,0,0.25,0,0.05,0,0,0,0,0.15,0,0.1,0,0,0.3,15.2677,9.1884,15.6508,16.1591,5517
"p330","ssp370","MRI-ESM2-0","2075",0.22,0.1,0,46,91.86,4.9964,0.0333,0,1,0,0.12,0,0,0,0,0.15,0,0,0,0,0.1,14.5138,4.577,10.8235,13.8553,5518
"p330","ssp370","MRI-ESM2-0","2075",0.33,0.2,0,49,105.22,5.0714,0.1167,0,0.85,0,0.08,0,0,0,0,0,0,0,0,0,0.2,15.1771,6.1047,11.1278,15.0809,5519
"p330","ssp370","MRI-ESM2-0","2075",0.26,0.45,0,61,104.57,5.6083,0.0667,0,1,0,0,0,0,0,0,0.1,0,0,0,0,0.4,17.1503,5.2883,13.282,18.9817,5520
"p330","ssp370","MRI-ESM2-0","2075",0.2,0.25,0,58,96.62,4.8015,0.05,0,0.2,0,0.08,0,0,0,0,0,0,0,0,0,0.5,16.3621,7.1259,13.4053,17.7841,5521
"p330","ssp370","MRI-ESM2-0","2075",0.23,0.1,0,39,96.25,5.0772,0.2167,0,0.15,0,0.06,0,0,0,0.1,0.25,0,0,0,0,0.5,14.2679,8.6319,16.252,17.8658,5522
"p330","ssp370","MRI-ESM2-0","2075",0.29,0.1,0.1,49,107.44,4.7038,0.0667,0,0.55,0.05,0,0,0,0,0,0,0,0,0,0,0,15.557,7.7115,10.1642,14.0395,5523
"p330","ssp370","MRI-ESM2-0","2075",0.32,0,0,43,102.23,4.721,0.05,0,0.6,0,0.1,0,0,0,0,0,0,0,0,0,0.05,14.7581,6.3413,14.1195,18.6462,5524
"p330","ssp370","MRI-ESM2-0","2075",0.16,0.15,0,43,105.7,5.2863,0.1167,0,0.65,0.05,0.05,0,0,0,0,0,0,0,0,0,0.05,15.6346,6.606,11.2172,15.2012,5525
"p330","ssp370","MRI-ESM2-0","2075",0.15,0.3,0,51,106.02,4.6807,0.15,0,0.45,0,0.05,0,0,0,0,0,0,0,0.05,0,0.5,17.2534,6.158,14.447,16.0594,5526
"p330","ssp370","MRI-ESM2-0","2075",0.17,0,0,40,93.14,5.1581,0.0167,0,0.9,0,0.05,0,0,0,0,0,0,0.05,0.05,0,0.35,13.6773,5.5962,14.8885,18.3214,5527
"p330","ssp370","MRI-ESM2-0","2075",0.25,0,0,45,109.55,4.9238,0.1167,0,0.3,0.1,0,0,0,0,0,0,0,0,0,0,0.15,15.036,8.1139,11.5912,15.7058,5528
"p330","ssp370","MRI-ESM2-0","2075",0.38,0.4,0,45,104.07,5.1472,0.0667,0,0.65,0,0,0,0,0,0,0.1,0,0,0,0,0.05,16.3212,7.156,12.8968,14.3282,5529
"p330","ssp370","MRI-ESM2-0","2075",0.19,0,0,42,106.76,5.216,0.1667,0,1,0,0.22,0,0,0,0,0,0,0,0,0,0.3,14.6437,3.7626,14.9523,16.5815,5530
"p330","ssp370","MRI-ESM2-0","2075",0.07,0,0,39,109.09,5.0994,0.15,0,1,0,0.08,0,0,0,0,0,0,0,0,0,0.2,15.0343,4.6893,14.7802,13.0982,5531
"p330","ssp370","MRI-ESM2-0","2075",0.12,0,0.1,53,100.12,5.2894,0.05,0,0.3,0,0.11,0,0,0,0,0,0,0,0,0,0.35,15.7071,6.663,9.5615,15.1511,5532
"p330","ssp370","MRI-ESM2-0","2075",0.13,0,0,42,105.87,5.0796,0.1167,0,0.7,0,0,0,0,0,0,0,0,0,0.05,0,0.25,14.8628,6.8388,16.0263,15.84,5533
"p330","ssp370","MRI-ESM2-0","2075",0.16,0,0,42,97.53,5.2516,0.2333,0,0.4,0,0.06,0,0,0,0,0,0,0,0,0,0.1,14.8055,9.6325,14.2163,17.9224,5534
"p330","ssp370","MRI-ESM2-0","2075",0.24,0,0,52,102.44,5.5154,0.1833,0,0.4,0,0.06,0,0,0,0,0,0,0,0,0,0.45,15.5977,7.2654,10.53,16.5033,5535
"p330","ssp370","MRI-ESM2-0","2075",0.17,0.3,0,47,107.51,5.2012,0.0833,0,0.6,0,0.1,0,0,0,0,0,0,0,0,0,0,15.5955,6.6553,12.4473,11.9791,5536
"p330","ssp370","MRI-ESM2-0","2075",0.36,0,0,49,95.69,5.1306,0.1167,0,0.55,0,0.05,0,0,0,0,0.1,0,0,0,0,0.15,15.089,7.6421,15.9758,16.3715,5537
"p330","ssp370","MRI-ESM2-0","2075",0.33,0.2,0,39,104.07,4.6025,0.1,0,1,0,0.12,0,0,0,0,0,0,0,0,0,0.55,14.7734,4.6418,14.4032,17.3344,5538
"p330","ssp370","MRI-ESM2-0","2075",0.07,0,0,45,98.22,4.8066,0.0833,0,1,0,0.18,0,0,0.25,0,0.3,0,0,0,0,0.55,15.147,2.4825,16.8205,17.7165,5539
"p330","ssp370","MRI-ESM2-0","2075",0.26,0,0,49,107.86,5.3294,0.15,0,0.4,0,0.13,0,0,0,0,0.3,0,0,0,0,0.05,14.4773,7.8908,15.8255,16.6077,5540
"p330","ssp370","MRI-ESM2-0","2075",0.33,0.1,0.15,59,79.59,4.4983,0.0833,0,0.65,0,0.07,0,0,0,0,0,0,0,0,0,0.3,16.3358,7.0029,11.1923,17.3738,5541
"p330","ssp370","MRI-ESM2-0","2075",0.23,0,0.1,36,94.6,5.358,0.05,0,0.7,0,0.11,0,0,0,0,0,0,0.25,0,0,0.4,15.0082,7.0061,13.0677,16.3333,5542
"p330","ssp370","MRI-ESM2-0","2075",0.35,0.25,0,41,107.24,4.8995,0.0667,0,0.75,0,0.06,0,0,0,0,0.2,0,0,0,0,0.1,15.0512,5.765,10.8988,15.1015,5543
"p330","ssp370","MRI-ESM2-0","2075",0.4,0.35,0,63,102.14,5.3631,0.1833,0,0.4,0,0.06,0,0,0,0,0,0,0,0,0.15,0.2,17.0959,7.9738,12.786,14.1903,5544
"p330","ssp370","MRI-ESM2-0","2075",0.14,0.5,0.1,41,103.89,5.1052,0.0667,0,1,0,0,0,0,0,0,0,0,0,0,0,0.15,13.6832,3.6916,13.9032,13.7534,5545
"p330","ssp370","MRI-ESM2-0","2075",0.27,0.3,0,41,103.33,5.3169,0.0833,0,0.3,0,0,0,0,0,0,0,0,0,0,0,0.1,15.3013,7.0044,10.5328,14.9941,5546
"p330","ssp370","MRI-ESM2-0","2075",0.18,0,0,53,99.03,5.3317,0.1667,0,0.45,0,0.08,0,0,0,0.1,0.2,0,0,0,0,0.15,15.3146,8.9152,12.9013,14.8952,5547
"p330","ssp370","MRI-ESM2-0","2075",0.37,0.1,0,47,104.72,5.0928,0.0833,0,0,0,0.05,0,0,0,0,0,0,0.05,0,0,0.2,15.6645,7.371,12.147,17.1448,5548
"p330","ssp370","MRI-ESM2-0","2075",0.07,0.3,0,48,110.99,5.0591,0.2333,0,0.25,0,0,0,0,0,0,0.25,0,0,0,0,0.25,15.5018,8.0274,13.6358,15.0024,5549
"p330","ssp370","MRI-ESM2-0","2075",0.23,0.2,0,55,94.66,4.891,0.0833,0,1,0,0.1,0,0,0,0,0,0,0.1,0,0.15,0.65,15.909,2.1275,12.731,18.3315,5550
"p330","ssp370","MRI-ESM2-0","2075",0.22,0,0,46,100.85,4.8465,0,0,1,0,0,0,0,0,0,0.15,0,0.05,0.05,0,0.1,14.7821,4.5208,14.4382,17.0164,5551
"p330","ssp370","MRI-ESM2-0","2075",0.19,0,0,33,95.3,4.6764,0.0167,0,1,0,0.06,0,0,0,0,0,0,0,0,0,0.1,13.9969,4.2873,13.6708,13.4312,5552
"p330","ssp370","MRI-ESM2-0","2075",0.34,0.2,0,59,102.96,4.5539,0.0833,0,1,0,0,0,0,0,0,0.15,0,0,0,0,0.4,16.466,4.4368,14.7777,16.5699,5553
"p330","ssp370","MRI-ESM2-0","2075",0.22,0,0,38,103.04,4.6821,0.05,0,1,0,0.13,0,0,0,0,0,0,0,0,0,0.4,14.3235,3.2888,12.499,17.2327,5554
"p330","ssp370","MRI-ESM2-0","2075",0.38,0.2,0,63,101.55,5.0373,0.1333,0,0.9,0,0.13,0,0,0,0,0,0,0,0,0,0.35,16.3977,7.3901,13.9045,15.58,5555
"p330","ssp370","MRI-ESM2-0","2075",0.15,0.2,0,63,99.97,5.1734,0.1333,0,0.55,0,0.06,0,0,0,0,0,0,0.1,0.1,0,0.05,16.4015,7.2044,13.044,17.52,5556
"p330","ssp370","MRI-ESM2-0","2075",0.07,0,0,46,103.01,5.0956,0.1833,0,0.1,0,0.19,0,0,0,0,0,0,0,0,0,0.7,15.4161,9.8805,10.6285,16.0135,5557
"p330","ssp370","MRI-ESM2-0","2075",0.25,0,0,32,112.16,5.437,0.1167,0,0.6,0,0,0,0,0.1,0,0.25,0,0,0.05,0,0.45,13.699,7.2171,17.2318,16.8686,5558
"p330","ssp370","MRI-ESM2-0","2075",0.17,0.35,0,49,99.89,4.9432,0.0667,0,0.5,0,0.05,0,0,0,0,0,0,0,0,0.15,0.75,16.0833,6.1308,13.1892,16.1489,5559
"p330","ssp370","MRI-ESM2-0","2075",0.39,0.4,0,58,104.15,4.6538,0.0833,0,0.9,0,0,0,0,0,0,0,0,0,0,0,0.45,15.8177,5.1158,12.8437,17.7738,5560
"p330","ssp370","MRI-ESM2-0","2075",0.13,0,0,50,88.7,5.265,0.15,0,0.65,0.05,0.19,0,0,0,0,0.1,0,0,0,0.15,0.35,16.0977,6.53,12.6873,15.1979,5561
"p330","ssp370","MRI-ESM2-0","2075",0.26,0.25,0,42,102.21,5.314,0.2667,0,0.05,0.05,0.06,0,0,0,0,0,0,0,0,0,0.05,14.63,8.7617,12.7863,13.4648,5562
"p330","ssp370","MRI-ESM2-0","2075",0.24,0,0,22,96.01,4.7434,0.0167,0,0.85,0,0.13,0,0,0.2,0,0,0,0,0,0,0.3,11.9776,5.1933,14.2982,16.8818,5563
"p330","ssp370","MRI-ESM2-0","2075",0.21,0,0,31,103.88,5.4048,0.15,0,0.05,0,0.08,0,0,0,0,0,0,0,0,0,0.4,13.0628,8.9734,12.9368,16.4274,5564
"p330","ssp370","MRI-ESM2-0","2075",0.17,0,0,49,111.28,4.8077,0.1,0,0.25,0,0,0,0,0,0,0,0,0.05,0,0,1,15.3052,6.7472,12.6385,19.4296,5565
"p330","ssp370","MRI-ESM2-0","2075",0.27,0,0,49,109.33,5.5351,0.0667,0,0.7,0,0.1,0,0,0,0,0.35,0,0,0,0,0.35,14.923,6.1378,15.9095,17.8959,5566
"p330","ssp370","MRI-ESM2-0","2075",0.11,0.55,0,41,105.43,4.9097,0.1167,0,0.2,0,0,0,0,0,0,0,0,0.05,0,0,0.2,14.7919,7.4841,12.2132,17.3938,5567
"p330","ssp370","MRI-ESM2-0","2075",0.06,0.1,0,51,98.85,4.7806,0.1167,0,1,0,0,0,0,0,0,0,0,0,0,0,0.15,16.1754,5.7539,9.7843,17.4045,5568
"p330","ssp370","MRI-ESM2-0","2075",0.19,0.1,0,46,100.03,4.9449,0.1333,0,0.3,0,0.15,0,0,0,0,0,0,0,0,0,0.8,15.3671,8.6551,13.6742,18.1191,5569
"p330","ssp370","MRI-ESM2-0","2075",0.4,0.3,0,58,100.33,5.0574,0.1667,0,0.85,0,0.06,0,0,0,0,0,0,0,0,0.15,0.3,16.9219,7.3261,13.7817,15.1173,5570
"p330","ssp370","MRI-ESM2-0","2075",0.35,0,0,50,88.5,4.6389,0.05,0,1,0.05,0.06,0,0,0,0,0,0,0,0,0,0.3,14.8996,4.7119,12.2447,15.9088,5571
"p330","ssp370","MRI-ESM2-0","2075",0.05,0,0,49,110.07,4.858,0.1167,0,0.4,0,0,0,0,0,0,0.1,0,0.1,0,0,0.25,15.0325,7.8469,11.1545,17.9736,5572
"p330","ssp370","MRI-ESM2-0","2075",0.18,0.3,0,53,106.93,5.2485,0.1,0,1,0,0.21,0,0,0,0,0,0,0.15,0,0,0.2,16.4812,5.0549,16.0405,20.3716,5573
"p330","ssp370","MRI-ESM2-0","2075",0.08,0.4,0,53,107.25,5.3774,0.2167,0,0.3,0,0.12,0,0,0,0,0,0,0,0,0,0.1,16.674,8.7848,13.7328,18.4165,5574
"p330","ssp370","MRI-ESM2-0","2075",0.19,0.25,0,45,105.55,4.9723,0.0667,0,0.2,0,0.12,0,0,0,0,0,0,0,0,0,0.3,15.5059,7.5723,13.5632,14.2527,5575
"p330","ssp370","MRI-ESM2-0","2075",0.2,0,0,37,106.62,5.5123,0.25,0,0.4,0,0,0,0,0,0,0,0,0,0,0,0.3,14.9266,8.3348,14.5012,15.3205,5576
"p330","ssp370","MRI-ESM2-0","2075",0.06,0.2,0.15,57,99.78,5.1191,0.1,0,0.4,0,0.05,0,0,0,0,0,0,0,0,0,0.15,16.168,6.6525,14.2007,15.4744,5577
"p330","ssp370","MRI-ESM2-0","2075",0.28,0.2,0,51,97.28,4.9035,0.1167,0,0.5,0,0.11,0,0,0,0,0,0,0.1,0.05,0.15,0.4,15.7365,6.7583,13.8093,17.0473,5578
"p330","ssp370","MRI-ESM2-0","2075",0.21,0,0,33,94.38,4.6443,0.05,0,0.55,0,0.13,0,0,0,0,0.15,0,0,0,0,0.4,13.2465,6.7732,13.4902,18.0592,5579
"p330","ssp370","MRI-ESM2-0","2075",0.34,0.15,0,49,93.8,5.3768,0.2167,0,0.1,0,0.06,0,0,0,0,0.1,0,0,0,0.15,0.3,16.0421,9.3986,12.6113,15.6285,5580
"p330","ssp370","MRI-ESM2-0","2075",0.18,0.4,0,56,104.79,4.8148,0.2833,0,0.3,0,0.06,0,0,0,0,0,0,0,0,0,0.45,16.7112,9.9922,13.3082,15.034,5581
"p330","ssp370","MRI-ESM2-0","2075",0.29,0.15,0,54,93.24,4.8728,0.0667,0,1,0,0,0,0,0,0,0,0,0.05,0,0,0.55,16.9686,4.369,12.1157,17.3715,5582
"p330","ssp370","MRI-ESM2-0","2075",0.36,0,0,44,111.21,5.4258,0.0833,0,1,0.05,0.05,0,0,0,0.1,0.2,0,0.1,0,0,0.3,15.1238,5.5982,11.6165,16.5091,5583
"p330","ssp370","MRI-ESM2-0","2075",0.2,0.1,0,25,99.15,5.5909,0.1667,0,0.4,0,0.13,0,0,0,0,0,0,0,0,0,0.3,13.2857,7.4175,11.121,19.2088,5584
"p330","ssp370","MRI-ESM2-0","2075",0.19,0,0,47,107.62,5.3261,0.0667,0,0.95,0,0.18,0,0,0.25,0,0,0,0,0,0,0.1,15.838,5.4142,15.6773,15.9494,5585
"p330","ssp370","MRI-ESM2-0","2075",0.4,0.65,0,52,96.54,4.9838,0.0667,0,0.75,0,0,0,0,0,0,0,0,0,0,0,0.2,16.3452,5.454,13.5795,16.2933,5586
"p330","ssp370","MRI-ESM2-0","2075",0.16,0,0,45,102.5,5.3414,0.1333,0,0.75,0,0,0,0,0,0,0,0,0,0,0.15,0.7,15.1228,5.8448,14.258,16.5967,5587
"p330","ssp370","MRI-ESM2-0","2075",0.25,0.5,0,47,108.65,5.2105,0.25,0,0.1,0,0,0,0,0,0,0.15,0,0,0,0,0.15,16.7577,8.5882,13.391,15.2302,5588
"p330","ssp370","MRI-ESM2-0","2075",0.35,0,0,42,107.93,5.749,0.1167,0,0.45,0,0.06,0,0,0,0,0,0,0,0,0,0.35,15.2669,7.2377,12.0228,15.9804,5589
"p330","ssp370","MRI-ESM2-0","2075",0,0,0.1,23,99.78,4.8897,0.1,0,1,0,0.05,0,0,0,0,0,0,0,0,0,0.15,13.28,4.4208,12.6683,15.7802,5590
"p330","ssp370","MRI-ESM2-0","2075",0.1,0,0.1,46,104.16,4.9821,0.05,0,1,0,0.05,0,0,0,0,0.15,0,0,0,0,0.55,15.5624,5.9425,13.5047,13.9703,5591
"p330","ssp370","MRI-ESM2-0","2075",0.22,0,0,28,97.43,4.911,0.05,0,0.9,0,0.14,0,0,0,0,0,0,0.05,0,0,0.15,13.566,6.0878,12.621,16.878,5592
"p330","ssp370","MRI-ESM2-0","2075",0.16,0.1,0,36,101.65,5.5835,0.3333,0,0.45,0,0.06,0,0,0,0,0,0,0,0,0,0.05,13.9219,9.6149,11.9515,15.37,5593
"p330","ssp370","MRI-ESM2-0","2075",0.2,0,0,49,100.96,4.7276,0.05,0,0.1,0,0.08,0,0,0,0,0,0,0,0,0,0.1,15.7717,6.5803,11.252,14.2477,5594
"p330","ssp370","MRI-ESM2-0","2075",0.3,0,0,52,106.64,5.1701,0.1167,0,0.9,0,0.05,0,0,0,0,0,0,0,0.1,0,0.8,15.8703,7.9046,14.253,17.0132,5595
"p330","ssp370","MRI-ESM2-0","2075",0.17,0.25,0,59,107.58,5.1345,0.0333,0,1,0,0.05,0,0,0,0,0,0,0,0,0,0.15,17.024,5.0766,15.1535,17.043,5596
"p330","ssp370","MRI-ESM2-0","2075",0.22,0,0,71,106.3,5.0556,0.0667,0,0.9,0,0.05,0,0,0,0,0.15,0,0,0,0,0.1,16.4374,5.3088,15.6478,14.7621,5597
"p330","ssp370","MRI-ESM2-0","2075",0.17,0.25,0,45,104.29,5.0248,0.1,0,0.15,0,0.13,0,0,0,0,0.15,0,0,0,0,0.1,14.8973,8.1066,13.2982,13.6086,5598
"p330","ssp370","MRI-ESM2-0","2075",0.17,0,0,60,89.73,4.9456,0.1167,0,0.75,0,0,0,0,0,0,0,0,0,0,0,0.2,16.3139,7.9368,10.3208,17.3658,5599
"p330","ssp370","MRI-ESM2-0","2075",0.32,0.25,0,62,100.4,4.9343,0.1333,0,0.45,0,0.05,0,0,0,0,0.2,0,0,0,0,0.1,17.154,7.3433,12.4922,13.6174,5600
"p330","ssp370","UKESM1-0-LL","2075",0.16,0.7,0.1,69,105.36,4.2932,0.15,0,0.25,0,0,0,0,0,0,0.1,0,0.05,0,0,0.35,19.3537,8.5541,13.3123,18.3278,5601
"p330","ssp370","UKESM1-0-LL","2075",0.05,0.75,0,72,106.55,4.5404,0.0833,0,0,0,0.13,0,0,0,0,0.1,0,0.25,0,0,0.75,19.1981,9.5978,14.9877,19.5938,5602
"p330","ssp370","UKESM1-0-LL","2075",0.17,0.75,0,74,110.84,4.3779,0.1667,0,0.6,0,0.26,0,0,0,0,0.1,0,0.2,0,0,0.15,18.8143,8.6107,17.774,19.3047,5603
"p330","ssp370","UKESM1-0-LL","2075",0.36,0.35,0,67,105.26,4.4116,0.2167,0,0,0,0.08,0,0,0,0,0.2,0,0.05,0,0,0.35,17.7562,10.442,13.003,18.6759,5604
"p330","ssp370","UKESM1-0-LL","2075",0.19,0.7,0,69,105.63,4.4917,0.15,0,0.1,0,0.09,0,0,0,0,0,0,0.05,0,0,0.65,19.3817,9.2543,16.4173,18.2325,5605
"p330","ssp370","UKESM1-0-LL","2075",0.28,0.55,0.1,70,105.53,4.4996,0.1167,0,0.4,0,0,0,0,0,0,0,0,0.05,0,0,0.2,18.3178,8.9506,11.1888,18.1198,5606
"p330","ssp370","UKESM1-0-LL","2075",0.22,0.8,0,64,105.2,4.411,0.1,0,0.3,0,0.12,0,0,0,0,0,0,0,0,0,0.45,19.2148,8.3896,12.9947,16.3423,5607
"p330","ssp370","UKESM1-0-LL","2075",0.34,0.7,0,51,95.65,4.563,0.1,0,0.25,0,0.06,0,0,0,0,0,0,0.4,0.05,0,0.2,17.9551,9.3101,14.146,22.6044,5608
"p330","ssp370","UKESM1-0-LL","2075",0.41,0.45,0,87,101.4,3.903,0.0833,0,0.45,0,0.1,0,0,0,0,0,0,0.15,0.05,0,0.25,20.493,6.8965,16.4095,18.5165,5609
"p330","ssp370","UKESM1-0-LL","2075",0.31,1,0,66,105.97,4.636,0.25,0,0.45,0,0.16,0,0,0,0,0,0,0.1,0,0,0.5,19.8713,7.8864,16.0287,18.5673,5610
"p330","ssp370","UKESM1-0-LL","2075",0.13,0.45,0,84,104.89,4.3749,0.1333,0,0.1,0,0.14,0,0,0,0,0,0,0,0,0,0.35,20.5774,10.3273,17.0028,18.9985,5611
"p330","ssp370","UKESM1-0-LL","2075",0.24,0,0.1,56,100.55,4.3735,0.05,0,0.35,0,0,0,0,0,0,0.1,0,0.15,0.05,0,0.2,16.7019,8.9508,14.4405,20.4259,5612
"p330","ssp370","UKESM1-0-LL","2075",0.24,0.8,0,70,108.49,4.4636,0.2833,0,0.15,0,0.1,0,0,0.1,0,0.15,0,0,0,0,0.3,20.0488,11.2832,17.2358,17.6843,5613
"p330","ssp370","UKESM1-0-LL","2075",0.26,0.85,0,61,102.34,4.7224,0.2833,0,0,0,0.12,0,0,0,0,0.15,0,0.15,0,0,0.55,18.0777,11.2285,16.4513,18.7323,5614
"p330","ssp370","UKESM1-0-LL","2075",0.1,0.95,0,67,110.75,4.4076,0.15,0,0.05,0,0.05,0,0,0.1,0,0.3,0,0.3,0.05,0,0.5,18.6981,9.3392,15.9332,21.8689,5615
"p330","ssp370","UKESM1-0-LL","2075",0.17,0.45,0,70,105.57,4.3285,0.15,0,0.15,0,0.12,0,0,0.1,0,0.25,0,0.3,0.05,0,0.45,18.3458,8.9948,17.4555,19.8485,5616
"p330","ssp370","UKESM1-0-LL","2075",0.13,0.65,0,67,111.82,4.2807,0.15,0,0.2,0,0.11,0,0,0,0,0,0,0.2,0,0,0.2,18.4288,10.4888,17.7272,18.8678,5617
"p330","ssp370","UKESM1-0-LL","2075",0.18,0.7,0,60,101.27,4.2019,0.05,0,0.8,0,0,0,0,0,0,0.1,0,0,0,0,0.35,17.5596,6.3478,11.674,17.6138,5618
"p330","ssp370","UKESM1-0-LL","2075",0.37,0.85,0,68,106.82,4.1884,0.1167,0,0.85,0,0.07,0,0,0,0,0.1,0,0,0,0,0.3,18.6846,7.5022,12.882,18.3877,5619
"p330","ssp370","UKESM1-0-LL","2075",0.17,0.9,0,73,102.5,4.7672,0.0833,0,0.95,0,0,0,0,0,0,0.1,0,0.25,0,0,0.8,19.9388,7.6369,15.287,21.1917,5620
"p330","ssp370","UKESM1-0-LL","2075",0.2,0.6,0,73,97.25,4.0194,0.1667,0,0.1,0,0.07,0,0,0,0,0.1,0,0.1,0.1,0,0.9,19.8003,8.6421,15.6137,20.25,5621
"p330","ssp370","UKESM1-0-LL","2075",0.16,0.3,0.1,51,99.95,4.2671,0.1333,0,0,0,0.06,0,0,0.1,0,0,0,0,0,0,0.35,17.0382,10.4048,18.3093,21.4597,5622
"p330","ssp370","UKESM1-0-LL","2075",0.16,0.6,0,65,109.29,4.2701,0.2,0,0.15,0.05,0.06,0,0,0,0,0,0,0,0,0,0.4,18.2221,10.4532,12.4223,16.8109,5623
"p330","ssp370","UKESM1-0-LL","2075",0.49,0.3,0,69,112.04,3.9214,0.0667,0,0.25,0,0,0,0,0,0,0.1,0,0.4,0,0.15,0.35,18.2189,8.0211,14.7753,20.8303,5624
"p330","ssp370","UKESM1-0-LL","2075",0.16,0.55,0,51,111.75,4.4616,0.0833,0,0.35,0,0,0,0,0,0,0.25,0,0,0,0,0.2,18.8607,8.5814,12.9445,17.9394,5625
"p330","ssp370","UKESM1-0-LL","2075",0.28,0.5,0,76,106.69,4.3056,0.1667,0,0.1,0,0.06,0,0,0,0,0.15,0,0.05,0.05,0,0.45,20.4799,8.3122,16.7358,19.0635,5626
"p330","ssp370","UKESM1-0-LL","2075",0.32,0.6,0,60,101.56,4.448,0.1333,0,0.45,0,0.11,0,0,0,0,0.1,0,0.3,0,0,0.8,17.4848,7.7627,17.3648,20.9824,5627
"p330","ssp370","UKESM1-0-LL","2075",0,0.25,0,62,101.88,4.3662,0.15,0,0,0,0.05,0,0,0,0,0.15,0,0,0,0,0.3,17.7912,10.606,13.1767,18.9148,5628
"p330","ssp370","UKESM1-0-LL","2075",0.22,0.6,0,71,110.92,4.5026,0.0833,0,0.35,0,0,0,0,0,0,0,0,0.05,0,0,0.3,19.1607,8.4808,14.5507,17.3454,5629
"p330","ssp370","UKESM1-0-LL","2075",0.32,0.2,0,61,103.11,4.3438,0.1167,0,1,0,0.12,0,0,0.2,0,0,0,0.3,0,0,0.35,17.6525,5.1167,15.7853,19.8517,5630
"p330","ssp370","UKESM1-0-LL","2075",0.16,0.1,0,67,108.97,4.42,0.0833,0,0.65,0,0.05,0,0,0,0,0.1,0,0,0,0,0.45,18.6376,6.4929,16.2658,15.9773,5631
"p330","ssp370","UKESM1-0-LL","2075",0.42,1,0,72,99.77,4.5399,0.1167,0,0,0,0.12,0,0,0,0,0,0,0.1,0,0,0.4,19.8117,8.7475,11.4843,18.0036,5632
"p330","ssp370","UKESM1-0-LL","2075",0.32,0.3,0,74,101.22,4.6073,0.2,0,0.25,0,0,0,0,0.15,0,0.3,0,0.05,0,0,0.5,18.9275,9.5789,18.2962,19.1038,5633
"p330","ssp370","UKESM1-0-LL","2075",0.22,0.8,0,63,92.9,4.4091,0.1667,0,0.15,0,0.12,0,0,0,0,0,0,0.25,0,0.15,0.4,18.1825,10.9221,16.1075,20.0902,5634
"p330","ssp370","UKESM1-0-LL","2075",0.45,0.6,0,75,105.86,4.5517,0.15,0,0.15,0,0.06,0,0,0,0,0,0,0.15,0,0,0.35,18.9054,8.755,12.4958,19.0626,5635
"p330","ssp370","UKESM1-0-LL","2075",0.37,1,0,64,112.88,4.6236,0.1167,0,0.3,0,0.12,0,0,0,0,0,0,0,0,0,0.05,19.4146,8.6168,14.851,14.7264,5636
"p330","ssp370","UKESM1-0-LL","2075",0.25,0.7,0,61,101.78,4.2359,0.2667,0,0.25,0,0.07,0,0,0,0,0.3,0,0.1,0,0,0.45,18.3309,9.6259,16.9145,18.9363,5637
"p330","ssp370","UKESM1-0-LL","2075",0.15,0.55,0,73,111.23,3.7301,0.0333,0,0.6,0,0.06,0,0,0,0,0.25,0,0.2,0,0,0.35,17.9012,6.3008,15.3665,20.6227,5638
"p330","ssp370","UKESM1-0-LL","2075",0.33,0.45,0.1,59,96.96,4.1153,0.05,0,1,0,0.05,0,0,0.2,0,0,0,0.1,0,0,0.4,18.7919,4.0038,18.1048,20.7456,5639
"p330","ssp370","UKESM1-0-LL","2075",0.33,0.2,0,70,110.17,4.5461,0.1333,0,0.2,0,0.21,0,0,0.15,0,0,0,0.15,0,0,0.2,17.4833,9.8063,18.3223,19.5109,5640
"p330","ssp370","UKESM1-0-LL","2075",0.29,1,0,77,99.28,4.2743,0.1333,0,0.15,0,0.05,0,0,0,0,0,0,0.15,0,0,0.25,20.0205,8.827,13.0797,19.87,5641
"p330","ssp370","UKESM1-0-LL","2075",0.16,0.25,0,72,93.43,4.431,0.1833,0,0.3,0,0,0,0,0,0,0,0,0.3,0,0,0.35,18.5585,8.6219,15.4427,18.6224,5642
"p330","ssp370","UKESM1-0-LL","2075",0.16,0.15,0,44,109.29,4.1463,0.15,0,0.55,0,0,0,0,0,0,0,0,0.2,0,0,0.4,18.0138,7.8725,13.0753,18.7385,5643
"p330","ssp370","UKESM1-0-LL","2075",0.29,1,0,86,103.25,4.538,0.1167,0,0.2,0,0.07,0,0,0,0,0.35,0,0,0,0,0.45,20.4223,9.3162,13.9183,16.7565,5644
"p330","ssp370","UKESM1-0-LL","2075",0.2,0.95,0,56,105.03,4.2656,0.0833,0,1,0,0.06,0,0,0,0,0.35,0,0.05,0,0,0.3,16.8703,5.3505,15.0577,16.7288,5645
"p330","ssp370","UKESM1-0-LL","2075",0.23,1,0,62,106.88,4.6212,0.1667,0,0,0,0.05,0,0,0,0,0,0,0,0,0,0.75,18.6774,9.5698,12.2763,17.918,5646
"p330","ssp370","UKESM1-0-LL","2075",0.4,1,0,69,98.43,4.5884,0.3,0,0.1,0,0.07,0,0,0,0,0.1,0,0.05,0,0,0.25,18.9931,10.9812,14.8595,18.2897,5647
"p330","ssp370","UKESM1-0-LL","2075",0.19,0.7,0,64,105.75,4.6581,0.1333,0,0,0,0.05,0,0,0,0,0,0,0.2,0,0,0.55,18.5753,9.6097,13.9562,19.8729,5648
"p330","ssp370","UKESM1-0-LL","2075",0.17,0,0,69,109.02,4.504,0.1333,0,0.05,0,0.17,0,0,0,0,0.1,0,0.05,0,0,0.3,18.8148,9.9218,15.7618,18.4418,5649
"p330","ssp370","UKESM1-0-LL","2075",0.11,0.4,0,69,101.47,4.3211,0.15,0,1,0,0.17,0,0,0,0,0.1,0,0.5,0.15,0,0.2,18.4971,3.7055,14.2827,21.678,5650
"p330","ssp370","UKESM1-0-LL","2075",0.44,0.25,0,64,111.39,4.1062,0.05,0,0.7,0,0.1,0.05,0,0,0,0.15,0,0.25,0,0,0.2,17.9687,5.7947,16.7193,19.988,5651
"p330","ssp370","UKESM1-0-LL","2075",0.12,0.15,0,61,107.59,4.185,0.05,0,0.5,0,0.05,0,0,0,0,0.3,0,0,0,0,0.45,17.4021,6.621,15.012,16.7583,5652
"p330","ssp370","UKESM1-0-LL","2075",0.11,0.55,0,79,112.66,3.8047,0.2,0,0.8,0,0.17,0,0,0,0,0.25,0,0.35,0,0,0.3,19.0592,6.3637,17.7523,19.5801,5653
"p330","ssp370","UKESM1-0-LL","2075",0.31,0.2,0,58,110.69,4.0162,0.0333,0,0.85,0,0.06,0,0,0,0,0,0,0.1,0,0,0.15,17.6231,4.6483,13.3832,20.0915,5654
"p330","ssp370","UKESM1-0-LL","2075",0.45,0.95,0,78,106.06,4.3511,0.1,0,0.4,0,0.1,0,0,0,0,0,0,0.05,0.05,0,0.8,19.3232,10.2578,16.2927,18.3989,5655
"p330","ssp370","UKESM1-0-LL","2075",0.23,0.85,0,76,106.74,4.4485,0.1833,0,0.05,0,0.07,0,0,0,0,0,0,0.75,0,0,0.05,19.4194,8.8288,14.5242,20.8805,5656
"p330","ssp370","UKESM1-0-LL","2075",0.17,0.6,0,70,103.01,4.4069,0.2,0,0,0,0.06,0,0,0,0,0,0,0.15,0,0,0.8,18.5319,12.0875,12.2042,18.8744,5657
"p330","ssp370","UKESM1-0-LL","2075",0.33,0.5,0.15,58,112.36,4.5587,0.1,0,0.35,0,0.07,0,0,0.3,0,0,0,0,0.1,0,0.7,16.7176,9.0888,19.7307,19.043,5658
"p330","ssp370","UKESM1-0-LL","2075",0.17,0.45,0,67,104.91,4.2568,0.0667,0,0.25,0,0.08,0,0,0,0,0.35,0,0.1,0,0,0.35,18.976,7.7091,14.6993,20.0462,5659
"p330","ssp370","UKESM1-0-LL","2075",0.39,1,0,60,111.09,4.2423,0.1,0,0.75,0,0.1,0,0,0,0,0.25,0,0.2,0,0,0.8,18.9797,6.6006,14.822,20.3176,5660
"p330","ssp370","UKESM1-0-LL","2075",0.37,0.65,0,72,93.38,4.7905,0.1,0,0.15,0.05,0.15,0,0,0,0,0,0,0.1,0.05,0,0.6,19.7331,8.4495,14.3745,18.0778,5661
"p330","ssp370","UKESM1-0-LL","2075",0.3,0.55,0,64,103.68,4.6723,0.25,0,0,0.05,0.09,0,0,0,0,0,0,0,0,0,0.75,17.7076,10.9728,14.9402,15.7224,5662
"p330","ssp370","UKESM1-0-LL","2075",0.34,0.15,0.1,42,100.49,4.5798,0.05,0,0.35,0,0.05,0,0,0,0,0.1,0,0.3,0,0,0.45,15.0484,7.7021,16.4582,19.817,5663
"p330","ssp370","UKESM1-0-LL","2075",0.36,0.1,0,53,104.16,4.5903,0.0833,0,0.05,0,0.06,0,0,0,0,0.1,0,0.05,0,0,0.2,16.2119,10.2028,14.6603,20.1047,5664
"p330","ssp370","UKESM1-0-LL","2075",0.15,0.45,0,59,114.37,4.0947,0.15,0,0.1,0,0,0,0,0,0,0,0,0.9,0,0,0.15,18.1841,8.9472,13.6748,23.7057,5665
"p330","ssp370","UKESM1-0-LL","2075",0.15,0.2,0.3,65,109.18,4.5856,0.1333,0,0.3,0,0,0,0,0,0,0.4,0,0.2,0,0,0.2,17.9981,8.048,17.7182,21.4823,5666
"p330","ssp370","UKESM1-0-LL","2075",0.38,0.5,0,70,103.05,4.1303,0.0667,0,0,0,0.13,0.05,0,0,0,0,0,0.2,0.05,0,0.4,18.3934,8.777,14.8358,20.1367,5667
"p330","ssp370","UKESM1-0-LL","2075",0.14,0.55,0.2,77,103.77,4.4176,0.1,0,0.65,0,0.12,0,0,0,0,0,0,0.2,0.05,0,0.5,19.3457,7.8758,12.6338,20.6395,5668
"p330","ssp370","UKESM1-0-LL","2075",0.29,0.95,0,67,96.67,4.1976,0.15,0,0.15,0,0.07,0.05,0,0,0,0,0,0.3,0,0,0.45,18.4386,10.1602,14.983,21.5365,5669
"p330","ssp370","UKESM1-0-LL","2075",0.5,1,0,76,99.71,4.3785,0.2167,0,0.3,0,0.14,0,0,0,0,0,0,0,0,0,0.35,20.2765,9.1218,15.5005,19.1729,5670
"p330","ssp370","UKESM1-0-LL","2075",0.23,0.1,0,71,97.8,4.2522,0.2,0,0.55,0,0.12,0,0,0,0,0.1,0,0.1,0,0,0.2,18.0449,7.49,14.1582,18.2539,5671
"p330","ssp370","UKESM1-0-LL","2075",0.28,0.6,0,71,110.71,4.0756,0.1333,0,0.1,0,0,0,0,0,0,0,0,0.4,0.05,0,0.45,18.6211,9.6118,13.0222,20.4311,5672
"p330","ssp370","UKESM1-0-LL","2075",0.24,0.55,0,68,115.47,4.4439,0.05,0,0.8,0,0.13,0,0,0,0,0,0,0.35,0,0,1,19.465,6.6899,16.9978,21.6721,5673
"p330","ssp370","UKESM1-0-LL","2075",0.33,0.75,0,71,105.4,4.3122,0.2,0,0.1,0,0.12,0,0,0,0,0,0,0.4,0,0,0.7,20.0304,10.5753,15.979,21.097,5674
"p330","ssp370","UKESM1-0-LL","2075",0.3,0.55,0,66,103.98,4.2864,0.1667,0,0.05,0,0.12,0,0,0,0,0.15,0,0.05,0,0,0.2,18.6885,10.0466,16.0412,17.6262,5675
"p330","ssp370","UKESM1-0-LL","2075",0.17,0,0,84,105.9,4.7938,0.1333,0,0.05,0,0.05,0,0,0,0,0,0,0.05,0,0,0.6,18.0743,9.0497,16.3647,18.4071,5676
"p330","ssp370","UKESM1-0-LL","2075",0.2,0.6,0,70,101.36,4.3336,0.1667,0,0.05,0,0.06,0,0,0,0,0.4,0,0.25,0.05,0,0.2,19.3568,8.9826,15.2367,18.3712,5677
"p330","ssp370","UKESM1-0-LL","2075",0.43,0.95,0,69,105.23,4.3134,0.0667,0,0.3,0,0.1,0,0,0,0,0.15,0,0.3,0,0,0.6,19.1896,8.6455,15.3042,20.0062,5678
"p330","ssp370","UKESM1-0-LL","2075",0.52,0.3,0,64,103.57,4.0921,0.1333,0,0.35,0,0,0,0,0,0,0.15,0,0.15,0,0,0.45,17.0248,8.8162,14.601,20.7318,5679
"p330","ssp370","UKESM1-0-LL","2075",0.24,0.4,0.1,69,86.81,4.4229,0.3,0,0,0,0.17,0,0,0,0,0,0,0.1,0.05,0,0.85,19.1458,11.6547,14.6043,18.6103,5680
"p330","ssp370","UKESM1-0-LL","2075",0.24,1,0,69,106.36,4.0836,0.1667,0,0.05,0,0.05,0,0,0,0,0,0,0.25,0.05,0,0.2,19.8968,11.5698,15.294,18.1815,5681
"p330","ssp370","UKESM1-0-LL","2075",0.36,0.85,0,77,96.67,4.4098,0.1,0,0.75,0,0.05,0,0,0,0,0.15,0,0.4,0,0,0.3,20.2711,6.411,13.6975,21.1648,5682
"p330","ssp370","UKESM1-0-LL","2075",0.31,0.6,0,72,107,4.4576,0.1333,0,0.3,0,0.1,0,0,0,0,0.1,0,0.7,0.05,0,0.1,18.2684,7.8379,14.0847,19.7183,5683
"p330","ssp370","UKESM1-0-LL","2075",0.29,0.65,0,50,100.83,4.6736,0.1833,0,0.1,0,0.05,0,0,0,0,0,0,0.3,0,0.15,0.9,16.828,9.1766,12.477,21.4447,5684
"p330","ssp370","UKESM1-0-LL","2075",0.24,0.8,0,61,104.8,4.4131,0.1167,0,0.25,0,0.06,0,0,0.25,0,0,0,0.15,0,0,0.3,19.4675,7.5598,16.7307,19.0725,5685
"p330","ssp370","UKESM1-0-LL","2075",0.28,0.25,0,67,96.3,4.2245,0.1333,0,0.65,0,0.14,0,0,0,0,0.1,0,0.3,0.05,0,0.15,19.3054,7.8496,15.5987,19.5806,5686
"p330","ssp370","UKESM1-0-LL","2075",0.41,1,0,71,110.74,4.6033,0.15,0,0.3,0,0.09,0,0,0,0,0,0,0.05,0.05,0,0.55,18.4997,7.9219,15.9778,20.2233,5687
"p330","ssp370","UKESM1-0-LL","2075",0.35,1,0,63,109.18,4.3718,0.15,0,0.05,0,0.1,0,0,0,0,0.1,0,0.15,0,0,0.15,19.9507,9.8438,15.4813,19.5565,5688
"p330","ssp370","UKESM1-0-LL","2075",0.32,0.1,0,71,108.3,4.8142,0.1833,0,0.1,0,0.11,0,0,0,0,0,0,0,0,0,0.65,18.1783,9.2353,14.4255,18.3765,5689
"p330","ssp370","UKESM1-0-LL","2075",0.21,0.65,0,59,109.31,4.3175,0.05,0,0.8,0,0.06,0,0,0.15,0,0.1,0,0,0,0,0.75,16.9326,5.832,14.698,18.0938,5690
"p330","ssp370","UKESM1-0-LL","2075",0.22,0.55,0,68,113.46,4.4092,0.1,0,0.35,0,0.06,0,0,0,0,0.1,0,0,0.05,0,0.25,19.0642,8.0497,15.5978,16.6391,5691
"p330","ssp370","UKESM1-0-LL","2075",0.18,0.3,0,64,102.32,4.2704,0.1,0,0.4,0,0.16,0,0,0,0,0,0,0.3,0,0,0.3,16.8266,8.1482,14.707,19.862,5692
"p330","ssp370","UKESM1-0-LL","2075",0.11,0.6,0,60,102.68,4.806,0.4,0,0.3,0,0.1,0,0,0,0,0,0,0,0,0,0.5,17.174,11.2792,13.7675,18.0046,5693
"p330","ssp370","UKESM1-0-LL","2075",0.32,1,0,76,109.63,4.2444,0.1167,0,0.05,0,0.09,0.05,0,0,0,0,0,0,0.05,0,0.5,19.466,8.7599,13.7857,17.5877,5694
"p330","ssp370","UKESM1-0-LL","2075",0,0.65,0.1,72,110.64,4.4416,0.1833,0,0.45,0,0.13,0,0,0,0,0,0,0.05,0,0.3,0.75,18.714,10.2071,16.653,19.8448,5695
"p330","ssp370","UKESM1-0-LL","2075",0.38,1,0,72,108.39,4.297,0.1,0,0.85,0,0.11,0,0,0,0,0,0,0.05,0,0,0.15,20.267,6.5222,17.5463,20.5803,5696
"p330","ssp370","UKESM1-0-LL","2075",0.13,0.2,0,81,113.33,4.3275,0.1667,0,0.35,0,0.08,0,0,0.1,0,0.2,0,0.05,0,0,0.15,19.3203,7.3465,18.1862,18.1903,5697
"p330","ssp370","UKESM1-0-LL","2075",0.2,0.75,0,59,105.9,4.3664,0.2167,0,0.05,0,0.15,0,0,0,0,0,0,0,0,0,1,17.9663,10.1643,15.8585,16.2424,5698
"p330","ssp370","UKESM1-0-LL","2075",0.27,0,0,85,94.47,4.1317,0.0667,0,0.5,0,0,0,0,0,0,0,0,0.1,0,0,0.75,19.7659,9.4524,12.345,19.7747,5699
"p330","ssp370","UKESM1-0-LL","2075",0.3,1,0,81,104.67,4.4062,0.05,0,0.1,0,0.1,0,0,0,0,0,0,0,0,0,0.75,20.5337,8.3778,14.5823,16.5268,5700
"p330","ssp585","ACCESS-CM2","2075",0.16,0.6,0.15,68,106.11,4.9654,0.15,0,0.3,0,0,0,0,0,0,0.1,0,0,0,0,0.4,19.0151,8.1196,13.0987,17.3166,5701
"p330","ssp585","ACCESS-CM2","2075",0.1,0.65,0,75,105.24,5.2518,0.0667,0,0,0,0.08,0,0,0,0,0.1,0,0.05,0,0,0.75,18.858,9.1676,14.773,18.5941,5702
"p330","ssp585","ACCESS-CM2","2075",0.15,0.75,0,73,112.63,5.0434,0.1833,0,0.6,0,0.26,0,0,0,0,0.1,0,0.05,0,0.15,0.45,18.4731,8.1837,17.5573,18.3112,5703
"p330","ssp585","ACCESS-CM2","2075",0.31,0,0,68,105.18,5.0164,0.2167,0,0.05,0,0.08,0,0,0,0,0.2,0,0,0.05,0,0.4,17.414,10.0213,12.7772,17.6941,5704
"p330","ssp585","ACCESS-CM2","2075",0.19,0.6,0,72,108.08,5.1528,0.1667,0,0.1,0,0.09,0,0,0,0,0,0,0,0,0,0.6,19.0431,8.8193,16.2048,17.2201,5705
"p330","ssp585","ACCESS-CM2","2075",0.28,0.2,0.1,72,107.57,5.2329,0.0833,0,0.5,0,0,0,0,0,0,0,0,0,0,0,0.3,17.9787,8.5195,10.9747,17.1186,5706
"p330","ssp585","ACCESS-CM2","2075",0.22,0.8,0,67,105.19,5.0516,0.1,0,0.4,0,0.12,0,0,0,0,0,0,0,0,0,0.2,18.8741,7.9621,12.779,15.3476,5707
"p330","ssp585","ACCESS-CM2","2075",0.34,0.7,0,54,101.51,5.227,0.1167,0,0.25,0,0.06,0,0,0,0,0,0,0.15,0.05,0,0.55,17.6134,8.8882,13.9197,21.6212,5708
"p330","ssp585","ACCESS-CM2","2075",0.41,0.4,0,87,103.98,4.4862,0.0667,0,0.5,0,0.1,0,0,0,0,0,0,0.1,0.05,0,0.3,20.1545,6.4614,16.1968,17.5018,5709
"p330","ssp585","ACCESS-CM2","2075",0.3,1,0,68,106.39,5.305,0.2,0,0.5,0,0.16,0,0,0,0,0,0,0.05,0,0,0.3,19.532,7.4546,15.8143,17.5658,5710
"p330","ssp585","ACCESS-CM2","2075",0.13,0.5,0.15,84,105.61,5.0605,0.1,0,0.1,0,0.14,0,0,0,0,0,0,0,0,0,0.35,20.237,9.8989,16.7877,18.002,5711
"p330","ssp585","ACCESS-CM2","2075",0.24,0,0.1,57,99.43,5.0273,0.05,0,0.45,0,0,0,0,0,0,0.1,0,0,0,0,0.35,16.3604,8.529,14.2145,19.4405,5712
"p330","ssp585","ACCESS-CM2","2075",0.24,0.8,0,73,107.27,5.1732,0.2667,0,0.15,0,0.1,0,0,0.1,0,0.25,0,0,0,0,0.4,19.7109,10.8469,17.0237,16.6691,5713
"p330","ssp585","ACCESS-CM2","2075",0.27,0.5,0,64,104.21,5.4323,0.2667,0,0.05,0,0.12,0,0,0,0,0.15,0,0,0,0.15,0.55,17.7387,10.7962,16.2378,17.7303,5714
"p330","ssp585","ACCESS-CM2","2075",0.1,0.6,0,67,109.94,5.0879,0.1333,0,0.15,0,0.05,0,0,0.1,0,0.3,0,0.25,0.05,0.15,0.3,18.3576,8.91,15.7178,20.8715,5715
"p330","ssp585","ACCESS-CM2","2075",0.17,0.15,0.1,71,106.56,5.022,0.1333,0,0.25,0,0.12,0,0,0.1,0,0.35,0,0.1,0,0.15,0.55,18.0047,8.5713,17.2295,18.8632,5716
"p330","ssp585","ACCESS-CM2","2075",0.13,0.65,0,68,112.19,4.9732,0.1667,0,0.2,0,0.11,0,0,0,0,0,0,0.05,0,0,0.3,18.0915,10.0522,17.515,17.8513,5717
"p330","ssp585","ACCESS-CM2","2075",0.18,0.4,0,61,102.86,4.8462,0.0333,0,0.8,0,0,0,0,0,0,0.1,0,0,0,0,0.25,17.2207,5.9151,11.461,16.61,5718
"p330","ssp585","ACCESS-CM2","2075",0.32,0.55,0,69,107.72,4.7593,0.1,0,0.85,0,0.07,0,0,0,0,0.1,0,0,0,0,0.3,18.3447,7.0728,12.6682,17.3894,5719
"p330","ssp585","ACCESS-CM2","2075",0.17,0.9,0,74,104.11,5.4996,0.05,0,0.95,0,0,0,0,0,0,0.1,0,0.1,0,0,0.9,19.5977,7.2127,15.0615,20.2041,5720
"p330","ssp585","ACCESS-CM2","2075",0.2,0.6,0,73,102.62,4.6354,0.1333,0,0.1,0,0.07,0,0,0,0,0.1,0,0.05,0.1,0,0.95,19.4636,8.2052,15.4012,19.2337,5721
"p330","ssp585","ACCESS-CM2","2075",0.16,0.15,0.2,51,100.46,4.9047,0.15,0,0,0,0.06,0,0,0.1,0,0,0,0,0,0,0.45,16.6996,9.9708,18.0963,20.4553,5722
"p330","ssp585","ACCESS-CM2","2075",0.16,0.5,0,63,109.56,4.9148,0.1833,0,0.2,0.05,0.06,0,0,0,0,0,0,0,0,0,0.35,17.8824,10.0232,12.2082,15.8114,5723
"p330","ssp585","ACCESS-CM2","2075",0.43,0,0,71,111.66,4.5124,0.0667,0,0.35,0,0,0,0,0,0,0,0,0.2,0,0.15,0.3,17.8777,7.5971,14.5497,19.843,5724
"p330","ssp585","ACCESS-CM2","2075",0.16,0,0,52,113.09,5.1932,0.1,0,0.4,0,0,0,0,0,0,0.25,0,0,0,0,0.3,18.5237,8.1434,12.7318,16.9215,5725
"p330","ssp585","ACCESS-CM2","2075",0.25,0.5,0,76,105.37,4.9574,0.15,0,0.1,0,0.06,0,0,0,0,0.15,0,0,0,0.3,0.45,20.142,7.8775,16.5232,18.0582,5726
"p330","ssp585","ACCESS-CM2","2075",0.32,0.6,0,59,102.63,5.1113,0.1167,0,0.5,0,0.11,0,0,0,0,0.1,0,0.1,0,0.15,0.7,17.1452,7.3314,17.1508,19.9821,5727
"p330","ssp585","ACCESS-CM2","2075",0,0,0,63,106.28,5.0442,0.1667,0,0,0,0.05,0,0,0,0,0.15,0,0,0,0,0.25,17.4509,10.1799,12.9523,17.9256,5728
"p330","ssp585","ACCESS-CM2","2075",0.22,0.6,0,71,110.52,5.1623,0.1167,0,0.45,0,0,0,0,0,0,0.1,0,0,0,0,0.2,18.8241,8.0419,14.3397,16.3265,5729
"p330","ssp585","ACCESS-CM2","2075",0.32,0,0,64,103.01,5.0652,0.05,0,1,0,0.12,0,0,0.2,0,0,0,0,0,0,0.35,17.3143,4.6809,15.5723,18.8452,5730
"p330","ssp585","ACCESS-CM2","2075",0.22,0.1,0.1,67,109.18,5.0875,0.1,0,0.65,0,0,0,0,0,0,0.1,0,0,0,0.15,0.3,18.2984,6.0612,16.0518,14.9752,5731
"p330","ssp585","ACCESS-CM2","2075",0.48,1,0,74,103.11,5.2014,0.1,0,0,0,0.12,0,0,0,0,0,0,0,0,0,0.5,19.4712,8.3212,11.2597,17.013,5732
"p330","ssp585","ACCESS-CM2","2075",0.32,0.3,0,74,105.44,5.3124,0.1667,0,0.3,0,0,0,0,0.15,0,0.3,0,0,0,0.15,0.6,18.5908,9.1395,18.0838,18.0834,5733
"p330","ssp585","ACCESS-CM2","2075",0.22,0.35,0,66,93.41,5.0675,0.15,0,0.4,0,0.12,0,0,0,0,0.1,0,0.15,0.05,0.15,0.4,17.8445,10.4857,15.8955,19.0833,5734
"p330","ssp585","ACCESS-CM2","2075",0.43,0.55,0,74,105.88,5.2499,0.1333,0,0.3,0,0.06,0,0,0,0,0,0,0,0,0.15,0.3,18.5665,8.3224,12.2823,18.06,5735
"p330","ssp585","ACCESS-CM2","2075",0.39,1,0,66,113.05,5.3343,0.1167,0,0.5,0,0.12,0,0,0,0,0,0,0,0,0,0,19.0742,8.1901,14.6275,13.7342,5736
"p330","ssp585","ACCESS-CM2","2075",0.25,0.7,0,61,102.44,4.8796,0.2,0,0.25,0,0.07,0,0,0,0,0.35,0,0.05,0.05,0,0.55,17.9945,9.1858,16.7035,17.9156,5737
"p330","ssp585","ACCESS-CM2","2075",0.15,0.55,0,72,110.47,4.3109,0.0333,0,0.65,0,0.06,0,0,0,0,0.25,0,0.1,0,0,0.25,17.5639,5.8641,15.154,19.6135,5738
"p330","ssp585","ACCESS-CM2","2075",0.35,0.45,0.1,62,98.96,4.7667,0.0333,0,1,0,0.05,0,0,0.2,0,0,0,0.05,0,0.15,0.75,18.4536,3.571,17.8913,19.7424,5739
"p330","ssp585","ACCESS-CM2","2075",0.33,0,0,69,109.41,5.2097,0.1,0,0.2,0,0.21,0,0,0.15,0,0.1,0,0,0,0,0.15,17.1429,9.3792,18.098,18.5195,5740
"p330","ssp585","ACCESS-CM2","2075",0.29,1,0,79,100.84,4.9342,0.15,0,0.2,0,0.05,0,0,0,0,0,0,0.05,0,0.15,0.4,19.6842,8.3863,12.8683,18.8484,5741
"p330","ssp585","ACCESS-CM2","2075",0.16,0.25,0,74,94.78,5.1024,0.1833,0,0.4,0,0,0,0,0,0,0,0,0.3,0,0,0.35,18.2213,8.1839,15.2305,17.6132,5742
"p330","ssp585","ACCESS-CM2","2075",0.16,0.4,0,49,110.62,4.7614,0.15,0,0.6,0,0,0,0,0,0,0,0,0.15,0,0,0.35,17.6754,7.4388,12.862,17.7345,5743
"p330","ssp585","ACCESS-CM2","2075",0.29,1,0,84,104.27,5.2323,0.15,0,0.2,0,0.07,0,0,0,0,0.35,0,0,0,0,0.3,20.0827,8.8884,13.6953,15.7627,5744
"p330","ssp585","ACCESS-CM2","2075",0.2,0.55,0,56,108.79,4.9565,0.0667,0,1,0,0.06,0,0,0,0,0.3,0,0,0,0.15,0.25,16.5346,4.9089,14.8472,15.7054,5745
"p330","ssp585","ACCESS-CM2","2075",0.23,0.95,0,63,106.88,5.3079,0.15,0,0,0,0.05,0,0,0,0,0,0,0,0,0,0.75,18.3407,9.1324,12.0637,16.9077,5746
"p330","ssp585","ACCESS-CM2","2075",0.4,0.8,0,70,101.83,5.2368,0.3167,0,0.1,0,0.06,0,0,0,0,0.1,0,0,0,0,0.4,18.6549,10.5471,14.6447,17.283,5747
"p330","ssp585","ACCESS-CM2","2075",0.19,0.8,0,65,106.21,5.3749,0.1,0,0,0,0.05,0,0,0,0,0,0,0.1,0.05,0,0.6,18.236,9.1808,13.7325,18.8779,5748
"p330","ssp585","ACCESS-CM2","2075",0.15,0,0,68,112.95,5.2389,0.1,0,0.05,0,0.17,0,0,0,0,0.1,0,0,0,0,0.25,18.4796,9.4792,15.551,17.4175,5749
"p330","ssp585","ACCESS-CM2","2075",0.11,0.25,0,70,103.99,4.9966,0.1167,0,1,0,0.17,0,0,0,0,0.1,0,0.25,0.1,0,0.25,18.1603,3.2662,14.0712,20.6659,5750
"p330","ssp585","ACCESS-CM2","2075",0.43,0.2,0,63,109.73,4.7985,0.0167,0,0.85,0,0.1,0.05,0,0,0,0.15,0,0.1,0,0.15,0.35,17.6308,5.3595,16.5067,18.9811,5751
"p330","ssp585","ACCESS-CM2","2075",0.12,0.15,0,63,108.19,4.8262,0.0333,0,0.8,0,0.05,0,0,0,0,0.4,0,0,0,0,0.25,17.0629,6.191,14.789,15.7627,5752
"p330","ssp585","ACCESS-CM2","2075",0.11,0.35,0,80,111.72,4.4044,0.2,0,0.85,0,0.17,0,0,0,0,0.35,0,0.05,0,0.15,0.3,18.7237,5.9203,17.542,18.555,5753
"p330","ssp585","ACCESS-CM2","2075",0.29,0.2,0,60,112.97,4.6729,0.0167,0,1,0,0.06,0,0,0,0,0,0,0.05,0,0,0.25,17.2866,4.2087,13.1712,19.0774,5754
"p330","ssp585","ACCESS-CM2","2075",0.39,0.55,0,77,107.67,4.9919,0.0833,0,0.4,0,0.1,0,0,0,0,0.1,0,0,0.05,0.15,0.6,18.9853,9.8209,16.0793,17.3909,5755
"p330","ssp585","ACCESS-CM2","2075",0.23,0.45,0,76,106.26,5.1401,0.1333,0,0.15,0,0.07,0,0,0,0,0,0,0.3,0.05,0,0.1,19.0802,8.3991,14.3008,19.8829,5756
"p330","ssp585","ACCESS-CM2","2075",0.12,0.35,0,69,103.27,5.0493,0.1667,0,0,0,0.06,0,0,0,0,0,0,0,0,0,0.85,18.1966,11.6442,11.9928,17.8481,5757
"p330","ssp585","ACCESS-CM2","2075",0.33,0.2,0.15,58,112.39,5.2931,0.1,0,0.35,0,0.07,0,0,0.3,0,0,0,0,0.05,0.15,0.65,16.3814,8.6482,19.52,18.0286,5758
"p330","ssp585","ACCESS-CM2","2075",0.17,0.35,0,70,106.07,4.9277,0.0667,0,0.2,0,0.08,0,0,0,0,0.35,0,0.05,0,0,0.4,18.6385,7.2728,14.4867,19.0377,5759
"p330","ssp585","ACCESS-CM2","2075",0.37,0.85,0,61,110.38,4.9321,0.0833,0,0.8,0,0.1,0,0,0,0,0.25,0,0.1,0,0.3,0.85,18.641,6.1697,14.5988,19.3198,5760
"p330","ssp585","ACCESS-CM2","2075",0.37,0.9,0,75,98.02,5.495,0.0833,0,0.25,0.05,0.14,0,0,0,0,0,0,0.05,0.05,0,0.6,19.3982,8.0048,14.1633,17.051,5761
"p330","ssp585","ACCESS-CM2","2075",0.29,0.5,0.1,66,106.46,5.3538,0.2167,0,0,0.05,0.09,0,0,0,0,0,0,0,0,0,0.25,17.371,10.5323,14.7278,14.707,5762
"p330","ssp585","ACCESS-CM2","2075",0.33,0.1,0.1,40,103.35,5.225,0.0833,0,0.45,0,0.05,0,0,0,0,0.1,0,0.15,0,0.15,0.45,14.7106,7.2654,16.2467,18.8079,5763
"p330","ssp585","ACCESS-CM2","2075",0.41,0,0,51,104.37,5.2484,0.1167,0,0.05,0,0.06,0,0,0,0,0.1,0,0,0,0,0.35,15.8737,9.7718,14.4378,19.1059,5764
"p330","ssp585","ACCESS-CM2","2075",0.1,0.15,0,59,115.79,4.7607,0.1167,0,0.2,0,0,0,0,0,0,0,0,0.4,0,0.15,0.2,17.8498,8.5014,13.4637,22.6775,5765
"p330","ssp585","ACCESS-CM2","2075",0.15,0,0.3,64,111.17,5.2855,0.1,0,0.35,0,0,0,0,0,0,0.55,0,0.05,0,0,0.2,17.6628,7.6068,17.507,20.4661,5766
"p330","ssp585","ACCESS-CM2","2075",0.38,0.55,0,73,101.98,4.7429,0.05,0,0,0,0.13,0.05,0,0,0,0,0,0.15,0.05,0.15,0.45,18.0564,8.3389,14.624,19.1248,5767
"p330","ssp585","ACCESS-CM2","2075",0.15,0.25,0.3,79,104.09,5.155,0.1,0,0.7,0,0.06,0,0,0,0,0,0,0.05,0.05,0,0.55,19.0074,7.4432,12.4122,19.6398,5768
"p330","ssp585","ACCESS-CM2","2075",0.29,0.95,0,66,98.73,4.8566,0.1333,0,0.15,0,0.07,0.05,0,0,0,0,0,0.25,0.05,0,0.65,18.1042,9.7147,14.7722,20.509,5769
"p330","ssp585","ACCESS-CM2","2075",0.45,0.55,0,77,101.16,5.0283,0.25,0,0.35,0,0.14,0,0,0,0,0,0,0,0,0,0.4,19.9407,8.6792,15.2885,18.1548,5770
"p330","ssp585","ACCESS-CM2","2075",0.21,0.1,0,72,100.2,4.889,0.2,0,0.75,0,0.1,0,0,0,0,0.1,0,0,0,0.3,0.45,17.7082,7.0506,13.9467,17.2418,5771
"p330","ssp585","ACCESS-CM2","2075",0.24,0.45,0,71,112.6,4.653,0.1333,0,0.1,0,0,0,0,0,0,0,0,0.15,0.05,0.15,0.45,18.2832,9.1786,12.8005,19.4291,5772
"p330","ssp585","ACCESS-CM2","2075",0.12,0.35,0,68,115.09,5.1556,0.0167,0,0.85,0,0.13,0,0,0,0,0,0,0.25,0,0,1,19.1308,6.2431,16.7872,20.6422,5773
"p330","ssp585","ACCESS-CM2","2075",0.33,0.6,0,73,108.12,4.97,0.1833,0,0.1,0,0.12,0,0,0,0,0,0,0.2,0,0.15,0.5,19.6947,10.1323,15.7675,20.0771,5774
"p330","ssp585","ACCESS-CM2","2075",0.3,0.55,0,67,105.03,4.9135,0.1667,0,0.1,0,0.12,0,0,0,0,0.15,0,0,0,0,0.3,18.352,9.6068,15.8293,16.6126,5775
"p330","ssp585","ACCESS-CM2","2075",0.17,0,0,86,107.02,5.5254,0.1333,0,0.05,0,0.05,0,0,0,0,0,0,0.05,0,0.15,0.3,17.7367,8.6154,16.1433,17.4053,5776
"p330","ssp585","ACCESS-CM2","2075",0.2,0.6,0,72,101.55,5.0143,0.2167,0,0.1,0,0.06,0,0,0,0,0.5,0,0.05,0.05,0,0.15,19.0229,8.5354,15.0267,17.34,5777
"p330","ssp585","ACCESS-CM2","2075",0.43,1,0,69,106.45,4.9579,0.0667,0,0.3,0,0.1,0,0,0,0,0.15,0,0.1,0.05,0,0.4,18.8543,8.2014,15.093,18.9876,5778
"p330","ssp585","ACCESS-CM2","2075",0.44,0.1,0,62,104.33,4.6863,0.1167,0,0.35,0,0,0,0,0,0,0.15,0,0.1,0,0,0.7,16.6882,8.3757,14.3903,19.718,5779
"p330","ssp585","ACCESS-CM2","2075",0.24,0.3,0.1,68,88.84,5.0381,0.3,0,0,0,0.17,0,0,0,0,0,0,0.05,0,0.3,0.95,18.8086,11.2174,14.393,17.6008,5780
"p330","ssp585","ACCESS-CM2","2075",0.24,1,0,70,107.42,4.7387,0.1333,0,0.05,0,0.05,0,0,0,0,0,0,0,0,0,0.35,19.5663,11.1196,15.0925,17.1463,5781
"p330","ssp585","ACCESS-CM2","2075",0.3,0.85,0,74,99.56,5.0958,0.0833,0,0.85,0,0.05,0,0,0,0,0.15,0,0.2,0,0,0.45,19.9397,5.9648,13.4965,20.1383,5782
"p330","ssp585","ACCESS-CM2","2075",0.25,0.5,0,72,110.31,5.174,0.0833,0,0.3,0,0.1,0,0,0,0,0.1,0,0.55,0.05,0.15,0.15,17.9355,7.3948,13.8835,18.6965,5783
"p330","ssp585","ACCESS-CM2","2075",0.29,0.45,0,51,101.86,5.3519,0.1667,0,0.2,0,0.05,0,0,0,0,0,0,0.05,0,0.3,0.75,16.4944,8.7392,12.263,20.4336,5784
"p330","ssp585","ACCESS-CM2","2075",0.24,0.8,0,65,105.31,5.0525,0.1,0,0.35,0,0.06,0,0,0.25,0,0,0,0.1,0,0,0.3,19.1374,7.1091,16.5298,18.0351,5785
"p330","ssp585","ACCESS-CM2","2075",0.34,0.35,0,67,100.61,4.8979,0.1333,0,0.7,0,0.14,0,0,0,0,0.1,0,0.15,0.05,0,0.25,18.9743,7.402,15.397,18.5535,5786
"p330","ssp585","ACCESS-CM2","2075",0.41,0.65,0,71,110.74,5.3137,0.1167,0,0.4,0,0.09,0,0,0,0,0.15,0,0,0.05,0.15,1,18.1674,7.4786,15.7757,19.2015,5787
"p330","ssp585","ACCESS-CM2","2075",0.35,1,0,64,111.81,5.0305,0.1667,0,0.05,0,0.1,0,0,0,0,0.1,0,0,0,0,0.2,19.6174,9.4056,15.269,18.5452,5788
"p330","ssp585","ACCESS-CM2","2075",0.32,0.1,0,71,110.04,5.5128,0.1833,0,0.15,0,0.11,0,0,0,0,0,0,0,0.05,0,0.5,17.8485,8.7839,14.2247,17.3391,5789
"p330","ssp585","ACCESS-CM2","2075",0.21,0.1,0,59,110.52,4.9989,0.05,0,0.85,0,0.06,0,0,0.15,0,0.1,0,0,0,0,0.7,16.6018,5.3842,14.4972,17.0652,5790
"p330","ssp585","ACCESS-CM2","2075",0.22,0.45,0,68,113.48,5.0972,0.1167,0,0.4,0,0.06,0,0,0,0,0.1,0,0,0,0,0.3,18.7326,7.6052,15.3963,15.6158,5791
"p330","ssp585","ACCESS-CM2","2075",0.16,0,0,64,101.77,4.9187,0.1,0,0.45,0,0.16,0,0,0,0,0,0,0.05,0,0,0.55,16.4932,7.7097,14.4948,18.8502,5792
"p330","ssp585","ACCESS-CM2","2075",0.06,0.3,0,62,105.91,5.4761,0.4667,0,0.3,0,0.1,0,0,0,0,0,0,0,0,0.3,0.5,16.8445,10.8272,13.5672,16.9666,5793
"p330","ssp585","ACCESS-CM2","2075",0.27,1,0,74,109.15,4.9179,0.1167,0,0.05,0,0.09,0.05,0,0,0,0,0,0,0.05,0,0.45,19.1355,8.3111,13.5842,16.5583,5794
"p330","ssp585","ACCESS-CM2","2075",0,0.1,0.1,73,109.93,5.1097,0.1833,0,0.6,0,0.13,0,0,0,0,0,0,0.05,0,0.6,0.8,18.382,9.7618,16.452,18.8211,5795
"p330","ssp585","ACCESS-CM2","2075",0.32,1,0,75,108.73,5.0327,0.05,0,0.9,0,0.11,0,0,0,0,0,0,0.05,0,0,0.3,19.9336,6.083,17.3347,19.5668,5796
"p330","ssp585","ACCESS-CM2","2075",0.13,0,0,78,112.38,5.0462,0.1333,0,0.4,0,0.08,0,0,0.1,0,0.2,0,0,0,0,0.05,18.9908,6.8936,17.9855,17.1513,5797
"p330","ssp585","ACCESS-CM2","2075",0.26,0.65,0,60,106.2,5.0814,0.2,0,0.05,0,0.15,0,0,0,0,0,0,0,0,0,0.6,17.6358,9.7151,15.6577,15.2118,5798
"p330","ssp585","ACCESS-CM2","2075",0.32,0,0,86,96.64,4.7569,0.05,0,0.5,0,0,0,0,0,0,0,0,0,0,0,0.65,19.4343,9.0062,12.144,18.75,5799
"p330","ssp585","ACCESS-CM2","2075",0.3,1,0,82,109,5.0601,0.05,0,0.25,0,0.05,0,0,0,0,0,0,0,0,0.15,0.7,20.2003,7.9377,14.3705,15.5117,5800
"p330","ssp585","AWI-CM-1-1-MR","2075",0.16,0.8,0.1,69,104.08,2.3134,0,0,0,0,0,0,0,0,0,0.1,0,0,0,0,0.25,19.0479,9.2788,12.2338,16.9737,5801
"p330","ssp585","AWI-CM-1-1-MR","2075",0.1,0.75,0,66,105.22,2.4352,0,0,0,0,0.13,0,0,0,0,0.1,0,0.05,0,0,0.65,18.893,10.3256,13.9208,18.233,5802
"p330","ssp585","AWI-CM-1-1-MR","2075",0.19,0.75,0,70,111.04,2.297,0.0167,0,0.4,0,0.26,0,0,0,0,0.1,0,0,0,0,0.3,18.5098,9.341,16.7155,17.9421,5803
"p330","ssp585","AWI-CM-1-1-MR","2075",0.36,0.35,0,67,102.3,2.4174,0.0167,0,0,0,0.08,0,0,0,0,0.2,0,0,0,0,0.3,17.4531,11.1712,11.964,17.3092,5804
"p330","ssp585","AWI-CM-1-1-MR","2075",0.21,0.65,0,68,106.4,2.3582,0.0167,0,0,0,0.09,0,0,0,0,0,0,0,0,0,0.45,19.0758,9.9788,15.3378,16.8776,5805
"p330","ssp585","AWI-CM-1-1-MR","2075",0.28,0.45,0.1,67,104.11,2.3567,0.0167,0,0.2,0,0,0,0,0,0,0,0,0,0,0,0.15,18.0129,9.6778,10.1193,16.7588,5806
"p330","ssp585","AWI-CM-1-1-MR","2075",0.27,0.8,0,63,105.56,2.324,0,0,0.05,0,0.12,0,0,0,0,0,0,0,0,0,0.25,18.9104,9.1188,11.9352,14.9795,5807
"p330","ssp585","AWI-CM-1-1-MR","2075",0.34,0.85,0,49,97.22,2.5003,0,0,0.2,0,0.06,0,0,0,0,0.1,0,0.15,0.05,0,0.55,17.6513,10.0383,13.1055,21.2386,5808
"p330","ssp585","AWI-CM-1-1-MR","2075",0.41,0.9,0,87,98.89,2.0463,0,0,0.15,0,0.1,0,0,0,0,0,0,0.1,0.05,0,0.15,20.1866,7.6206,15.3278,17.1622,5809
"p330","ssp585","AWI-CM-1-1-MR","2075",0.31,0.85,0,69,107.72,2.4336,0.0333,0,0.3,0,0.16,0,0,0,0,0,0,0.05,0,0,0.3,19.5664,8.6122,14.9573,17.2071,5810
"p330","ssp585","AWI-CM-1-1-MR","2075",0.13,0.55,0,82,102.99,2.3587,0,0,0.1,0,0.14,0,0,0,0,0,0,0,0,0,0.25,20.2731,11.056,15.9408,17.6364,5811
"p330","ssp585","AWI-CM-1-1-MR","2075",0.24,0.2,0.1,51,98.97,2.2822,0,0,0.15,0,0,0,0,0,0,0.1,0,0.05,0,0,0.3,16.3981,9.6788,13.3972,19.0591,5812
"p330","ssp585","AWI-CM-1-1-MR","2075",0.24,0.65,0,71,104.13,2.3878,0.05,0,0.15,0,0.1,0,0,0,0,0.15,0,0,0,0,0.35,19.7423,12.0065,16.1513,16.3306,5813
"p330","ssp585","AWI-CM-1-1-MR","2075",0.27,1,0,58,98.14,2.5833,0.0333,0,0,0,0.12,0,0,0,0,0.15,0,0,0,0,0.35,17.7723,11.9541,15.3773,17.3718,5814
"p330","ssp585","AWI-CM-1-1-MR","2075",0.1,0.9,0,66,108.27,2.3256,0.0167,0,0.05,0,0.05,0,0,0,0,0.3,0,0.25,0.05,0,0.3,18.3931,10.0674,14.8695,20.5061,5815
"p330","ssp585","AWI-CM-1-1-MR","2075",0.17,0.45,0,65,104.9,2.2768,0,0,0.05,0,0.12,0,0,0,0,0.35,0,0.05,0,0,0.5,18.0423,9.7221,16.4103,18.483,5816
"p330","ssp585","AWI-CM-1-1-MR","2075",0.13,0.55,0,65,109.23,2.2377,0,0,0.1,0,0.11,0,0,0,0,0,0,0.05,0,0,0.15,18.123,11.2112,16.6412,17.5149,5817
"p330","ssp585","AWI-CM-1-1-MR","2075",0.18,0.7,0,59,100.48,2.1917,0,0,0.5,0,0,0,0,0,0,0.1,0,0,0,0,0.2,17.2535,7.0736,10.5992,16.2536,5818
"p330","ssp585","AWI-CM-1-1-MR","2075",0.38,0.75,0,66,107.66,2.1977,0.0167,0,0.45,0,0.07,0,0,0,0,0.1,0,0,0,0,0.3,18.3798,8.2302,11.817,17.0256,5819
"p330","ssp585","AWI-CM-1-1-MR","2075",0.22,0.9,0,72,96.07,2.5804,0.0167,0,0.6,0,0,0,0,0,0,0.1,0,0.1,0,0,0.75,19.6346,8.3638,14.2397,19.827,5820
"p330","ssp585","AWI-CM-1-1-MR","2075",0.2,0.45,0,73,99.39,2.059,0,0,0,0,0.07,0,0,0,0,0.1,0,0.1,0.1,0,0.8,19.4941,9.3643,14.5258,18.8984,5821
"p330","ssp585","AWI-CM-1-1-MR","2075",0.16,0.4,0,47,96.14,2.2411,0.0333,0,0,0,0.06,0,0,0,0,0,0,0,0,0,0.35,16.7326,11.1299,17.232,20.1005,5822
"p330","ssp585","AWI-CM-1-1-MR","2075",0.16,0.6,0,58,109.95,2.2189,0.05,0,0.05,0.05,0.06,0,0,0,0,0,0,0,0,0,0.25,17.9176,11.1812,11.3545,15.4506,5823
"p330","ssp585","AWI-CM-1-1-MR","2075",0.49,0.65,0,64,109.66,2.0695,0,0,0,0,0,0,0,0,0,0,0,0.15,0,0.15,0.35,17.9146,8.7486,13.7253,19.4662,5824
"p330","ssp585","AWI-CM-1-1-MR","2075",0.16,0.75,0,46,110.52,2.2866,0.0167,0,0.15,0,0,0,0,0,0,0.25,0,0,0,0,0.2,18.554,9.3033,11.854,16.5878,5825
"p330","ssp585","AWI-CM-1-1-MR","2075",0.28,0.4,0,73,108.96,2.1975,0.0167,0,0,0,0.06,0,0,0,0,0.15,0,0,0,0,0.45,20.1738,9.0368,15.656,17.705,5826
"p330","ssp585","AWI-CM-1-1-MR","2075",0.33,0.5,0,58,98.79,2.4372,0,0,0.2,0,0.11,0,0,0,0,0.1,0,0.15,0,0,0.7,17.1798,8.4897,16.2955,19.6217,5827
"p330","ssp585","AWI-CM-1-1-MR","2075",0,0.35,0,60,102.31,2.2523,0,0,0,0,0.05,0,0,0,0,0.15,0,0,0,0,0.15,17.4874,11.3315,12.1248,17.5505,5828
"p330","ssp585","AWI-CM-1-1-MR","2075",0.22,0.5,0,73,109.51,2.3806,0,0,0,0,0,0,0,0,0,0,0,0,0,0,0.15,18.8546,9.2017,13.4595,15.9938,5829
"p330","ssp585","AWI-CM-1-1-MR","2075",0.32,0.25,0,56,102.26,2.309,0,0,0.6,0,0.12,0,0,0,0,0,0,0.1,0,0,0.25,17.3464,5.84,14.7035,18.4938,5830
"p330","ssp585","AWI-CM-1-1-MR","2075",0.23,0.1,0,67,110.29,2.3447,0,0,0.15,0,0,0,0,0,0,0.1,0,0,0,0,0.25,18.3326,7.2193,15.195,14.6162,5831
"p330","ssp585","AWI-CM-1-1-MR","2075",0.48,1,0,72,97.65,2.4132,0.0167,0,0,0,0.12,0,0,0,0,0,0,0,0,0,0.35,19.5071,9.4725,10.4307,16.6392,5832
"p330","ssp585","AWI-CM-1-1-MR","2075",0.32,0.5,0,73,104.87,2.3618,0,0,0.1,0,0,0,0,0,0,0.3,0,0,0,0,0.45,18.6205,10.299,17.2023,17.7531,5833
"p330","ssp585","AWI-CM-1-1-MR","2075",0.22,1,0,63,90.15,2.3426,0,0,0,0,0.12,0,0,0,0,0,0,0.1,0,0,0.3,17.876,11.6449,15.0242,18.7326,5834
"p330","ssp585","AWI-CM-1-1-MR","2075",0.45,0.6,0,68,104.06,2.4288,0.0167,0,0,0,0.06,0,0,0,0,0,0,0,0,0,0.3,18.6002,9.4812,11.4232,17.7024,5835
"p330","ssp585","AWI-CM-1-1-MR","2075",0.39,1,0,61,113.34,2.4626,0.0333,0,0.1,0,0.12,0,0,0,0,0,0,0,0,0,0,19.1101,9.3408,13.7968,13.3629,5836
"p330","ssp585","AWI-CM-1-1-MR","2075",0.25,0.7,0,58,100.73,2.2625,0.05,0,0.1,0,0.07,0,0,0,0,0.35,0,0.05,0,0,0.45,18.0231,10.346,15.8197,17.586,5837
"p330","ssp585","AWI-CM-1-1-MR","2075",0.2,0.55,0,70,113.3,1.9485,0,0,0.25,0,0.06,0,0,0,0,0.25,0,0.1,0,0,0.25,17.5942,7.0237,14.2807,19.2652,5838
"p330","ssp585","AWI-CM-1-1-MR","2075",0.33,0.4,0,56,98,2.1075,0.0167,0,1,0,0.05,0,0,0.2,0,0,0,0,0,0,0.55,18.4866,4.7294,17.0288,19.387,5839
"p330","ssp585","AWI-CM-1-1-MR","2075",0.33,0.35,0,68,108.64,2.4414,0,0,0.1,0,0.21,0,0,0,0,0,0,0,0,0,0.2,17.1787,10.5312,17.265,18.1485,5840
"p330","ssp585","AWI-CM-1-1-MR","2075",0.39,1,0,76,96.6,2.3328,0.0167,0,0,0,0.05,0,0,0,0,0,0,0.05,0,0,0.3,19.7133,9.5461,11.9827,18.5199,5841
"p330","ssp585","AWI-CM-1-1-MR","2075",0.16,0.25,0,70,93.5,2.339,0,0,0.05,0,0,0,0,0,0,0,0,0.3,0,0,0.25,18.2518,9.3444,14.3553,17.2659,5842
"p330","ssp585","AWI-CM-1-1-MR","2075",0.16,0.15,0,39,109.91,2.2077,0.0167,0,0.25,0,0,0,0,0,0,0,0,0.15,0,0,0.3,17.7082,8.5972,11.9967,17.3802,5843
"p330","ssp585","AWI-CM-1-1-MR","2075",0.29,1,0,83,100.8,2.407,0.0167,0,0.05,0,0.07,0,0,0,0,0.35,0,0,0,0,0.15,20.1174,10.0406,12.8593,15.3936,5844
"p330","ssp585","AWI-CM-1-1-MR","2075",0.31,0.95,0,53,109.59,2.2042,0,0,0.35,0,0.06,0,0,0,0,0.35,0,0,0,0,0.25,16.5628,6.0694,13.9575,15.3778,5845
"p330","ssp585","AWI-CM-1-1-MR","2075",0.25,1,0,55,107.31,2.4438,0,0,0,0,0.05,0,0,0,0,0,0,0,0,0,0.7,18.3715,10.2923,11.186,16.5618,5846
"p330","ssp585","AWI-CM-1-1-MR","2075",0.43,1,0,68,103.35,2.4156,0,0,0,0,0.07,0,0,0,0,0.1,0,0,0,0,0.25,18.687,11.7059,13.7792,16.9306,5847
"p330","ssp585","AWI-CM-1-1-MR","2075",0.2,0.7,0,59,106.42,2.477,0,0,0,0,0.05,0,0,0,0,0,0,0.15,0,0,0.5,18.2704,10.3327,12.8947,18.5097,5848
"p330","ssp585","AWI-CM-1-1-MR","2075",0.22,0,0,66,113.91,2.3103,0.0167,0,0,0,0.17,0,0,0,0,0.1,0,0,0,0,0.2,18.5068,10.64,14.6603,17.0921,5849
"p330","ssp585","AWI-CM-1-1-MR","2075",0.16,0.5,0,65,101.58,2.2498,0.0333,0,1,0,0.17,0,0,0,0,0.1,0,0.3,0.1,0,0.25,18.1908,4.4265,13.1913,20.3211,5850
"p330","ssp585","AWI-CM-1-1-MR","2075",0.44,0.25,0,63,108.55,2.1375,0,0,0.45,0,0.1,0,0,0,0,0.15,0,0.15,0,0,0.2,17.6624,6.5186,15.6373,18.6295,5851
"p330","ssp585","AWI-CM-1-1-MR","2075",0.12,0.25,0,60,108.37,2.2093,0,0,0.1,0,0.05,0,0,0,0,0.25,0,0,0,0,0.15,17.0968,7.3439,13.948,15.3965,5852
"p330","ssp585","AWI-CM-1-1-MR","2075",0.11,0.75,0,77,115.17,1.9207,0.0167,0,0.55,0,0.17,0,0,0,0,0.25,0,0.1,0,0,0.2,18.7509,7.0814,16.649,18.2316,5853
"p330","ssp585","AWI-CM-1-1-MR","2075",0.31,0.3,0,57,112.3,2.0894,0,0,0.55,0,0.06,0,0,0,0,0,0,0.05,0,0,0.25,17.3161,5.3686,12.2893,18.7359,5854
"p330","ssp585","AWI-CM-1-1-MR","2075",0.46,1,0,74,105.42,2.2769,0.0167,0,0.25,0,0.1,0,0,0,0,0,0,0,0.05,0,0.45,19.0173,10.9808,15.2087,17.0408,5855
"p330","ssp585","AWI-CM-1-1-MR","2075",0.23,0.5,0,76,105.81,2.3083,0.0167,0,0,0,0.07,0,0,0,0,0,0,0.35,0,0,0.05,19.1136,9.5519,13.4582,19.518,5856
"p330","ssp585","AWI-CM-1-1-MR","2075",0.17,0.7,0,64,103.45,2.3593,0,0,0,0,0.06,0,0,0,0,0,0,0,0,0,0.85,18.2238,12.8046,11.099,17.5254,5857
"p330","ssp585","AWI-CM-1-1-MR","2075",0.39,0.55,0,52,112.57,2.4226,0,0,0.15,0,0.07,0,0,0.3,0,0,0,0,0.1,0,0.7,16.4102,9.8086,18.6363,17.6879,5858
"p330","ssp585","AWI-CM-1-1-MR","2075",0.17,0.35,0,63,106.57,2.2235,0,0,0.1,0,0.08,0,0,0,0,0.35,0,0.05,0,0,0.35,18.6697,8.432,13.613,18.6883,5859
"p330","ssp585","AWI-CM-1-1-MR","2075",0.39,1,0,59,110.52,2.2027,0.0167,0,0.5,0,0.1,0,0,0,0,0.25,0,0,0,0,1,18.6743,7.3222,13.7542,18.9562,5860
"p330","ssp585","AWI-CM-1-1-MR","2075",0.37,0.65,0,72,94.68,2.5415,0.0167,0,0,0,0.14,0,0,0,0,0,0,0.05,0,0,0.7,19.4249,9.1651,13.2672,16.7287,5861
"p330","ssp585","AWI-CM-1-1-MR","2075",0.35,0.55,0,60,103.39,2.5463,0.05,0,0,0,0.09,0,0,0,0,0,0,0,0,0,0.35,17.4003,11.6921,13.8418,14.3667,5862
"p330","ssp585","AWI-CM-1-1-MR","2075",0.37,0.25,0.1,40,101.62,2.4252,0,0,0.05,0,0.05,0,0,0,0,0.1,0,0.2,0,0,0.4,14.7418,8.4246,15.3713,18.46,5863
"p330","ssp585","AWI-CM-1-1-MR","2075",0.41,0.1,0,48,104.75,2.4374,0,0,0,0,0.06,0,0,0,0,0.1,0,0,0,0,0.2,15.9062,10.9241,13.5907,18.7435,5864
"p330","ssp585","AWI-CM-1-1-MR","2075",0.16,0.45,0,55,116.74,2.1389,0.0167,0,0,0,0,0,0,0,0,0,0,0.4,0,0,0.15,17.876,9.6627,12.566,22.3582,5865
"p330","ssp585","AWI-CM-1-1-MR","2075",0.16,0.2,0.3,59,112.08,2.4091,0.0167,0,0,0,0,0,0,0,0,0.4,0,0.1,0,0,0.2,17.6906,8.767,16.6197,20.1273,5866
"p330","ssp585","AWI-CM-1-1-MR","2075",0.38,0.5,0,67,99.75,2.0963,0.0167,0,0,0,0.13,0,0,0,0,0,0,0.15,0,0,0.3,18.0871,9.4988,13.7468,18.7794,5867
"p330","ssp585","AWI-CM-1-1-MR","2075",0.14,0.65,0.1,72,104.53,2.2628,0.0167,0,0.55,0,0.11,0,0,0,0,0,0,0.05,0,0,0.5,19.0398,8.5966,11.5628,19.2789,5868
"p330","ssp585","AWI-CM-1-1-MR","2075",0.31,1,0,63,98.5,2.1453,0.0167,0,0,0,0.07,0,0,0,0,0,0,0.3,0,0,0.5,18.1302,10.876,13.8713,20.1896,5869
"p330","ssp585","AWI-CM-1-1-MR","2075",0.51,1,0,75,97.65,2.3358,0.0333,0,0,0,0.14,0,0,0,0,0,0,0,0,0,0.3,19.9688,9.8395,14.399,17.8176,5870
"p330","ssp585","AWI-CM-1-1-MR","2075",0.24,0.1,0,69,99.48,2.2593,0,0,0.2,0,0.12,0,0,0,0,0,0,0,0,0,0.2,17.7387,8.2107,13.0658,16.8967,5871
"p330","ssp585","AWI-CM-1-1-MR","2075",0.28,0.3,0,68,114.07,2.113,0,0,0,0,0,0,0,0,0,0,0,0.15,0.05,0,0.45,18.3153,10.3315,11.9488,19.0703,5872
"p330","ssp585","AWI-CM-1-1-MR","2075",0.25,0.55,0,67,116.09,2.2976,0,0,0.3,0,0.13,0,0,0,0,0,0,0.3,0,0,0.8,19.1565,7.404,15.8848,20.325,5873
"p330","ssp585","AWI-CM-1-1-MR","2075",0.33,0.75,0,68,108,2.2979,0.0167,0,0,0,0.12,0,0,0,0,0,0,0.2,0,0,0.7,19.7224,11.293,14.8752,19.7421,5874
"p330","ssp585","AWI-CM-1-1-MR","2075",0.3,0.55,0,65,102.75,2.2095,0.0167,0,0,0,0.12,0,0,0,0,0.15,0,0,0,0,0.15,18.3818,10.767,14.948,16.27,5875
"p330","ssp585","AWI-CM-1-1-MR","2075",0.19,0.1,0,80,108.47,2.5618,0.0333,0,0.05,0,0.05,0,0,0,0,0,0,0.05,0,0,0.3,17.7681,9.7698,15.2897,17.0476,5876
"p330","ssp585","AWI-CM-1-1-MR","2075",0.2,0.6,0,69,101.81,2.2589,0.0167,0,0,0,0.06,0,0,0,0,0.4,0,0.15,0.05,0,0.05,19.0483,9.6965,14.1217,17.0241,5877
"p330","ssp585","AWI-CM-1-1-MR","2075",0.46,0.95,0,67,105.3,2.2971,0.0167,0,0.1,0,0.1,0,0,0,0,0.15,0,0.1,0,0,0.35,18.8819,9.3622,14.1995,18.6524,5878
"p330","ssp585","AWI-CM-1-1-MR","2075",0.54,0.45,0,57,100.25,2.1954,0,0,0.15,0,0,0,0,0,0,0.15,0,0.1,0,0,0.6,16.7176,9.5357,13.5062,19.3756,5879
"p330","ssp585","AWI-CM-1-1-MR","2075",0.24,0.4,0.1,69,79.55,2.3583,0.0167,0,0,0,0.17,0,0,0,0,0,0,0.05,0.05,0,0.75,18.8396,12.3768,13.519,17.253,5880
"p330","ssp585","AWI-CM-1-1-MR","2075",0.26,0.8,0,68,107.33,2.1136,0.0667,0,0,0,0.05,0,0,0,0,0,0,0.05,0,0,0.2,19.5859,12.2872,14.1682,16.8332,5881
"p330","ssp585","AWI-CM-1-1-MR","2075",0.36,1,0,70,95.77,2.301,0.0167,0,0.65,0,0.05,0,0,0,0,0.15,0,0.2,0,0,0.2,19.9617,7.1309,12.5818,19.8132,5882
"p330","ssp585","AWI-CM-1-1-MR","2075",0.38,0.65,0,67,109.33,2.2589,0,0,0.1,0,0.1,0,0,0,0,0.1,0,0.6,0.05,0,0.1,17.9594,8.5608,12.9795,18.3644,5883
"p330","ssp585","AWI-CM-1-1-MR","2075",0.3,0.65,0,49,100.3,2.4456,0.0167,0,0,0,0.05,0,0,0,0,0,0,0,0,0,0.7,16.5208,9.8988,11.3883,20.0868,5884
"p330","ssp585","AWI-CM-1-1-MR","2075",0.24,0.75,0,57,108.71,2.3338,0.0333,0,0.15,0,0.06,0,0,0.1,0,0,0,0.1,0,0,0.25,19.1573,8.2763,15.6042,17.7235,5885
"p330","ssp585","AWI-CM-1-1-MR","2075",0.28,0.25,0,67,100.05,2.1632,0.0333,0,0.5,0,0.14,0,0,0,0,0.1,0,0.15,0.05,0,0.1,18.9955,8.569,14.4817,18.2291,5886
"p330","ssp585","AWI-CM-1-1-MR","2075",0.42,1,0,65,110.85,2.4599,0,0,0.2,0,0.09,0,0,0,0,0,0,0,0.05,0,0.65,18.1909,8.6444,14.8695,18.8709,5887
"p330","ssp585","AWI-CM-1-1-MR","2075",0.35,0.95,0,59,111.65,2.287,0.0333,0,0,0,0.1,0,0,0,0,0.1,0,0,0,0,0.2,19.6433,10.5658,14.3918,18.1992,5888
"p330","ssp585","AWI-CM-1-1-MR","2075",0.33,0.1,0,69,105.48,2.5903,0,0,0.05,0,0.11,0,0,0,0,0,0,0,0,0,0.45,17.8675,9.9511,13.2972,17.03,5889
"p330","ssp585","AWI-CM-1-1-MR","2075",0.22,0.65,0,51,109.51,2.2585,0,0,0.4,0,0.06,0,0,0,0,0.1,0,0,0,0,0.5,16.6227,6.5506,13.5792,16.7432,5890
"p330","ssp585","AWI-CM-1-1-MR","2075",0.22,0.4,0,65,113.74,2.3358,0,0,0.05,0,0.06,0,0,0,0,0.1,0,0,0,0,0.2,18.7555,8.7712,14.4885,15.2862,5891
"p330","ssp585","AWI-CM-1-1-MR","2075",0.29,0.35,0,56,100.1,2.1861,0,0,0.05,0,0.16,0,0,0,0,0,0,0.1,0,0,0.35,16.5183,8.8697,13.6157,18.5064,5892
"p330","ssp585","AWI-CM-1-1-MR","2075",0.11,0.7,0,56,104.76,2.5808,0.05,0,0.05,0,0.1,0,0,0,0,0,0,0,0,0,0.4,16.863,11.9945,12.6368,16.6584,5893
"p330","ssp585","AWI-CM-1-1-MR","2075",0.32,1,0,73,105.01,2.2448,0.0167,0,0,0,0.09,0,0,0,0,0,0,0,0,0,0.35,19.1562,9.4777,12.6647,16.237,5894
"p330","ssp585","AWI-CM-1-1-MR","2075",0.05,0.8,0.1,67,108.38,2.3607,0.0333,0,0.15,0,0.13,0,0,0,0,0,0,0.05,0,0.15,0.8,18.4046,10.9286,15.5415,18.4927,5895
"p330","ssp585","AWI-CM-1-1-MR","2075",0.38,0.9,0,71,110.74,2.2352,0.0167,0,0.35,0,0.11,0,0,0,0,0,0,0.05,0,0,0.2,19.9585,7.2427,16.4528,19.2241,5896
"p330","ssp585","AWI-CM-1-1-MR","2075",0.13,0.2,0,81,113.92,2.3062,0.0167,0,0.2,0,0.08,0,0,0,0,0.35,0,0,0,0,0.05,19.0092,8.0607,17.053,16.844,5897
"p330","ssp585","AWI-CM-1-1-MR","2075",0.26,0.75,0,58,110.8,2.2387,0.0167,0,0.05,0,0.15,0,0,0,0,0,0,0,0,0,0.5,17.656,10.882,14.7348,14.8917,5898
"p330","ssp585","AWI-CM-1-1-MR","2075",0.27,0,0,85,90.04,2.1698,0,0,0.3,0,0,0,0,0,0,0,0,0.05,0,0,0.45,19.4568,10.173,11.2317,18.4226,5899
"p330","ssp585","AWI-CM-1-1-MR","2075",0.36,1,0,79,104.27,2.2852,0,0,0,0,0.1,0,0,0,0,0,0,0,0,0,0.7,20.2247,9.0974,13.4865,15.17,5900
"p330","ssp585","CMCC-ESM2","2075",0.16,0.85,0.1,71,105.45,4.1434,0.0333,0,0,0,0,0,0,0,0,0.15,0,0,0,0,0.4,19.5722,9.0982,14.2452,18.3996,5901
"p330","ssp585","CMCC-ESM2","2075",0.1,0.75,0,71,105.2,4.3564,0.0167,0,0,0,0.2,0,0,0,0,0.2,0,0.05,0,0,0.85,19.4189,10.1418,15.9218,19.6876,5902
"p330","ssp585","CMCC-ESM2","2075",0.19,0.9,0,75,110.48,4.18,0.0167,0,0.5,0,0.26,0,0,0,0,0.1,0,0.1,0,0,0.3,19.0377,9.1548,18.7078,19.4056,5903
"p330","ssp585","CMCC-ESM2","2075",0.36,0.35,0,68,104.25,4.1519,0.0833,0,0,0,0.08,0,0,0,0,0.2,0,0,0,0,0.4,17.9823,10.9862,13.9307,18.7889,5904
"p330","ssp585","CMCC-ESM2","2075",0.19,0.8,0,71,106.17,4.266,0.0333,0,0,0,0.15,0,0,0.2,0,0,0,0,0,0,0.65,19.5998,9.7987,17.3502,18.3018,5905
"p330","ssp585","CMCC-ESM2","2075",0.28,0.85,0.1,72,108.48,4.3454,0.0167,0,0.25,0,0,0,0,0,0,0,0,0,0,0,0.3,18.5388,9.4949,12.1225,18.2109,5906
"p330","ssp585","CMCC-ESM2","2075",0.22,0.8,0,64,103.98,4.173,0.0333,0,0.1,0,0.12,0,0,0,0,0,0,0,0,0,0.3,19.4374,8.9332,13.9288,16.442,5907
"p330","ssp585","CMCC-ESM2","2075",0.34,0.85,0,55,101.63,4.3245,0.0333,0,0.2,0,0.06,0,0,0,0,0.1,0,0.15,0,0,0.45,18.1805,9.8538,15.0733,22.715,5908
"p330","ssp585","CMCC-ESM2","2075",0.41,0.9,0,87,100.13,3.6993,0,0,0.2,0,0.1,0,0,0,0,0,0,0.1,0,0,0.25,20.7107,7.4409,17.3428,18.5847,5909
"p330","ssp585","CMCC-ESM2","2075",0.31,1,0,67,108.08,4.3993,0.0833,0,0.3,0,0.16,0,0,0,0,0,0,0.05,0,0,0.3,20.0919,8.4307,16.9622,18.6571,5910
"p330","ssp585","CMCC-ESM2","2075",0.13,0.7,0,85,101.72,4.2117,0.0167,0,0.1,0,0.19,0,0,0,0,0,0,0,0,0,0.35,20.8002,10.871,17.9372,19.0964,5911
"p330","ssp585","CMCC-ESM2","2075",0.24,0.2,0.1,57,99.36,4.1654,0.0333,0,0.2,0,0,0,0,0,0,0.1,0,0,0,0,0.3,16.9267,9.4956,15.3683,20.5341,5912
"p330","ssp585","CMCC-ESM2","2075",0.24,0.85,0,70,107.05,4.3093,0.1,0,0.15,0,0.1,0,0,0.1,0,0.15,0,0,0,0,0.4,20.2658,11.8282,18.169,17.75,5913
"p330","ssp585","CMCC-ESM2","2075",0.27,1,0,64,100.37,4.5187,0.1,0,0,0,0.12,0,0,0.1,0,0.15,0,0,0,0,0.45,18.2976,11.7728,17.3853,18.8209,5914
"p330","ssp585","CMCC-ESM2","2075",0.1,1,0,67,107.84,4.2305,0.0333,0,0.05,0,0.05,0,0,0.1,0,0.35,0,0.25,0,0,0.25,18.9195,9.8823,16.8672,21.9642,5915
"p330","ssp585","CMCC-ESM2","2075",0.17,0.45,0,70,105.64,4.176,0.05,0,0.05,0,0.12,0,0,0.15,0,0.25,0,0.15,0,0,0.5,18.5703,9.5387,18.3822,19.9564,5916
"p330","ssp585","CMCC-ESM2","2075",0.13,0.75,0,68,108.95,4.1493,0.0333,0,0.1,0,0.11,0,0,0.15,0,0,0,0.05,0,0,0.25,18.6459,11.0334,18.6598,18.9324,5917
"p330","ssp585","CMCC-ESM2","2075",0.2,0.7,0,63,99.98,4.0021,0,0,0.6,0,0,0,0,0,0,0.1,0,0,0,0,0.35,17.7786,6.8928,12.6083,17.7011,5918
"p330","ssp585","CMCC-ESM2","2075",0.37,0.85,0,67,105.12,3.9133,0.0333,0,0.55,0,0.07,0,0,0,0,0.15,0,0,0,0,0.3,18.9066,8.0459,13.8167,18.4827,5919
"p330","ssp585","CMCC-ESM2","2075",0.17,1,0,74,99.07,4.573,0.0167,0,0.75,0,0,0,0,0,0,0.1,0,0.1,0,0,0.85,20.1627,8.1805,16.2147,21.2968,5920
"p330","ssp585","CMCC-ESM2","2075",0.2,0.6,0,73,99.28,3.8479,0.0333,0,0.05,0,0.07,0,0,0,0,0.1,0,0.1,0.05,0,0.9,20.0173,9.1872,16.5458,20.3144,5921
"p330","ssp585","CMCC-ESM2","2075",0.16,0.4,0,55,97.87,4.06,0.0333,0,0,0,0.06,0,0,0.1,0,0,0,0,0,0,0.35,17.2575,10.9497,19.2427,21.5452,5922
"p330","ssp585","CMCC-ESM2","2075",0.16,0.65,0,68,110.09,4.0823,0.0667,0,0.05,0,0.06,0,0,0,0,0,0,0,0,0,0.3,18.4435,10.9973,13.3567,16.9047,5923
"p330","ssp585","CMCC-ESM2","2075",0.49,0.95,0,70,108.39,3.7314,0.0167,0,0.05,0,0,0,0,0,0,0.2,0,0.2,0,0.15,0.35,18.4419,8.566,15.7025,20.9345,5924
"p330","ssp585","CMCC-ESM2","2075",0.16,0.75,0,52,111.29,4.2933,0.0167,0,0.15,0,0,0,0,0,0,0.2,0,0,0,0,0.2,19.0771,9.1263,13.8772,18.0013,5925
"p330","ssp585","CMCC-ESM2","2075",0.28,0.4,0,75,108.37,4.0846,0.0333,0,0.1,0,0.06,0,0,0,0,0.15,0,0,0,0,0.45,20.6984,8.857,17.6685,19.1485,5926
"p330","ssp585","CMCC-ESM2","2075",0.33,0.65,0,62,98.41,4.2426,0.0167,0,0.35,0,0.15,0,0,0,0,0.1,0,0.15,0,0,0.7,17.7058,8.3067,18.2987,21.0744,5927
"p330","ssp585","CMCC-ESM2","2075",0.05,0.35,0,63,101.54,4.1792,0.0333,0,0,0,0.05,0,0,0,0,0.15,0,0,0,0,0.35,18.0143,11.1504,14.1037,19.0174,5928
"p330","ssp585","CMCC-ESM2","2075",0.23,0.6,0,72,108.46,4.267,0,0,0.05,0,0,0,0,0,0,0,0,0,0,0,0.15,19.3768,9.0257,15.4837,17.4065,5929
"p330","ssp585","CMCC-ESM2","2075",0.32,0.25,0,66,106.36,4.204,0,0,0.85,0,0.13,0,0,0.2,0,0,0,0.1,0,0,0.25,17.8707,5.6608,16.7187,19.935,5930
"p330","ssp585","CMCC-ESM2","2075",0.23,0.1,0,66,110,4.2143,0.05,0,0.35,0,0.05,0,0,0,0,0.2,0,0,0,0,0.3,18.858,7.0371,17.2005,16.0676,5931
"p330","ssp585","CMCC-ESM2","2075",0.48,1,0,72,98.36,4.2948,0.0333,0,0,0,0.12,0,0,0,0,0,0,0,0,0,0.3,20.0341,9.2918,12.4118,18.1045,5932
"p330","ssp585","CMCC-ESM2","2075",0.32,0.6,0,75,104.29,4.3987,0.0333,0,0.15,0,0,0,0,0.15,0,0.25,0,0,0,0,0.55,19.1424,10.1247,19.2285,19.1624,5933
"p330","ssp585","CMCC-ESM2","2075",0.22,1,0,65,90.38,4.204,0.05,0,0,0,0.12,0,0,0,0,0,0,0.15,0,0,0.45,18.3996,11.467,17.0402,20.1717,5934
"p330","ssp585","CMCC-ESM2","2075",0.45,0.75,0,74,103.77,4.3776,0.0667,0,0,0,0.06,0,0,0,0,0,0,0,0,0,0.35,19.1252,9.3001,13.4297,19.1512,5935
"p330","ssp585","CMCC-ESM2","2075",0.39,1,0,64,112.71,4.4224,0.05,0,0.2,0,0.12,0,0,0,0,0,0,0,0,0,0,19.6371,9.1609,15.7788,14.8256,5936
"p330","ssp585","CMCC-ESM2","2075",0.25,0.7,0,60,97.67,4.0632,0.0667,0,0.2,0,0.07,0,0,0,0,0.3,0,0.05,0.05,0,0.45,18.5454,10.1717,17.847,18.9934,5937
"p330","ssp585","CMCC-ESM2","2075",0.15,0.55,0,73,110.48,3.5796,0,0,0.35,0,0.06,0,0,0,0,0.4,0,0.1,0,0,0.3,18.1184,6.8454,16.2987,20.702,5938
"p330","ssp585","CMCC-ESM2","2075",0.41,0.5,0,58,99.15,3.9487,0,0,1,0,0.05,0,0.2,0.35,0,0,0,0.05,0,0,0.5,19.0113,4.5488,19.0385,20.8332,5939
"p330","ssp585","CMCC-ESM2","2075",0.34,0.7,0,70,109,4.3195,0.0167,0,0.1,0,0.21,0,0,0.15,0,0,0,0.1,0,0,0.15,17.7048,10.351,19.2487,19.6091,5940
"p330","ssp585","CMCC-ESM2","2075",0.29,1,0,77,97.15,4.1208,0.0167,0,0.05,0,0.05,0,0,0,0,0,0,0.05,0,0,0.35,20.234,9.3723,14.0113,19.926,5941
"p330","ssp585","CMCC-ESM2","2075",0.16,0.25,0,74,92.13,4.2154,0.0333,0,0.1,0,0,0,0,0,0,0,0,0.3,0,0,0.3,18.7751,9.1668,16.3752,18.7008,5942
"p330","ssp585","CMCC-ESM2","2075",0.16,0.25,0,43,108.49,3.9571,0.0333,0,0.35,0,0.07,0,0,0,0,0,0,0.15,0,0,0.3,18.233,8.417,14.0088,18.8247,5943
"p330","ssp585","CMCC-ESM2","2075",0.29,1,0,83,101.16,4.3596,0.05,0,0.05,0,0.07,0,0,0,0.1,0.35,0,0,0,0,0.45,20.6438,9.8618,14.8468,16.8526,5944
"p330","ssp585","CMCC-ESM2","2075",0.31,0.95,0,57,109.84,4.1142,0,0,0.55,0,0.06,0,0,0,0,0.45,0,0,0,0,0.3,17.0836,5.8961,15.9902,16.7824,5945
"p330","ssp585","CMCC-ESM2","2075",0.23,1,0,63,106.02,4.3948,0.05,0,0,0,0.05,0,0,0,0,0.1,0,0,0,0,0.7,18.8938,10.1154,13.2077,17.9941,5946
"p330","ssp585","CMCC-ESM2","2075",0.43,1,0,68,100.37,4.3353,0.1167,0,0.05,0,0.07,0,0,0,0,0.2,0,0,0,0,0.3,19.2114,11.5258,15.7922,18.3733,5947
"p330","ssp585","CMCC-ESM2","2075",0.2,0.8,0,63,107.49,4.4579,0.0333,0,0,0,0.05,0,0,0,0,0,0,0.1,0.05,0,0.65,18.7968,10.1546,14.883,19.9677,5948
"p330","ssp585","CMCC-ESM2","2075",0.17,0.1,0,69,112.82,4.3325,0.0167,0,0,0,0.17,0,0,0,0,0.1,0,0,0,0,0.3,19.0282,10.4678,16.6933,18.495,5949
"p330","ssp585","CMCC-ESM2","2075",0.16,0.55,0,68,103.43,4.1446,0.0333,0,1,0,0.22,0,0,0,0,0.1,0,0.25,0,0,0.2,18.713,4.2504,15.2138,21.7529,5950
"p330","ssp585","CMCC-ESM2","2075",0.44,0.25,0,64,108.08,4.0064,0,0,0.6,0,0.1,0.05,0.1,0,0,0,0,0.1,0,0,0.2,18.1866,6.3399,17.6513,20.0706,5951
"p330","ssp585","CMCC-ESM2","2075",0.12,0.25,0,62,106.04,4.0031,0,0,0.15,0,0.05,0,0,0,0,0.35,0,0,0,0,0.3,17.6223,7.1655,15.9395,16.8514,5952
"p330","ssp585","CMCC-ESM2","2075",0.11,0.85,0,81,112.45,3.647,0.05,0,0.6,0,0.17,0,0,0,0,0.25,0,0.05,0,0,0.3,19.2716,6.9094,18.6832,19.6316,5953
"p330","ssp585","CMCC-ESM2","2075",0.31,0.5,0,61,111.34,3.8887,0,0,0.65,0,0.06,0,0,0,0,0.1,0,0.05,0,0,0.25,17.8382,5.1933,14.3153,20.1641,5954
"p330","ssp585","CMCC-ESM2","2075",0.46,1,0,76,105.31,4.1376,0.0333,0,0.3,0,0.1,0,0,0.2,0,0,0,0,0.05,0,0.75,19.5408,10.8022,17.2252,18.4791,5955
"p330","ssp585","CMCC-ESM2","2075",0.24,0.85,0,76,103.8,4.2621,0.0333,0,0.05,0,0.07,0,0,0,0,0,0,0.3,0,0,0.05,19.6388,9.3745,15.4503,20.9705,5956
"p330","ssp585","CMCC-ESM2","2075",0.17,0.7,0,72,102.85,4.1867,0.05,0,0,0,0.06,0,0,0,0,0.1,0,0.05,0,0,0.8,18.7443,12.6333,13.1355,18.9237,5957
"p330","ssp585","CMCC-ESM2","2075",0.35,0.55,0.15,58,114.36,4.4092,0.0333,0,0.2,0,0.12,0,0.1,0.35,0,0,0,0,0,0,0.65,16.9323,9.6346,20.664,19.1141,5958
"p330","ssp585","CMCC-ESM2","2075",0.17,0.35,0,69,106.61,4.097,0.0167,0,0.2,0,0.08,0,0,0,0,0.4,0,0.05,0,0,0.4,19.1932,8.2543,15.632,20.1261,5959
"p330","ssp585","CMCC-ESM2","2075",0.4,1,0,59,112.79,4.1083,0.0167,0,0.55,0,0.1,0,0,0,0,0.25,0,0.1,0,0,0.95,19.1993,7.1461,15.7485,20.4082,5960
"p330","ssp585","CMCC-ESM2","2075",0.37,0.75,0,72,96.92,4.5375,0.0333,0,0.1,0,0.15,0,0,0,0,0,0,0.05,0,0,0.8,19.9448,8.9953,15.3055,18.126,5961
"p330","ssp585","CMCC-ESM2","2075",0.3,0.65,0,66,103.8,4.4297,0.1,0,0,0,0.09,0,0,0,0,0,0,0,0,0,0.45,17.9215,11.518,15.8713,15.7921,5962
"p330","ssp585","CMCC-ESM2","2075",0.34,0.25,0.1,44,100.4,4.3043,0,0,0.05,0,0.1,0,0,0,0,0.1,0,0.2,0,0,0.45,15.2645,8.2472,17.3913,19.8952,5963
"p330","ssp585","CMCC-ESM2","2075",0.41,0.1,0,54,103,4.3452,0.0667,0,0,0,0.06,0,0,0,0,0.2,0,0,0,0,0.25,16.4308,10.7485,15.5872,20.1936,5964
"p330","ssp585","CMCC-ESM2","2075",0.15,0.6,0,60,115.76,3.9572,0.05,0,0,0,0.05,0,0,0.1,0,0,0,0.45,0,0,0.15,18.3957,9.4934,14.6048,23.7526,5965
"p330","ssp585","CMCC-ESM2","2075",0.23,0.2,0.3,64,111,4.375,0.0167,0,0.1,0,0,0,0,0,0,0.2,0,0.05,0,0,0.2,18.2119,8.594,18.6505,21.5508,5966
"p330","ssp585","CMCC-ESM2","2075",0.38,0.75,0,71,99.2,3.9186,0.0167,0,0,0,0.13,0,0,0,0,0,0,0.2,0,0,0.3,18.6091,9.3229,15.768,20.2126,5967
"p330","ssp585","CMCC-ESM2","2075",0.15,0.7,0.1,78,104.12,4.2736,0.05,0,0.6,0,0.12,0,0,0,0,0,0,0.05,0,0,0.5,19.564,8.4216,13.5613,20.727,5968
"p330","ssp585","CMCC-ESM2","2075",0.29,0.85,0,64,99.71,4.014,0.0167,0,0,0,0.07,0.05,0,0,0,0,0,0.25,0,0,0.5,18.6493,10.707,15.9137,21.5826,5969
"p330","ssp585","CMCC-ESM2","2075",0.51,1,0,76,100.46,4.167,0.0833,0,0.05,0,0.14,0,0,0,0,0,0,0,0,0,0.3,20.4896,9.6679,16.4315,19.2391,5970
"p330","ssp585","CMCC-ESM2","2075",0.24,0.1,0,73,99.45,4.0467,0.0333,0,0.3,0,0.12,0,0,0.1,0,0.1,0,0,0,0,0.2,18.2612,8.0348,15.0895,18.3289,5971
"p330","ssp585","CMCC-ESM2","2075",0.3,0.6,0,70,111.76,3.8336,0,0,0.05,0,0,0,0,0,0,0,0,0.15,0.05,0,0.45,18.8392,10.1572,13.9482,20.5161,5972
"p330","ssp585","CMCC-ESM2","2075",0.3,0.75,0,72,115.5,4.2877,0,0,0.55,0,0.13,0,0,0,0,0,0,0.25,0,0,1,19.6753,7.2364,17.9282,21.7163,5973
"p330","ssp585","CMCC-ESM2","2075",0.39,0.55,0,70,107.85,4.1302,0.05,0,0,0,0.12,0,0,0,0,0,0,0.2,0,0,0.7,20.2427,11.1212,16.91,21.1624,5974
"p330","ssp585","CMCC-ESM2","2075",0.3,0.55,0,66,102.34,4.0591,0.0167,0,0,0,0.13,0,0,0,0,0.15,0,0,0,0,0.15,18.9038,10.5916,16.9737,17.6991,5975
"p330","ssp585","CMCC-ESM2","2075",0.2,0,0,85,107.36,4.5734,0.0333,0,0.05,0,0.05,0,0,0,0,0,0,0.05,0,0,0.45,18.2912,9.5955,17.2918,18.4911,5976
"p330","ssp585","CMCC-ESM2","2075",0.2,0.6,0,72,101.34,4.1556,0.0333,0,0,0,0.06,0,0,0,0.1,0.4,0,0.1,0,0,0.1,19.5666,9.5288,16.1663,18.4128,5977
"p330","ssp585","CMCC-ESM2","2075",0.43,1,0,65,104.8,4.1081,0.0167,0,0.2,0,0.1,0,0,0,0,0.15,0,0.1,0,0,0.5,19.4021,9.1911,16.2355,20.0706,5978
"p330","ssp585","CMCC-ESM2","2075",0.54,0.45,0,65,100.35,3.8725,0.0333,0,0.25,0,0,0,0,0,0,0.15,0,0.1,0,0,0.6,17.2391,9.3618,15.5328,20.8035,5979
"p330","ssp585","CMCC-ESM2","2075",0.24,0.7,0,69,82.17,4.1904,0.0667,0,0,0,0.18,0,0,0,0,0,0,0.05,0,0,0.8,19.3631,12.1994,15.5372,18.6897,5980
"p330","ssp585","CMCC-ESM2","2075",0.24,1,0,68,106.63,3.9478,0.1167,0,0,0,0.05,0,0,0,0,0.1,0,0.05,0,0,0.25,20.1064,12.1157,16.2303,18.2156,5981
"p330","ssp585","CMCC-ESM2","2075",0.36,1,0,73,97.27,4.2311,0.0167,0,0.65,0,0.05,0,0,0.1,0,0,0,0.3,0,0,0.35,20.4836,6.9567,14.6357,21.2244,5982
"p330","ssp585","CMCC-ESM2","2075",0.31,0.65,0,73,109.83,4.284,0.0167,0,0.1,0,0.1,0,0,0,0,0.1,0,0.65,0.05,0,0.15,18.4827,8.3828,15.0227,19.785,5983
"p330","ssp585","CMCC-ESM2","2075",0.29,0.65,0,53,100.61,4.4372,0.0833,0,0,0,0.05,0,0,0,0,0,0,0.05,0,0,0.7,17.0458,9.7217,13.4085,21.5214,5984
"p330","ssp585","CMCC-ESM2","2075",0.24,0.75,0,60,107.4,4.1825,0.0333,0,0.15,0,0.08,0,0.1,0.6,0,0,0,0.1,0,0,0.25,19.6771,8.1056,17.6668,19.1046,5985
"p330","ssp585","CMCC-ESM2","2075",0.34,0.1,0,67,98.97,4.0695,0.05,0,0.5,0,0.14,0,0,0,0,0.1,0,0.15,0,0,0.15,19.5172,8.3947,16.536,19.6391,5986
"p330","ssp585","CMCC-ESM2","2075",0.41,1,0,72,109.47,4.4262,0.05,0,0.25,0,0.09,0,0,0,0,0,0,0,0,0,0.75,18.7141,8.4675,16.9152,20.2895,5987
"p330","ssp585","CMCC-ESM2","2075",0.35,1,0,63,109.6,4.1631,0.0667,0,0,0,0.1,0,0,0,0,0.1,0,0,0,0,0.15,20.1679,10.3895,16.4138,19.6323,5988
"p330","ssp585","CMCC-ESM2","2075",0.32,0.1,0,71,107.44,4.5699,0.0167,0,0.1,0,0.11,0,0,0,0,0.15,0,0,0,0,0.5,18.3873,9.7816,15.362,18.4075,5989
"p330","ssp585","CMCC-ESM2","2075",0.22,0.7,0,60,108.62,4.1588,0.0167,0,0.45,0,0.06,0,0,0.15,0,0.15,0,0,0,0,0.7,17.1445,6.3777,15.6355,18.1503,5990
"p330","ssp585","CMCC-ESM2","2075",0.22,0.55,0,68,111.54,4.2401,0,0,0.1,0,0.06,0,0,0,0,0.1,0,0,0,0,0.3,19.2786,8.5942,16.5358,16.7035,5991
"p330","ssp585","CMCC-ESM2","2075",0.23,0.35,0,64,98.27,4.0768,0.0167,0,0.15,0,0.16,0,0,0,0,0,0,0.1,0,0,0.35,17.0432,8.6936,15.6392,19.9376,5992
"p330","ssp585","CMCC-ESM2","2075",0.11,0.7,0,61,103.88,4.5415,0.1167,0,0.05,0,0.14,0,0,0,0,0.1,0,0,0,0,0.5,17.3826,11.825,14.703,18.0346,5993
"p330","ssp585","CMCC-ESM2","2075",0.33,1,0,75,104.99,4.0837,0.0333,0,0.05,0,0.14,0.05,0,0,0,0.1,0,0,0.05,0,0.55,19.6776,9.3049,14.7225,17.6421,5994
"p330","ssp585","CMCC-ESM2","2075",0.05,0.65,0,71,108.12,4.2597,0.0833,0,0.2,0,0.13,0,0,0,0,0,0,0.05,0,0.15,0.8,18.9271,10.7519,17.5902,19.9076,5995
"p330","ssp585","CMCC-ESM2","2075",0.38,0.95,0,75,111.6,4.2065,0.0333,0,0.5,0,0.11,0,0,0,0,0,0,0.05,0,0,0.25,20.4827,7.0672,18.4775,20.6532,5996
"p330","ssp585","CMCC-ESM2","2075",0.13,0.2,0,81,113.37,4.2126,0.0167,0,0.2,0,0.08,0,0,0.2,0,0.25,0,0,0,0,0.05,19.5284,7.8923,19.1212,18.2187,5997
"p330","ssp585","CMCC-ESM2","2075",0.26,0.75,0,62,108.55,4.2194,0.05,0,0.05,0,0.15,0,0,0.1,0,0,0,0,0,0,0.5,18.1771,10.7102,16.7958,16.2956,5998
"p330","ssp585","CMCC-ESM2","2075",0.32,0,0,86,92.76,3.9446,0.0333,0,0.35,0,0.05,0,0,0,0,0,0,0,0,0,0.75,19.979,9.9976,13.283,19.8353,5999
"p330","ssp585","CMCC-ESM2","2075",0.3,1,0,80,104.68,4.1858,0,0,0,0,0.1,0,0,0,0,0,0,0,0,0,0.8,20.7491,8.9232,15.5143,16.5976,6000
"p330","ssp585","CNRM-CM6-1-HR","2075",0.16,0.4,0.15,63,104.37,4.2806,0.0333,0,0.15,0,0,0,0,0,0,0.1,0,0,0,0,0.4,17.7667,8.0173,12.5613,16.8493,6001
"p330","ssp585","CNRM-CM6-1-HR","2075",0.05,0.6,0,65,105.33,4.5463,0.05,0,0,0,0.13,0,0,0,0,0.1,0,0,0,0,0.65,17.6096,9.0716,14.2382,18.1374,6002
"p330","ssp585","CNRM-CM6-1-HR","2075",0.15,0.2,0,65,110.58,4.349,0.1333,0,0.5,0,0.26,0,0,0,0,0.1,0,0,0,0.15,0.25,17.2242,8.0935,17.0232,17.8561,6003
"p330","ssp585","CNRM-CM6-1-HR","2075",0.31,0,0,65,105.63,4.3029,0.1333,0,0.05,0,0.08,0,0,0,0,0.2,0,0,0,0,0.35,16.1647,9.9415,12.2467,17.2368,6004
"p330","ssp585","CNRM-CM6-1-HR","2075",0.19,0.25,0,64,106.4,4.4175,0.05,0,0.05,0,0.09,0,0,0,0,0,0,0,0,0,0.45,17.7957,8.7162,15.667,16.7518,6005
"p330","ssp585","CNRM-CM6-1-HR","2075",0.22,0.1,0.1,62,104.86,4.539,0.05,0,0.4,0,0,0,0,0,0,0,0,0,0,0,0.4,16.7301,8.4223,10.438,16.6617,6006
"p330","ssp585","CNRM-CM6-1-HR","2075",0.17,0.6,0,64,109.73,4.3901,0.05,0,0.3,0,0.12,0,0,0,0,0,0,0,0,0,0.15,17.6252,7.8712,12.2442,14.892,6007
"p330","ssp585","CNRM-CM6-1-HR","2075",0.29,0.5,0,43,104.67,4.4978,0.0667,0,0.15,0,0.06,0,0,0,0,0,0,0.1,0,0,0.55,16.3641,8.8073,13.3898,21.163,6008
"p330","ssp585","CNRM-CM6-1-HR","2075",0.41,0.2,0,86,106.19,3.8736,0.05,0,0.35,0,0.1,0,0,0,0,0,0,0,0,0,0.2,18.9063,6.356,15.6592,17.0344,6009
"p330","ssp585","CNRM-CM6-1-HR","2075",0.29,0.7,0,64,108.97,4.5794,0.15,0,0.4,0,0.16,0,0,0,0,0,0,0,0,0,0.25,18.2834,7.3558,15.2782,17.1082,6010
"p330","ssp585","CNRM-CM6-1-HR","2075",0.13,0.3,0.15,77,105.32,4.3483,0.05,0,0.1,0,0.14,0,0,0,0,0,0,0,0,0,0.3,18.988,9.8058,16.2528,17.5464,6011
"p330","ssp585","CNRM-CM6-1-HR","2075",0.24,0,0.1,44,94.48,4.3262,0.0333,0,0.4,0,0,0,0,0,0,0.1,0,0,0,0,0.3,15.1109,8.4468,13.684,18.9827,6012
"p330","ssp585","CNRM-CM6-1-HR","2075",0.24,0.55,0,67,106.25,4.4554,0.2,0,0.15,0,0.1,0,0,0,0,0.15,0,0,0,0,0.25,18.4626,10.7408,16.4848,16.2007,6013
"p330","ssp585","CNRM-CM6-1-HR","2075",0.26,0,0,56,106.21,4.6865,0.1833,0,0.05,0,0.12,0,0,0,0,0.15,0,0,0,0.15,0.4,16.4905,10.6961,15.7022,17.2709,6014
"p330","ssp585","CNRM-CM6-1-HR","2075",0.1,0.3,0,64,108.81,4.3765,0.1,0,0.15,0,0.05,0,0,0,0,0.3,0,0.2,0,0,0.3,17.1085,8.8162,15.1823,20.4156,6015
"p330","ssp585","CNRM-CM6-1-HR","2075",0.17,0,0.1,63,108.78,4.3447,0.0833,0,0.25,0,0.12,0,0,0.1,0,0.25,0,0.05,0,0.15,0.65,16.7553,8.4878,16.698,18.4052,6016
"p330","ssp585","CNRM-CM6-1-HR","2075",0.13,0.3,0,62,109.31,4.267,0.0667,0,0.2,0,0.11,0,0,0.15,0,0,0,0.05,0,0,0.45,16.8432,9.9439,16.9765,17.3831,6017
"p330","ssp585","CNRM-CM6-1-HR","2075",0.18,0.35,0,51,102.65,4.1848,0.0167,0,0.75,0,0,0,0,0,0,0.1,0,0,0,0,0.2,15.9725,5.8142,10.925,16.1512,6018
"p330","ssp585","CNRM-CM6-1-HR","2075",0.32,0.45,0,57,107.21,4.1134,0.05,0,0.75,0,0.07,0,0,0,0,0.1,0,0,0,0,0.15,17.0962,6.978,12.1323,16.9324,6019
"p330","ssp585","CNRM-CM6-1-HR","2075",0.17,0.55,0,69,98.41,4.7052,0.0333,0,0.95,0,0,0,0,0,0,0.1,0,0,0,0,0.65,18.3484,7.1273,14.5297,19.7462,6020
"p330","ssp585","CNRM-CM6-1-HR","2075",0.2,0.35,0,68,103.55,3.982,0.0833,0,0.05,0,0.07,0,0,0,0,0.1,0,0,0,0,0.85,18.2153,8.0963,14.864,18.7646,6021
"p330","ssp585","CNRM-CM6-1-HR","2075",0.16,0,0,41,98.26,4.221,0.0667,0,0,0,0.06,0,0,0.1,0,0,0,0,0,0,0.4,15.4516,9.8681,17.56,19.9955,6022
"p330","ssp585","CNRM-CM6-1-HR","2075",0.16,0.4,0,52,105.39,4.2233,0.1167,0,0.15,0.05,0.06,0,0,0,0,0,0,0,0,0,0.25,16.6343,9.9269,11.6722,15.3556,6023
"p330","ssp585","CNRM-CM6-1-HR","2075",0.49,0,0,62,112.76,3.8942,0.0167,0,0.25,0,0,0,0,0,0,0,0,0.05,0,0.15,0.35,16.6286,7.5109,14.0188,19.3835,6024
"p330","ssp585","CNRM-CM6-1-HR","2075",0.16,0,0,48,111.28,4.544,0.0667,0,0.3,0,0,0,0,0,0,0.25,0,0,0,0,0.2,17.2761,8.0335,12.1938,16.4513,6025
"p330","ssp585","CNRM-CM6-1-HR","2075",0.25,0.45,0,68,103.29,4.3117,0.0667,0,0.1,0,0.06,0,0,0,0,0.15,0,0,0,0.15,0.45,18.8938,7.7745,15.9848,17.5986,6026
"p330","ssp585","CNRM-CM6-1-HR","2075",0.32,0,0,52,104.43,4.3983,0.0333,0,0.5,0,0.11,0,0,0,0,0.1,0,0.05,0,0.15,0.7,15.8966,7.2339,16.615,19.5247,6027
"p330","ssp585","CNRM-CM6-1-HR","2075",0,0,0,53,102.64,4.3409,0.05,0,0,0,0.05,0,0,0,0,0.15,0,0,0,0,0.15,16.2019,10.0929,12.42,17.4667,6028
"p330","ssp585","CNRM-CM6-1-HR","2075",0.22,0.4,0,64,108.03,4.4901,0.0167,0,0.45,0,0,0,0,0,0,0,0,0,0,0,0.2,17.5768,7.9302,13.8012,15.8563,6029
"p330","ssp585","CNRM-CM6-1-HR","2075",0.32,0,0,48,96.11,4.3845,0.0333,0,1,0,0.12,0,0,0.2,0,0,0,0,0,0,0.4,16.0664,4.5762,15.0348,18.385,6030
"p330","ssp585","CNRM-CM6-1-HR","2075",0.15,0,0.1,57,104.5,4.3983,0.0667,0,0.65,0,0.05,0,0,0,0,0.1,0,0,0,0.15,0.2,17.0504,5.9627,15.5157,14.5176,6031
"p330","ssp585","CNRM-CM6-1-HR","2075",0.41,0.35,0,68,101.32,4.4834,0.05,0,0,0,0.12,0,0,0,0,0,0,0,0,0,0.4,18.2218,8.232,10.7278,16.5535,6032
"p330","ssp585","CNRM-CM6-1-HR","2075",0.32,0.3,0,68,109.79,4.5587,0.05,0,0.25,0,0,0,0,0,0,0.3,0,0,0,0,0.45,17.3428,9.0272,17.546,17.6129,6033
"p330","ssp585","CNRM-CM6-1-HR","2075",0.22,0.1,0,60,95.64,4.3728,0.0833,0,0.35,0,0.12,0,0,0,0,0,0,0,0,0.15,0.4,16.5964,10.3797,15.3572,18.6226,6034
"p330","ssp585","CNRM-CM6-1-HR","2075",0.43,0.15,0,61,99.51,4.5058,0.0833,0,0.2,0,0.06,0,0,0,0,0,0,0,0,0.15,0.35,17.3179,8.2231,11.7458,17.6021,6035
"p330","ssp585","CNRM-CM6-1-HR","2075",0.32,0.65,0,59,113.58,4.5915,0.0833,0,0.45,0,0.12,0,0,0,0,0,0,0,0,0,0,17.8259,8.0992,14.0952,13.275,6036
"p330","ssp585","CNRM-CM6-1-HR","2075",0.25,0.7,0,55,101.25,4.1703,0.1333,0,0.2,0,0.07,0,0,0,0,0.3,0,0,0.05,0,0.55,16.7471,9.0721,16.1645,17.4456,6037
"p330","ssp585","CNRM-CM6-1-HR","2075",0.15,0.3,0,59,112.25,3.7459,0.0167,0,0.55,0,0.06,0,0,0,0,0.25,0,0.05,0,0,0.25,16.3158,5.756,14.6155,19.1532,6038
"p330","ssp585","CNRM-CM6-1-HR","2075",0.27,0.55,0,57,102.85,4.1369,0.0167,0,1,0,0.05,0,0,0.2,0,0,0,0,0,0,0.75,17.2047,3.4701,17.3547,19.2838,6039
"p330","ssp585","CNRM-CM6-1-HR","2075",0.33,0,0,60,111.48,4.4888,0.0333,0,0.2,0,0.21,0,0,0.15,0,0,0,0,0,0,0.2,15.8943,9.2872,17.5655,18.0583,6040
"p330","ssp585","CNRM-CM6-1-HR","2075",0.29,0.3,0,73,103.23,4.2344,0.05,0,0.1,0,0.05,0,0,0,0,0,0,0.05,0,0,0.45,18.4368,8.2712,12.3292,18.3768,6041
"p330","ssp585","CNRM-CM6-1-HR","2075",0.16,0.35,0,60,93.26,4.4286,0.1333,0,0.35,0,0,0,0,0,0,0,0,0.15,0,0,0.25,16.9734,8.0756,14.692,17.1517,6042
"p330","ssp585","CNRM-CM6-1-HR","2075",0.16,0.4,0,43,112.23,4.0993,0.0833,0,0.55,0,0,0,0,0,0,0,0,0.1,0,0,0.25,16.4271,7.3363,12.3255,17.2756,6043
"p330","ssp585","CNRM-CM6-1-HR","2075",0.29,0.55,0,78,108.46,4.4898,0.05,0,0.2,0,0.07,0,0,0,0,0.35,0,0,0,0,0.25,18.834,8.7962,13.1625,15.3017,6044
"p330","ssp585","CNRM-CM6-1-HR","2075",0.15,0.55,0,48,112.3,4.2861,0.0333,0,1,0,0.06,0,0,0,0,0.3,0,0,0,0.15,0.2,15.287,4.793,14.3077,15.2338,6045
"p330","ssp585","CNRM-CM6-1-HR","2075",0.23,0.45,0,53,108.7,4.5885,0.0833,0,0,0,0.05,0,0,0,0,0,0,0,0,0,0.45,17.0925,9.0222,11.5253,16.4458,6046
"p330","ssp585","CNRM-CM6-1-HR","2075",0.37,0.25,0,67,104.95,4.5025,0.2,0,0.05,0,0.07,0,0,0,0,0.1,0,0,0,0,0.25,17.4066,10.4424,14.108,16.8241,6047
"p330","ssp585","CNRM-CM6-1-HR","2075",0.19,0.55,0,55,103.36,4.6395,0.0667,0,0,0,0.05,0,0,0,0,0,0,0.1,0.05,0,0.7,16.9875,9.0864,13.1993,18.4161,6048
"p330","ssp585","CNRM-CM6-1-HR","2075",0.15,0,0,61,115.87,4.555,0.05,0,0,0,0.17,0,0,0,0,0.1,0,0,0,0,0.2,17.2318,9.3624,15.0117,16.9453,6049
"p330","ssp585","CNRM-CM6-1-HR","2075",0.11,0.15,0,61,103.36,4.3106,0.1,0,1,0,0.17,0,0,0,0,0.1,0,0.05,0,0,0.4,16.9125,3.1557,13.5318,20.2033,6050
"p330","ssp585","CNRM-CM6-1-HR","2075",0.44,0,0,59,108.06,4.1475,0,0,0.85,0,0.1,0.05,0,0,0,0.15,0,0.1,0,0,0.35,16.3825,5.2543,15.9685,18.5214,6051
"p330","ssp585","CNRM-CM6-1-HR","2075",0.12,0.15,0,52,108.57,4.1764,0,0,0.7,0,0.05,0,0,0,0,0.3,0,0,0,0,0.1,15.8144,6.0959,14.256,15.3014,6052
"p330","ssp585","CNRM-CM6-1-HR","2075",0.11,0.15,0,69,112.16,3.7903,0.15,0,0.85,0,0.17,0,0,0,0,0.25,0,0,0,0.15,0.15,17.4762,5.8021,17.0018,18.0818,6053
"p330","ssp585","CNRM-CM6-1-HR","2075",0.29,0.2,0,49,111.55,4.0174,0,0,1,0,0.06,0,0,0,0,0,0,0.05,0,0,0.25,16.0387,4.0968,12.6322,18.6158,6054
"p330","ssp585","CNRM-CM6-1-HR","2075",0.39,0.25,0,71,107.08,4.2987,0.0333,0,0.4,0,0.1,0,0,0,0,0,0,0,0,0.15,0.55,17.7376,9.7144,15.5422,16.9297,6055
"p330","ssp585","CNRM-CM6-1-HR","2075",0.18,0,0,71,102.95,4.4179,0.05,0,0.1,0,0.07,0,0,0,0,0,0,0.3,0.05,0,0.15,17.8314,8.3023,13.7672,19.4208,6056
"p330","ssp585","CNRM-CM6-1-HR","2075",0.12,0,0,57,105.46,4.3488,0.1167,0,0,0,0.06,0,0,0,0,0,0,0,0,0,0.7,16.9492,11.5242,11.4532,17.3749,6057
"p330","ssp585","CNRM-CM6-1-HR","2075",0.33,0,0.15,44,115.38,4.5805,0.0833,0,0.3,0,0.07,0,0,0.3,0,0,0,0,0.05,0.15,0.4,15.1335,8.5348,18.9815,17.5664,6058
"p330","ssp585","CNRM-CM6-1-HR","2075",0.12,0.35,0.15,59,107.57,4.2138,0.05,0,0.15,0,0.08,0,0,0,0,0.35,0,0,0,0,0.5,17.3907,7.1651,13.9478,18.5768,6059
"p330","ssp585","CNRM-CM6-1-HR","2075",0.37,0.7,0,59,105.7,4.2172,0.0667,0,0.7,0,0.1,0,0,0,0,0.25,0,0,0,0.15,0.9,17.3927,6.0722,14.0653,18.857,6060
"p330","ssp585","CNRM-CM6-1-HR","2075",0.37,0.6,0,71,103.28,4.749,0.05,0,0.25,0.05,0.15,0,0,0,0,0,0,0,0,0,0.4,18.1512,7.8839,13.6233,16.576,6061
"p330","ssp585","CNRM-CM6-1-HR","2075",0.29,0.4,0.1,52,107.66,4.6336,0.1667,0,0,0.05,0.09,0,0,0,0,0,0,0,0,0,0.2,16.1241,10.4174,14.1888,14.2427,6062
"p330","ssp585","CNRM-CM6-1-HR","2075",0.33,0,0,30,103.21,4.4881,0.0333,0,0.45,0,0.05,0,0,0,0,0.1,0,0.05,0,0.15,0.2,13.4627,7.1563,15.7083,18.3462,6063
"p330","ssp585","CNRM-CM6-1-HR","2075",0.29,0,0,42,103.09,4.5449,0.0667,0,0.05,0,0.06,0,0,0,0,0.1,0,0,0,0,0.35,14.6255,9.6728,13.9042,18.6424,6064
"p330","ssp585","CNRM-CM6-1-HR","2075",0.1,0,0,53,116.11,4.0979,0.0833,0,0.2,0,0,0,0,0,0,0,0,0.25,0,0,0.2,16.6025,8.3802,12.9245,22.2034,6065
"p330","ssp585","CNRM-CM6-1-HR","2075",0.15,0,0.3,55,110.94,4.544,0.05,0,0.3,0,0,0,0,0,0,0.25,0,0,0,0,0.2,16.4148,7.4908,16.968,20.0026,6066
"p330","ssp585","CNRM-CM6-1-HR","2075",0.35,0.5,0,63,98.41,4.0803,0.0333,0,0,0,0.13,0,0,0,0,0,0,0,0,0.15,0.35,16.8087,8.2292,14.0863,18.6635,6067
"p330","ssp585","CNRM-CM6-1-HR","2075",0.14,0.25,0.3,65,103.73,4.4571,0.0667,0,0.65,0,0.12,0,0,0,0,0,0,0.05,0,0,0.45,17.7591,7.3432,11.8778,19.1761,6068
"p330","ssp585","CNRM-CM6-1-HR","2075",0.29,0.5,0,58,101.28,4.1699,0.05,0,0.15,0,0.07,0.05,0,0,0,0,0,0.2,0,0,0.5,16.8568,9.5918,14.2317,20.0329,6069
"p330","ssp585","CNRM-CM6-1-HR","2075",0.45,0.35,0,74,102.68,4.3638,0.1667,0,0.35,0,0.14,0,0,0,0,0,0,0,0,0,0.2,18.6931,8.5622,14.7488,17.6903,6070
"p330","ssp585","CNRM-CM6-1-HR","2075",0.21,0,0.1,62,100.88,4.2299,0.1,0,0.6,0,0.12,0,0,0,0,0.1,0,0,0,0.15,0.4,16.4608,6.9398,13.4077,16.7789,6071
"p330","ssp585","CNRM-CM6-1-HR","2075",0.23,0,0,66,114.37,4.0184,0.0333,0,0.05,0,0,0,0,0,0,0,0,0.05,0.05,0,0.5,17.0351,9.0769,12.2663,18.9656,6072
"p330","ssp585","CNRM-CM6-1-HR","2075",0.11,0.1,0.15,63,115.66,4.4146,0.0167,0,0.8,0,0.13,0,0,0,0,0,0,0.2,0,0,0.95,17.8841,6.119,16.247,20.1668,6073
"p330","ssp585","CNRM-CM6-1-HR","2075",0.33,0.6,0,64,108.86,4.2866,0.1,0,0.05,0,0.12,0,0,0,0,0,0,0.05,0,0.15,0.3,18.4475,10.0141,15.229,19.6129,6074
"p330","ssp585","CNRM-CM6-1-HR","2075",0.29,0.15,0,61,99.31,4.2081,0.0667,0,0.1,0,0.12,0,0,0,0,0.15,0,0,0,0,0.15,17.1043,9.4949,15.2913,16.1497,6075
"p330","ssp585","CNRM-CM6-1-HR","2075",0.12,0,0,67,108.76,4.7841,0.05,0,0,0,0.05,0,0,0,0,0,0,0,0,0,0.3,16.4881,8.5133,15.6085,16.9402,6076
"p330","ssp585","CNRM-CM6-1-HR","2075",0.2,0.1,0,67,98.09,4.3235,0.1167,0,0.05,0,0.06,0,0,0,0,0.4,0,0,0,0,0.1,17.7763,8.4097,14.4853,16.8643,6077
"p330","ssp585","CNRM-CM6-1-HR","2075",0.43,0.6,0,60,105.98,4.2515,0,0,0.15,0,0.1,0,0,0,0,0.15,0,0.05,0,0,0.5,17.6074,8.0819,14.5538,18.5215,6078
"p330","ssp585","CNRM-CM6-1-HR","2075",0.38,0,0,47,105.13,4.0622,0.05,0,0.3,0,0,0,0,0,0,0.15,0,0,0,0,0.8,15.4403,8.2628,13.8505,19.2547,6079
"p330","ssp585","CNRM-CM6-1-HR","2075",0.24,0.2,0.1,62,89.5,4.2907,0.1167,0,0,0,0.17,0,0,0,0,0,0,0,0,0.15,0.8,17.5606,11.1101,13.8547,17.1408,6080
"p330","ssp585","CNRM-CM6-1-HR","2075",0.22,0.25,0,65,110.82,4.069,0.1167,0,0.05,0,0.05,0,0,0,0,0,0,0,0,0,0.3,18.3182,10.9891,14.5485,16.6701,6081
"p330","ssp585","CNRM-CM6-1-HR","2075",0.22,0.25,0,66,96.24,4.3791,0.0667,0,0.75,0,0.05,0,0,0,0,0.15,0,0.15,0,0,0.35,18.691,5.84,12.9532,19.6767,6082
"p330","ssp585","CNRM-CM6-1-HR","2075",0.31,0.4,0,58,109.27,4.4869,0.0667,0,0.2,0,0.1,0,0,0,0,0.1,0,0.25,0.05,0.15,0.15,16.6869,7.2761,13.3402,18.2373,6083
"p330","ssp585","CNRM-CM6-1-HR","2075",0.29,0.65,0,34,102.59,4.5954,0.1167,0,0.15,0,0.05,0,0,0,0,0,0,0,0,0.15,0.75,15.2451,8.63,11.7255,19.9729,6084
"p330","ssp585","CNRM-CM6-1-HR","2075",0.24,1,0,60,107.73,4.3533,0.05,0,0.3,0,0.06,0,0,0.25,0,0,0,0.1,0,0,0.2,17.8898,6.978,15.9855,17.5579,6085
"p330","ssp585","CNRM-CM6-1-HR","2075",0.23,0.15,0,62,101.72,4.2187,0.0667,0,0.6,0,0.14,0,0,0,0,0.1,0,0.1,0.05,0,0.2,17.7255,7.2761,14.8548,18.0908,6086
"p330","ssp585","CNRM-CM6-1-HR","2075",0.36,0.2,0,58,109.99,4.5561,0.0833,0,0.35,0,0.09,0,0,0,0,0,0,0,0.05,0.15,0.85,16.9185,7.3589,15.2327,18.7418,6087
"p330","ssp585","CNRM-CM6-1-HR","2075",0.33,0.6,0,59,110.06,4.3397,0.0667,0,0.05,0,0.1,0,0,0,0,0.1,0,0,0,0,0.15,18.3686,9.2958,14.7303,18.0833,6088
"p330","ssp585","CNRM-CM6-1-HR","2075",0.32,0,0,60,105.71,4.7255,0.1,0,0.1,0,0.11,0,0,0,0,0,0,0,0,0,0.4,16.6004,8.6513,13.681,16.8626,6089
"p330","ssp585","CNRM-CM6-1-HR","2075",0.21,0,0,44,112.69,4.2784,0,0,0.7,0,0.06,0,0,0,0,0,0,0,0,0,0.4,15.3534,5.2572,13.9542,16.6026,6090
"p330","ssp585","CNRM-CM6-1-HR","2075",0.22,0.3,0,59,115.09,4.3922,0.05,0,0.2,0,0.06,0,0,0,0,0.1,0,0,0,0,0.3,17.4839,7.484,14.8537,15.1555,6091
"p330","ssp585","CNRM-CM6-1-HR","2075",0.18,0,0,43,100.53,4.2286,0.0667,0,0.35,0,0.16,0,0,0,0,0,0,0.05,0,0,0.45,15.2443,7.5988,13.9563,18.3883,6092
"p330","ssp585","CNRM-CM6-1-HR","2075",0.06,0.3,0,49,108.23,4.7051,0.2167,0,0.05,0,0.1,0,0,0,0,0,0,0,0,0.15,0.25,15.5966,10.6935,13.022,16.4888,6093
"p330","ssp585","CNRM-CM6-1-HR","2075",0.27,0.7,0,67,104.7,4.2378,0.0333,0,0.05,0,0.09,0,0,0,0,0,0,0,0,0,0.25,17.8871,8.1832,13.0415,16.095,6094
"p330","ssp585","CNRM-CM6-1-HR","2075",0,0.1,0.1,57,106.79,4.3701,0.15,0,0.6,0,0.13,0,0,0,0,0,0,0,0,0.6,0.75,17.1336,9.6396,15.9083,18.3598,6095
"p330","ssp585","CNRM-CM6-1-HR","2075",0.32,0.8,0,66,109.37,4.3405,0.0333,0,0.85,0,0.11,0,0,0,0,0,0,0.05,0,0,0.3,18.6847,5.9702,16.7962,19.1044,6096
"p330","ssp585","CNRM-CM6-1-HR","2075",0.13,0,0,75,110.83,4.3295,0.1,0,0.3,0,0.08,0,0,0,0,0.2,0,0,0,0,0.05,17.743,6.7582,17.4403,16.6725,6097
"p330","ssp585","CNRM-CM6-1-HR","2075",0.19,0.4,0,52,106.69,4.3752,0.1167,0,0.05,0,0.15,0,0,0,0,0,0,0,0,0,0.3,16.3877,9.5857,15.113,14.7474,6098
"p330","ssp585","CNRM-CM6-1-HR","2075",0.27,0,0,77,100.58,4.1031,0.05,0,0.35,0,0,0,0,0,0,0,0,0,0,0,0.35,18.1855,8.8834,11.6008,18.2882,6099
"p330","ssp585","CNRM-CM6-1-HR","2075",0.3,0.3,0,79,110.42,4.3393,0,0,0.15,0,0.05,0,0,0,0,0,0,0,0,0,0.55,18.9515,7.8244,13.8315,15.0494,6100
"p330","ssp585","CNRM-ESM2-1","2075",0.16,0.25,0.15,60,106.02,5.0928,0.1333,0,0.55,0,0,0,0,0,0,0,0,0,0,0,0.35,17.5751,7.2157,11.9393,16.8166,6101
"p330","ssp585","CNRM-ESM2-1","2075",0.05,0.6,0,65,107.39,5.362,0.05,0,0,0,0.14,0,0,0,0,0,0,0.05,0,0,0.65,17.4207,8.2598,13.6138,18.0941,6102
"p330","ssp585","CNRM-ESM2-1","2075",0.15,0.45,0,61,110.57,5.1587,0.15,0,0.7,0,0.26,0,0,0,0,0.1,0,0,0,0,0.25,17.0377,7.2731,16.3985,17.8089,6103
"p330","ssp585","CNRM-ESM2-1","2075",0.31,0,0,62,108.58,5.0775,0.2167,0,0.1,0,0.08,0,0,0,0,0.2,0,0,0,0,0.35,15.9815,9.1045,11.6247,17.1827,6104
"p330","ssp585","CNRM-ESM2-1","2075",0.18,0.25,0,64,109.66,5.2528,0.1167,0,0.25,0,0.09,0,0,0,0,0,0,0,0,0,0.45,17.6028,7.9165,15.0448,16.7201,6105
"p330","ssp585","CNRM-ESM2-1","2075",0.28,0.1,0.1,57,109.55,5.3921,0.0833,0,0.55,0.05,0,0,0,0,0,0,0,0,0,0,0.4,16.5399,7.6128,9.8157,16.6192,6106
"p330","ssp585","CNRM-ESM2-1","2075",0.17,0.45,0,57,106.07,5.155,0.0667,0,0.6,0,0.12,0,0,0,0,0,0,0,0,0,0.15,17.4383,7.052,11.6192,14.8459,6107
"p330","ssp585","CNRM-ESM2-1","2075",0.34,0.55,0,42,104.45,5.2868,0.1,0,0.3,0,0.06,0,0,0,0,0,0,0.15,0.05,0,0.55,16.1796,7.9718,12.7678,21.1108,6108
"p330","ssp585","CNRM-ESM2-1","2075",0.41,0.1,0,82,101.52,4.5487,0.05,0,0.85,0,0.1,0,0,0,0,0,0,0.05,0,0,0.2,18.7132,5.5583,15.0373,17.0029,6109
"p330","ssp585","CNRM-ESM2-1","2075",0.3,0.85,0,60,104.39,5.4294,0.2,0,0.85,0,0.16,0,0,0,0,0,0,0,0,0,0.25,18.0939,6.5482,14.655,17.0658,6110
"p330","ssp585","CNRM-ESM2-1","2075",0.13,0.4,0.15,74,105.86,5.1721,0.1,0,0.3,0,0.14,0,0,0,0,0,0,0,0,0,0.3,18.801,8.9899,15.6275,17.5015,6111
"p330","ssp585","CNRM-ESM2-1","2075",0.23,0,0.1,42,102.71,5.1337,0.05,0,0.65,0,0,0,0,0,0,0,0,0,0,0,0.3,14.926,7.6135,13.0627,18.9314,6112
"p330","ssp585","CNRM-ESM2-1","2075",0.24,0.65,0,65,104.37,5.3068,0.2667,0,0.2,0,0.1,0,0,0,0,0.1,0,0,0,0,0.25,18.2691,9.945,15.8643,16.17,6113
"p330","ssp585","CNRM-ESM2-1","2075",0.26,0.3,0,53,106.34,5.552,0.2333,0,0.15,0,0.12,0,0,0,0,0.15,0,0,0,0.15,0.35,16.2997,9.8904,15.078,17.2308,6114
"p330","ssp585","CNRM-ESM2-1","2075",0.1,0.35,0,62,110.93,5.2056,0.1,0,0.2,0,0.05,0,0,0,0,0.3,0,0.25,0,0,0.35,16.9211,8.0014,14.5595,20.3711,6115
"p330","ssp585","CNRM-ESM2-1","2075",0.17,0.15,0,59,108.75,5.1685,0.1,0,0.25,0,0.12,0,0,0,0,0.25,0,0.05,0,0.15,0.65,16.5702,7.6567,16.0777,18.3536,6116
"p330","ssp585","CNRM-ESM2-1","2075",0.13,0.35,0,56,108.28,5.1183,0.15,0,0.2,0,0.11,0,0,0.15,0,0,0,0.05,0,0,0.3,16.6495,9.1502,16.3555,17.3535,6117
"p330","ssp585","CNRM-ESM2-1","2075",0.18,0.4,0,51,99.76,4.9367,0.0333,0,1,0,0,0,0,0,0,0.1,0,0,0,0,0.2,15.7805,5.0102,10.3025,16.1115,6118
"p330","ssp585","CNRM-ESM2-1","2075",0.32,0.45,0,54,107.47,4.8137,0.0833,0,0.95,0,0.07,0,0,0,0,0.1,0,0,0,0,0.25,16.9077,6.1644,11.5082,16.8886,6119
"p330","ssp585","CNRM-ESM2-1","2075",0.17,0.6,0,67,106.61,5.6097,0.05,0,1,0,0,0,0,0,0,0,0,0,0,0,0.65,18.1628,6.298,13.9097,19.6961,6120
"p330","ssp585","CNRM-ESM2-1","2075",0.2,0.3,0,67,102.56,4.7426,0.1167,0,0.25,0,0.07,0,0,0,0,0.1,0,0,0,0,0.95,18.0208,7.3032,14.2417,18.7356,6121
"p330","ssp585","CNRM-ESM2-1","2075",0.16,0.1,0,38,99.25,4.9977,0.1333,0,0.1,0,0.06,0,0,0,0,0,0,0,0,0,0.4,15.2598,9.0669,16.937,19.9562,6122
"p330","ssp585","CNRM-ESM2-1","2075",0.16,0.5,0,51,114.08,5.0331,0.15,0,0.35,0.05,0.06,0,0,0,0,0,0,0,0,0,0.25,16.4451,9.1157,11.0483,15.3115,6123
"p330","ssp585","CNRM-ESM2-1","2075",0.43,0,0,59,106.88,4.5874,0.0167,0,0.75,0,0,0,0,0,0,0,0,0.1,0,0.15,0.35,16.4419,6.6832,13.3977,19.3342,6124
"p330","ssp585","CNRM-ESM2-1","2075",0.16,0.15,0,44,109.77,5.353,0.0833,0,0.55,0.05,0,0,0,0,0,0.2,0,0,0,0,0.2,17.0809,7.2426,11.5735,16.4237,6125
"p330","ssp585","CNRM-ESM2-1","2075",0.25,0.45,0,62,110.99,5.075,0.1167,0,0.15,0,0.06,0,0,0,0,0.15,0,0,0,0,0.45,18.7012,6.9744,15.3632,17.5598,6126
"p330","ssp585","CNRM-ESM2-1","2075",0.32,0.2,0,50,96.87,5.1952,0.0833,0,0.7,0,0.15,0,0,0,0,0,0,0.1,0,0,0.75,15.7071,6.4243,15.9913,19.4826,6127
"p330","ssp585","CNRM-ESM2-1","2075",0,0,0,51,110.26,5.1561,0.1333,0,0,0,0.05,0,0,0,0,0.15,0,0,0,0,0.15,16.0151,9.2677,11.7992,17.4177,6128
"p330","ssp585","CNRM-ESM2-1","2075",0.22,0.5,0,61,110.36,5.2805,0.1,0,0.55,0,0,0,0,0,0,0,0,0,0,0,0.2,17.3809,7.1417,13.18,15.829,6129
"p330","ssp585","CNRM-ESM2-1","2075",0.32,0,0,48,104.79,5.1834,0.05,0,1,0,0.12,0,0,0,0,0,0,0,0,0,0.3,15.8735,3.7783,14.4138,18.3476,6130
"p330","ssp585","CNRM-ESM2-1","2075",0.15,0.1,0.1,56,110.77,5.1997,0.0833,0,0.7,0,0.05,0,0,0,0,0.1,0,0,0,0.15,0.2,16.8598,5.1548,14.8932,14.4765,6131
"p330","ssp585","CNRM-ESM2-1","2075",0.42,0.75,0,66,102.06,5.2738,0.0667,0,0.05,0,0.12,0,0,0,0,0,0,0,0,0,0.4,18.0347,7.4088,10.107,16.5048,6132
"p330","ssp585","CNRM-ESM2-1","2075",0.32,0.3,0,64,107.4,5.4424,0.15,0,0.5,0,0,0,0,0,0,0.15,0,0,0,0,0.5,17.1468,8.2405,16.9252,17.5862,6133
"p330","ssp585","CNRM-ESM2-1","2075",0.21,0.2,0,60,98.1,5.1823,0.15,0,0.4,0,0.12,0,0,0,0,0,0,0,0.05,0.15,0.4,16.4027,9.5838,14.7358,18.5861,6134
"p330","ssp585","CNRM-ESM2-1","2075",0.43,0.45,0,60,102.76,5.398,0.1167,0,0.45,0,0.06,0,0,0,0,0,0,0,0,0,0.35,17.1271,7.4175,11.1222,17.5611,6135
"p330","ssp585","CNRM-ESM2-1","2075",0.32,0.75,0,56,113.95,5.4453,0.1167,0,0.5,0,0.12,0,0,0,0,0,0,0,0,0,0,17.6377,7.2781,13.475,13.227,6136
"p330","ssp585","CNRM-ESM2-1","2075",0.25,0.7,0,53,100.57,4.983,0.1833,0,0.45,0,0.07,0,0,0,0,0.3,0,0.05,0.05,0,0.55,16.5496,8.2875,15.545,17.4187,6137
"p330","ssp585","CNRM-ESM2-1","2075",0.15,0.3,0,58,106.62,4.4226,0.0167,0,0.75,0,0.06,0,0,0,0,0.2,0,0.05,0,0,0.25,16.1216,4.9623,13.9947,19.117,6138
"p330","ssp585","CNRM-ESM2-1","2075",0.27,0.35,0,53,98.24,4.8962,0.0167,0,1,0,0.05,0,0,0.2,0,0,0,0,0,0,0.75,17.0134,2.6663,16.7313,19.2445,6139
"p330","ssp585","CNRM-ESM2-1","2075",0.33,0,0,57,110.85,5.3105,0.1,0,0.4,0,0.21,0,0,0,0,0,0,0,0,0,0.2,15.7054,8.4683,16.9458,18.0118,6140
"p330","ssp585","CNRM-ESM2-1","2075",0.29,0.5,0,69,95.51,5.055,0.1333,0,0.5,0,0.05,0,0,0,0,0,0,0.05,0,0,0.35,18.2391,7.488,11.7092,18.3519,6141
"p330","ssp585","CNRM-ESM2-1","2075",0.16,0.35,0,58,96.8,5.2056,0.1833,0,0.55,0,0,0,0,0,0,0,0,0.25,0,0,0.25,16.7786,7.2832,14.0708,17.1159,6142
"p330","ssp585","CNRM-ESM2-1","2075",0.16,0.4,0,41,109.4,4.8618,0.1167,0,0.75,0,0,0,0,0,0,0,0,0.15,0,0,0.25,16.2355,6.5344,11.7028,17.2362,6143
"p330","ssp585","CNRM-ESM2-1","2075",0.29,0.55,0,76,104.97,5.3619,0.1,0,0.3,0,0.07,0,0,0,0,0.35,0,0,0,0,0.25,18.6446,7.9781,12.543,15.2562,6144
"p330","ssp585","CNRM-ESM2-1","2075",0.15,0.55,0,47,109.08,5.1017,0.05,0,1,0,0.06,0,0,0,0,0.3,0,0,0,0,0.25,15.089,4.0116,13.6875,15.209,6145
"p330","ssp585","CNRM-ESM2-1","2075",0.23,0.55,0,50,107.97,5.4197,0.1333,0,0.05,0,0.05,0,0,0,0,0,0,0,0,0,0.45,16.897,8.2317,10.9042,16.4117,6146
"p330","ssp585","CNRM-ESM2-1","2075",0.4,0.45,0,65,102.38,5.3334,0.2833,0,0.4,0,0.07,0,0,0,0,0.1,0,0,0,0,0.2,17.2138,9.6428,13.486,16.7861,6147
"p330","ssp585","CNRM-ESM2-1","2075",0.19,0.7,0,49,110.07,5.4942,0.1,0,0,0,0.05,0,0,0,0,0,0,0.1,0.05,0,0.55,16.7978,8.2712,12.5805,18.3717,6148
"p330","ssp585","CNRM-ESM2-1","2075",0.15,0,0,58,114.32,5.3787,0.1,0,0.15,0,0.17,0,0,0,0,0.1,0,0,0,0,0.2,17.0334,8.5825,14.392,16.9218,6149
"p330","ssp585","CNRM-ESM2-1","2075",0.11,0.25,0,57,103.25,5.117,0.1167,0,1,0,0.17,0,0,0,0,0,0,0.15,0,0,0.4,16.7169,2.3668,12.9112,20.1691,6150
"p330","ssp585","CNRM-ESM2-1","2075",0.43,0,0,55,103.52,4.9542,0.0167,0,0.95,0,0.1,0.05,0,0,0,0,0,0.1,0,0,0.3,16.1895,4.4572,15.3467,18.4842,6151
"p330","ssp585","CNRM-ESM2-1","2075",0.12,0.15,0,51,105.17,4.9342,0.0167,0,0.9,0,0.05,0,0,0,0,0.15,0,0,0,0,0.1,15.6245,5.2819,13.6367,15.2579,6152
"p330","ssp585","CNRM-ESM2-1","2075",0.11,0.45,0,65,108.72,4.5066,0.15,0,1,0,0.17,0,0,0,0,0.25,0,0,0,0.15,0.15,17.2771,5.0242,16.3827,18.0585,6153
"p330","ssp585","CNRM-ESM2-1","2075",0.29,0.2,0,47,108.71,4.7903,0.0167,0,1,0,0.06,0,0,0,0,0,0,0.05,0,0,0.25,15.8429,3.3098,12.012,18.5826,6154
"p330","ssp585","CNRM-ESM2-1","2075",0.39,0.45,0,67,106.86,5.0999,0.0833,0,0.6,0,0.1,0,0,0,0,0,0,0,0.05,0.15,0.6,17.5436,8.9187,14.92,16.8939,6155
"p330","ssp585","CNRM-ESM2-1","2075",0.22,0.2,0,68,104.24,5.2582,0.15,0,0.35,0,0.07,0,0,0,0,0,0,0.3,0.05,0,0.15,17.6405,7.4902,13.1482,19.3776,6156
"p330","ssp585","CNRM-ESM2-1","2075",0.07,0.35,0,55,103.58,5.1483,0.1833,0,0,0,0.06,0,0,0,0,0,0,0,0,0,0.75,16.7501,10.7488,10.8353,17.3531,6157
"p330","ssp585","CNRM-ESM2-1","2075",0.33,0.1,0.1,44,113.25,5.4489,0.1,0,0.45,0,0.07,0,0,0.3,0,0,0,0,0.05,0.15,0.4,14.9366,7.7502,18.3617,17.5333,6158
"p330","ssp585","CNRM-ESM2-1","2075",0.12,0.35,0.15,54,106.42,5.0394,0.0667,0,0.4,0,0.08,0,0,0,0,0.1,0,0,0,0,0.5,17.1963,6.3706,13.3275,18.5409,6159
"p330","ssp585","CNRM-ESM2-1","2075",0.37,0.75,0,57,109.45,5.0681,0.0833,0,1,0,0.1,0,0,0,0,0.15,0,0,0,0.15,0.9,17.2014,5.2622,13.4468,18.8147,6160
"p330","ssp585","CNRM-ESM2-1","2075",0.37,0.6,0,66,96.95,5.5935,0.0833,0,0.45,0.05,0.15,0,0,0,0,0,0,0,0,0,0.4,17.9508,7.1099,13.0048,16.5556,6161
"p330","ssp585","CNRM-ESM2-1","2075",0.29,0.5,0,51,109.24,5.4361,0.2167,0,0.05,0.05,0.09,0,0,0,0,0,0,0,0,0,0.2,15.9264,9.6335,13.5693,14.2121,6162
"p330","ssp585","CNRM-ESM2-1","2075",0.33,0.1,0.1,30,103.52,5.2815,0.05,0,0.65,0,0.1,0,0,0,0,0.1,0,0.05,0,0,0.2,13.2687,6.3637,15.0868,18.3111,6163
"p330","ssp585","CNRM-ESM2-1","2075",0.36,0,0,41,106.85,5.3589,0.1167,0,0.05,0,0.06,0,0,0,0,0.1,0,0,0,0,0.35,14.4334,8.8644,13.2857,18.6008,6164
"p330","ssp585","CNRM-ESM2-1","2075",0.1,0,0,51,115.24,4.8768,0.1167,0,0.25,0,0,0,0,0,0,0,0,0.3,0,0,0.2,16.4016,7.6081,12.3065,22.1816,6165
"p330","ssp585","CNRM-ESM2-1","2075",0.15,0,0.3,53,112.55,5.3889,0.0833,0,0.5,0,0,0,0,0,0,0.2,0,0,0,0,0.2,16.217,6.7092,16.3485,19.9717,6166
"p330","ssp585","CNRM-ESM2-1","2075",0.35,0.5,0,63,106.06,4.8373,0.05,0,0.15,0,0.13,0,0,0,0,0,0,0.05,0.05,0,0.25,16.6131,7.4388,13.4647,18.6286,6167
"p330","ssp585","CNRM-ESM2-1","2075",0.14,0.35,0.2,66,103.89,5.3113,0.0833,0,0.8,0,0.12,0,0,0,0,0,0,0.05,0.05,0,0.45,17.5666,6.5373,11.26,19.1353,6168
"p330","ssp585","CNRM-ESM2-1","2075",0.29,0.55,0,55,104.4,4.9573,0.1167,0,0.25,0,0.07,0.05,0,0,0,0,0,0.25,0,0,0.45,16.6558,8.8213,13.6137,20.0132,6169
"p330","ssp585","CNRM-ESM2-1","2075",0.45,0.1,0,68,102.94,5.1332,0.2333,0,0.7,0,0.14,0,0,0,0,0,0,0,0,0,0.25,18.4952,7.783,14.1298,17.6606,6170
"p330","ssp585","CNRM-ESM2-1","2075",0.18,0.1,0,58,96.92,4.9909,0.1667,0,0.95,0,0.12,0,0,0,0,0,0,0,0,0,0.4,16.2653,6.1512,12.787,16.7453,6171
"p330","ssp585","CNRM-ESM2-1","2075",0.23,0,0,63,113.17,4.7236,0.1167,0,0.15,0,0,0,0,0,0,0,0,0.05,0.05,0,0.4,16.8423,8.2727,11.6485,18.9253,6172
"p330","ssp585","CNRM-ESM2-1","2075",0.11,0.1,0.15,58,112.86,5.2933,0.0167,0,0.9,0,0.13,0,0,0,0,0,0,0.2,0,0,1,17.6818,5.3501,15.6302,20.1484,6173
"p330","ssp585","CNRM-ESM2-1","2075",0.33,0.6,0,61,109.17,5.094,0.1667,0,0.25,0,0.12,0,0,0,0,0,0,0.05,0,0.15,0.35,18.2483,9.2367,14.6098,19.5848,6174
"p330","ssp585","CNRM-ESM2-1","2075",0.3,0.55,0,60,104.42,4.9974,0.1667,0,0.2,0,0.12,0,0,0,0,0.15,0,0,0,0,0.1,16.9083,8.7077,14.6712,16.1173,6175
"p330","ssp585","CNRM-ESM2-1","2075",0.12,0,0,61,109.69,5.6442,0.1,0,0.2,0,0.05,0,0,0,0,0,0,0.05,0,0,0.3,16.2948,7.7104,14.991,16.9012,6176
"p330","ssp585","CNRM-ESM2-1","2075",0.2,0.4,0,65,103.48,5.1326,0.1833,0,0.3,0,0.06,0,0,0,0,0.2,0,0.05,0,0,0.05,17.574,7.6428,13.8683,16.8465,6177
"p330","ssp585","CNRM-ESM2-1","2075",0.43,0.6,0,57,104.8,5.0348,0.05,0,0.4,0,0.1,0,0,0,0,0.15,0,0.05,0,0,0.4,17.4081,7.3066,13.9355,18.4936,6178
"p330","ssp585","CNRM-ESM2-1","2075",0.38,0,0,45,100.14,4.7568,0.1,0,0.4,0,0,0,0,0,0,0.15,0,0,0,0,0.8,15.2435,7.4772,13.2305,19.2226,6179
"p330","ssp585","CNRM-ESM2-1","2075",0.24,0.2,0.1,58,91.31,5.1344,0.2833,0,0,0,0.18,0,0,0,0,0,0,0,0,0,0.8,17.366,10.3162,13.2325,17.1041,6180
"p330","ssp585","CNRM-ESM2-1","2075",0.22,0.35,0,63,107.19,4.8747,0.1333,0,0.1,0,0.05,0,0,0,0,0,0,0,0,0,0.3,18.1139,10.2313,13.9277,16.6534,6181
"p330","ssp585","CNRM-ESM2-1","2075",0.3,0.3,0,58,98.06,5.2185,0.0667,0,1,0,0.05,0,0,0,0,0,0,0.15,0,0,0.25,18.4892,5.0726,12.3305,19.6517,6182
"p330","ssp585","CNRM-ESM2-1","2075",0.25,0.5,0,54,109.11,5.3338,0.0833,0,0.5,0.05,0.1,0,0,0,0,0.1,0,0.3,0.05,0,0.15,16.4876,6.4996,12.7165,18.2083,6183
"p330","ssp585","CNRM-ESM2-1","2075",0.29,0.65,0,35,102.59,5.4748,0.1333,0,0.35,0,0.05,0,0,0,0,0,0,0,0,0.15,0.75,15.0496,7.8383,11.1048,19.9379,6184
"p330","ssp585","CNRM-ESM2-1","2075",0.24,1,0,54,107.37,5.146,0.0833,0,0.5,0,0.06,0,0,0.3,0,0,0,0.1,0,0,0.2,17.6847,6.2205,15.3648,17.5425,6185
"p330","ssp585","CNRM-ESM2-1","2075",0.23,0.15,0,58,101.18,5.0342,0.1,0,0.8,0,0.14,0,0,0,0,0.1,0,0.1,0.05,0,0.15,17.5235,6.5101,14.2318,18.0674,6186
"p330","ssp585","CNRM-ESM2-1","2075",0.41,0.65,0,56,108.3,5.4377,0.1167,0,0.6,0,0.09,0,0,0,0,0,0,0,0.05,0.15,0.85,16.7192,6.5843,14.6092,18.7139,6187
"p330","ssp585","CNRM-ESM2-1","2075",0.33,0.95,0,55,111.08,5.1371,0.15,0,0.2,0,0.1,0,0,0,0,0.1,0,0,0,0,0.15,18.1717,8.5054,14.1095,18.0491,6188
"p330","ssp585","CNRM-ESM2-1","2075",0.25,0.1,0,58,108.75,5.6105,0.1833,0,0.25,0,0.11,0,0,0,0,0,0,0,0,0,0.4,16.3951,7.8956,13.06,16.8474,6189
"p330","ssp585","CNRM-ESM2-1","2075",0.21,0,0,38,105.88,5.126,0.0333,0,1,0,0.06,0,0,0,0,0,0,0,0,0,0.4,15.1508,4.4931,13.3318,16.5788,6190
"p330","ssp585","CNRM-ESM2-1","2075",0.22,0.3,0,59,110.23,5.2226,0.0667,0,0.75,0,0.06,0,0,0,0,0,0,0,0,0,0.25,17.2837,6.7112,14.2302,15.1286,6191
"p330","ssp585","CNRM-ESM2-1","2075",0.16,0,0,40,100.9,5.0439,0.0833,0,0.7,0,0.16,0,0,0,0,0,0,0.05,0,0,0.35,15.0468,6.8096,13.3362,18.3544,6192
"p330","ssp585","CNRM-ESM2-1","2075",0.06,0.3,0,48,105.06,5.5916,0.4,0,0.35,0,0.1,0,0,0,0,0,0,0,0,0,0.45,15.3908,9.9401,12.4018,16.4738,6193
"p330","ssp585","CNRM-ESM2-1","2075",0.27,0.65,0,62,105.65,5.0283,0.0833,0,0.1,0,0.09,0,0,0,0,0,0,0,0,0,0.25,17.684,7.4208,12.4197,16.0726,6194
"p330","ssp585","CNRM-ESM2-1","2075",0,0.1,0.1,52,107.89,5.2342,0.1667,0,0.65,0,0.13,0,0,0,0,0,0,0,0,0.45,0.75,16.9336,8.8685,15.2847,18.3345,6195
"p330","ssp585","CNRM-ESM2-1","2075",0.32,0.8,0,66,110.21,5.2128,0.0333,0,1,0,0.11,0,0,0,0,0,0,0.05,0,0,0.25,18.4869,5.1834,16.1752,19.0709,6196
"p330","ssp585","CNRM-ESM2-1","2075",0.05,0,0,76,111.67,5.1947,0.1333,0,0.7,0,0.08,0,0,0,0,0.2,0,0,0,0,0.05,17.5364,6.0066,16.821,16.6597,6197
"p330","ssp585","CNRM-ESM2-1","2075",0.2,0.4,0,50,107.6,5.2247,0.2,0,0.1,0,0.15,0,0,0,0,0,0,0,0,0,0.3,16.1837,8.8253,14.492,14.7261,6198
"p330","ssp585","CNRM-ESM2-1","2075",0.27,0,0,73,94.97,4.8623,0.0667,0,0.6,0,0,0,0,0,0,0,0,0,0,0,0.35,17.9848,8.1138,10.9783,18.263,6199
"p330","ssp585","CNRM-ESM2-1","2075",0.3,0.45,0,75,108.13,5.155,0.05,0,0.4,0,0.1,0,0,0,0,0,0,0,0,0,0.65,18.7538,7.0389,13.2115,15.0171,6200
"p330","ssp585","EC-Earth3-CC","2075",0.37,0.4,0,68,104.81,4.2304,0.0833,0,0.35,0,0.07,0,0,0,0,0,0,0,0,0.15,0.2,18.5675,7.4141,11.4822,15.3132,6201
"p330","ssp585","EC-Earth3-CC","2075",0.27,0.3,0,60,107.54,4.5933,0,0,0,0,0,0,0,0,0,0.1,0,0.05,0,0,0.2,17.9741,9.038,12.9127,17.7365,6202
"p330","ssp585","EC-Earth3-CC","2075",0.44,0.2,0,68,111.59,4.5583,0.1167,0,0.6,0,0.11,0,0,0,0,0.1,0,0,0,0,0.15,17.9829,7.5637,15.6528,16.6526,6203
"p330","ssp585","EC-Earth3-CC","2075",0.18,0.1,0,62,108.26,4.4462,0.2,0,0.1,0,0,0,0,0,0,0,0,0,0,0,0.35,16.2946,9.775,11.5965,16.28,6204
"p330","ssp585","EC-Earth3-CC","2075",0.29,0.65,0,68,111.04,4.4324,0.0167,0,0.2,0,0.11,0,0,0,0,0,0,0,0,0,0.45,18.2873,8.4172,15.0848,15.1669,6205
"p330","ssp585","EC-Earth3-CC","2075",0.23,0.45,0,56,113.4,4.3399,0.0667,0,0.35,0,0,0,0,0,0,0,0,0,0,0,0.25,16.8638,8.212,9.528,15.5192,6206
"p330","ssp585","EC-Earth3-CC","2075",0.1,0.1,0.25,58,106.83,4.3589,0.05,0,0.4,0,0.13,0,0,0,0,0,0,0,0,0,0.05,17.609,7.0329,11.2518,13.6412,6207
"p330","ssp585","EC-Earth3-CC","2075",0.19,0.25,0,44,106.85,4.5665,0.0333,0,0.25,0,0.09,0,0,0,0,0,0,0.05,0,0.15,1,16.4607,8.8121,12.3808,19.1059,6208
"p330","ssp585","EC-Earth3-CC","2075",0.26,0.45,0,82,98.6,4.2169,0,0,0.7,0,0.18,0,0,0,0,0.2,0,0,0,0.15,0.2,19.0139,6.1808,14.7858,16.035,6209
"p330","ssp585","EC-Earth3-CC","2075",0.11,0.1,0,67,106.66,4.7092,0.1833,0,0.6,0,0.07,0,0,0,0,0.2,0,0,0,0,0.45,18.4281,7.0524,14.1357,15.3847,6210
"p330","ssp585","EC-Earth3-CC","2075",0.37,0.65,0,81,104.47,4.5048,0.0667,0,0.1,0,0,0,0,0,0,0,0,0,0,0,0.2,19.7337,9.0008,13.989,16.3426,6211
"p330","ssp585","EC-Earth3-CC","2075",0.31,0.2,0,50,101.3,4.4869,0.0667,0,0.45,0,0.1,0,0,0,0,0,0,0,0,0,0.65,15.9707,8.7062,13.5047,16.7777,6212
"p330","ssp585","EC-Earth3-CC","2075",0.3,0.85,0,69,108.26,4.7022,0.1,0,0.15,0,0.08,0,0,0,0,0,0,0,0,0,0.15,19.1946,10.144,16.3392,15.0893,6213
"p330","ssp585","EC-Earth3-CC","2075",0.14,0.55,0,58,103.1,4.7921,0.1,0,0,0,0.06,0,0,0,0,0.1,0,0,0,0,0.3,16.7415,9.9249,13.7592,16.7456,6214
"p330","ssp585","EC-Earth3-CC","2075",0.34,0.25,0,63,106.44,4.4215,0.1333,0,0.05,0,0.06,0,0,0,0,0.1,0,0,0.1,0,1,17.668,9.153,14.842,17.9039,6215
"p330","ssp585","EC-Earth3-CC","2075",0.16,0.2,0,56,107.54,4.5848,0.0333,0,0.2,0,0,0,0,0,0,0.25,0,0,0,0,0.2,17.0687,7.7692,15.1867,17.7174,6216
"p330","ssp585","EC-Earth3-CC","2075",0.43,0.65,0,59,111.02,4.698,0.1,0,0.1,0,0.18,0,0,0.2,0,0,0,0,0,0,0.35,17.5127,10.1554,16.5832,16.2984,6217
"p330","ssp585","EC-Earth3-CC","2075",0.06,0.3,0,53,100.85,4.3685,0.0167,0,0.75,0,0,0,0,0,0,0.15,0,0,0,0,0.05,16.1609,5.7649,10.6722,14.5314,6218
"p330","ssp585","EC-Earth3-CC","2075",0.26,0.7,0,54,108.64,4.5126,0.05,0,0.85,0,0.06,0,0,0,0,0,0,0,0,0.15,0.1,17.2396,6.8736,11.325,16.1745,6219
"p330","ssp585","EC-Earth3-CC","2075",0.26,1,0,69,106.74,4.7899,0.05,0,1,0,0.15,0,0,0,0,0,0,0,0,0,0.3,19.1334,6.9204,14.0917,19.0453,6220
"p330","ssp585","EC-Earth3-CC","2075",0.35,0.55,0,65,105.21,4.3525,0.0167,0,0.15,0,0.18,0,0,0,0,0.2,0,0,0,0.15,0.5,18.8459,7.3957,14.3602,17.3928,6221
"p330","ssp585","EC-Earth3-CC","2075",0.22,0.25,0,53,99.88,4.4691,0.1333,0,0.05,0,0.05,0,0,0,0,0.3,0,0,0,0,0.55,16.4929,9.8089,15.6178,18.62,6222
"p330","ssp585","EC-Earth3-CC","2075",0,0.1,0,51,109.97,4.4117,0.1167,0,0.3,0.05,0.09,0,0,0,0,0,0,0,0,0,0.2,16.6429,9.6468,10.5037,13.7908,6223
"p330","ssp585","EC-Earth3-CC","2075",0.11,0,0,59,109.01,4.2877,0.0333,0,0.35,0,0.12,0,0,0,0,0,0,0,0,0,0.55,16.743,7.4785,14.3823,18.3474,6224
"p330","ssp585","EC-Earth3-CC","2075",0.32,0.75,0,47,107.83,4.6301,0.0667,0,0.35,0.05,0.21,0,0,0,0,0,0,0,0,0,0.15,17.8665,8.181,11.7757,15.5503,6225
"p330","ssp585","EC-Earth3-CC","2075",0.27,0.75,0,64,110.35,4.2501,0.1167,0,0.1,0,0.05,0,0,0,0,0.15,0,0,0,0.15,0.2,19.5021,7.6189,14.5335,17.0868,6226
"p330","ssp585","EC-Earth3-CC","2075",0.24,0.7,0,46,99.46,4.5159,0.0333,0,0.6,0,0.05,0,0,0,0,0,0,0.05,0,0,0.4,15.6802,6.5275,15.7415,18.592,6227
"p330","ssp585","EC-Earth3-CC","2075",0.21,0.25,0,58,111.09,4.5109,0.0833,0,0,0,0.07,0,0,0,0,0,0,0,0,0,0.2,17.2947,9.7813,11.6865,16.9112,6228
"p330","ssp585","EC-Earth3-CC","2075",0.42,0.45,0,68,108.89,4.4519,0.0333,0,0.35,0,0.08,0,0,0,0,0,0,0,0,0,0.15,18.2851,7.7758,13.6653,15.505,6229
"p330","ssp585","EC-Earth3-CC","2075",0.17,0,0,59,105.89,4.8622,0.0167,0,1,0,0.17,0,0,0,0,0,0,0,0,0.15,0.05,16.7083,4.7925,13.756,16.755,6230
"p330","ssp585","EC-Earth3-CC","2075",0.1,0.35,0,60,111.15,4.521,0.0833,0,0.4,0,0.1,0,0,0,0,0,0,0,0,0,0.15,17.5362,6.3452,15.0572,13.9286,6231
"p330","ssp585","EC-Earth3-CC","2075",0.43,0.55,0,65,104.76,4.7683,0.0667,0,0.05,0,0,0,0,0,0,0,0,0,0,0,0.15,18.3892,7.9997,9.1345,16.3147,6232
"p330","ssp585","EC-Earth3-CC","2075",0.17,0,0.25,59,105.84,4.5964,0.1167,0,0.55,0,0.1,0,0,0,0,0,0,0,0,0,0.3,16.9612,8.4113,16.8632,16.4169,6233
"p330","ssp585","EC-Earth3-CC","2075",0.37,0.65,0,62,97.28,4.4225,0.0833,0,0.2,0,0,0,0,0,0,0.15,0,0,0,0,0.3,17.3464,10.1831,14.0857,17.8815,6234
"p330","ssp585","EC-Earth3-CC","2075",0.44,0.65,0,68,108.45,4.6349,0.1167,0,0.15,0,0.25,0,0,0,0,0,0,0,0,0.15,0.25,17.9061,7.8771,11.107,17.0515,6235
"p330","ssp585","EC-Earth3-CC","2075",0.1,0.85,0,51,113.3,4.7685,0.05,0,0.3,0,0.08,0,0,0,0,0,0,0,0,0.15,0,17.7242,7.9303,12.6407,12.2645,6236
"p330","ssp585","EC-Earth3-CC","2075",0.12,0.7,0,53,98.91,4.5646,0.1833,0,0.25,0,0.16,0,0,0,0.1,0.35,0,0,0,0,0.25,16.9818,9.1526,15.5275,16.6178,6237
"p330","ssp585","EC-Earth3-CC","2075",0.3,0.45,0,59,111.61,4.0375,0.0167,0,0.55,0,0.05,0,0,0,0,0,0,0,0,0.15,0.5,16.7988,5.5892,13.1825,17.263,6238
"p330","ssp585","EC-Earth3-CC","2075",0.37,0.3,0,59,100.86,4.294,0.0333,0,1,0,0.07,0,0,0.15,0,0,0,0,0,0.15,0.45,17.7736,3.2,16.3603,17.8576,6239
"p330","ssp585","EC-Earth3-CC","2075",0.11,0.1,0,55,110.88,4.7505,0.0667,0,0.25,0,0.12,0,0,0,0,0.2,0,0,0,0,0.25,16.2653,9.1569,16.1425,16.6823,6240
"p330","ssp585","EC-Earth3-CC","2075",0.23,0.3,0.25,70,96.38,4.4389,0.0833,0,0.3,0,0.11,0,0,0,0,0,0,0,0,0,0.55,18.436,8.2851,11.02,17.3354,6241
"p330","ssp585","EC-Earth3-CC","2075",0.27,0.85,0,58,96.7,4.9219,0.05,0,0.3,0,0.06,0,0,0,0,0,0,0.15,0,0,0.15,17.379,7.7446,13.6542,16.8011,6242
"p330","ssp585","EC-Earth3-CC","2075",0.23,0.1,0,45,111.93,4.538,0.0667,0,0.5,0,0.09,0,0,0,0,0,0,0,0.05,0,0.2,17.1945,7.161,11.0023,16.497,6243
"p330","ssp585","EC-Earth3-CC","2075",0.23,0.5,0,76,107.99,4.8207,0.0667,0,0.15,0,0.06,0,0,0,0,0.1,0,0,0,0,0.1,19.1477,8.6607,12.5022,15.1139,6244
"p330","ssp585","EC-Earth3-CC","2075",0.13,0.4,0,49,109.15,4.5275,0.0667,0,1,0,0.06,0,0,0,0,0.1,0,0,0,0.3,0.05,15.8135,4.6395,14.0435,13.504,6245
"p330","ssp585","EC-Earth3-CC","2075",0.18,0.2,0,46,106.33,4.7506,0.1167,0,0.05,0,0.07,0,0,0,0,0,0,0,0,0,0.2,16.8667,8.6419,10.6862,15.4562,6246
"p330","ssp585","EC-Earth3-CC","2075",0.25,0.15,0,63,105.87,4.4962,0.1333,0,0.15,0,0.07,0,0,0,0,0.2,0,0,0,0,0.45,17.4219,9.8572,13.1307,15.5318,6247
"p330","ssp585","EC-Earth3-CC","2075",0.32,0.45,0,57,108.33,4.6553,0.1333,0,0,0,0.05,0,0,0,0,0,0,0.1,0,0,0.2,17.6542,9.0262,12.3827,17.6292,6248
"p330","ssp585","EC-Earth3-CC","2075",0.43,0.3,0,63,113.7,4.7151,0.0667,0,0.05,0,0.05,0,0,0,0,0.15,0,0,0,0.15,0.2,18.0328,8.7349,14.0018,15.2366,6249
"p330","ssp585","EC-Earth3-CC","2075",0.26,0.35,0,67,104.63,4.6219,0.1,0,1,0,0.06,0,0,0,0,0,0,0.15,0,0.3,0.35,17.7756,2.8791,13.0508,18.6333,6250
"p330","ssp585","EC-Earth3-CC","2075",0.19,0.25,0,57,109.32,4.514,0.05,0,0.55,0,0.07,0,0,0,0,0.15,0,0.05,0,0.15,0.2,16.6636,5.6058,15.095,16.5161,6251
"p330","ssp585","EC-Earth3-CC","2075",0.21,0.3,0,57,103.81,4.4152,0.0167,0,0.45,0,0,0,0,0,0,0.15,0,0,0,0,0.1,16.6316,5.8676,12.378,13.7083,6252
"p330","ssp585","EC-Earth3-CC","2075",0.3,0.55,0,70,109.49,3.9807,0.1167,0,0.8,0,0.06,0,0,0,0,0.2,0,0,0,0,0.65,18.0832,5.447,15.7955,16.5751,6253
"p330","ssp585","EC-Earth3-CC","2075",0.05,0,0,48,110.07,4.3351,0.0167,0,1,0,0.1,0,0,0,0,0,0,0,0,0.3,0.35,16.2007,4.9137,12.2863,16.9579,6254
"p330","ssp585","EC-Earth3-CC","2075",0.22,0.5,0,61,107.53,4.4187,0.1,0,0.65,0,0.13,0,0,0,0,0,0,0.05,0,0.15,0.15,17.7521,8.8578,14.304,16.3139,6255
"p330","ssp585","EC-Earth3-CC","2075",0.15,0.15,0,70,103.58,4.6079,0.0333,0,0.1,0,0.05,0,0,0,0,0,0,0.1,0.05,0,0.1,18.1923,8.1562,12.4565,17.7226,6256
"p330","ssp585","EC-Earth3-CC","2075",0.12,0.5,0,60,105.99,4.5737,0.0667,0,0,0,0.05,0,0,0,0,0,0,0,0,0,0.45,17.4305,10.3907,10.3935,17.1531,6257
"p330","ssp585","EC-Earth3-CC","2075",0.4,0.75,0,52,114.56,4.9074,0.05,0,0.35,0,0.13,0,0,0.5,0,0.1,0,0,0.05,0,0.35,15.8719,8.1738,18.281,17.2479,6258
"p330","ssp585","EC-Earth3-CC","2075",0.2,0.3,0.1,60,105.31,4.4385,0.0333,0,0.3,0,0.06,0,0,0,0,0,0,0,0,0,0.15,18.0979,7.2947,12.7798,17.3968,6259
"p330","ssp585","EC-Earth3-CC","2075",0.43,0.95,0,53,109.7,4.3685,0.0667,0,0.8,0,0.08,0,0,0,0,0,0,0,0,0,0.5,17.8003,5.9359,13.2173,18.0447,6260
"p330","ssp585","EC-Earth3-CC","2075",0.19,0.45,0,67,95.78,4.9965,0.1333,0,0.35,0.05,0.18,0,0,0,0,0,0,0,0,0.15,0.2,18.2742,7.998,12.5552,15.9707,6261
"p330","ssp585","EC-Earth3-CC","2075",0.16,0,0.1,53,104.07,4.9778,0.15,0,0,0.05,0.13,0,0,0,0,0,0,0,0,0.15,0,16.0103,10.0511,13.2735,13.1421,6262
"p330","ssp585","EC-Earth3-CC","2075",0,0,0,32,105.24,4.6072,0.0667,0,0.6,0,0.17,0,0,0.15,0,0,0,0,0,0,0.2,13.4947,6.6252,15.2508,17.213,6263
"p330","ssp585","EC-Earth3-CC","2075",0.29,0.2,0,45,104.02,4.5463,0.1333,0,0.05,0,0.05,0,0,0,0,0.1,0,0,0,0,0.2,15.0023,10.1057,12.5673,16.403,6264
"p330","ssp585","EC-Earth3-CC","2075",0.08,0.35,0,52,113.19,4.2387,0.0667,0,0.1,0,0.1,0,0,0,0,0,0,0,0,0.3,0.85,17.0168,8.373,12.3773,19.815,6265
"p330","ssp585","EC-Earth3-CC","2075",0.17,0.2,0,54,112.99,4.6775,0.0833,0,0.4,0,0.09,0,0,0,0,0,0,0,0,0,0.4,16.5759,7.2747,16.2615,18.5226,6266
"p330","ssp585","EC-Earth3-CC","2075",0.26,0.3,0,63,107.06,4.4637,0.05,0,0.05,0,0.13,0,0,0,0,0,0,0,0,0,0.1,16.8987,8.1041,12.598,17.5403,6267
"p330","ssp585","EC-Earth3-CC","2075",0.21,0.35,0,78,102.36,4.4931,0.1333,0,0.75,0,0,0,0,0,0,0,0,0.05,0,0,0.45,18.6069,7.4028,10.4055,17.9782,6268
"p330","ssp585","EC-Earth3-CC","2075",0.12,0.7,0,53,95.81,4.5093,0.0833,0,0.1,0,0.1,0,0,0,0,0.1,0,0.05,0,0,0.5,17.113,10.0448,13.2308,18.8535,6269
"p330","ssp585","EC-Earth3-CC","2075",0.27,0.7,0,68,102.55,4.3231,0.1333,0,0.4,0,0,0,0,0,0,0.1,0,0,0,0,0.2,19.025,8.0182,13.6125,16.4568,6270
"p330","ssp585","EC-Earth3-CC","2075",0.31,0.1,0,61,96.75,4.4002,0.05,0,0.85,0,0,0,0,0,0,0.1,0,0,0,0,0.45,16.7102,6.1966,11.5682,15.908,6271
"p330","ssp585","EC-Earth3-CC","2075",0.23,0.65,0,63,114.97,4.3207,0.0833,0,0,0,0.07,0,0,0,0,0.1,0,0.05,0,0.15,0.7,17.4307,9.2898,11.7308,18.308,6272
"p330","ssp585","EC-Earth3-CC","2075",0.49,1,0,69,113.31,4.4546,0.05,0,0.9,0,0.13,0,0,0,0,0,0,0.1,0,0,0.8,19.0193,6.2812,15.985,19.8796,6273
"p330","ssp585","EC-Earth3-CC","2075",0.34,0.75,0,61,109.25,4.6901,0.1833,0,0.1,0,0.09,0,0,0,0,0.1,0,0,0,0.15,0.75,18.7004,10.3458,14.1377,16.5705,6274
"p330","ssp585","EC-Earth3-CC","2075",0.05,0.5,0,48,101.54,4.3832,0.0833,0,0.1,0,0.06,0,0,0,0,0.1,0,0,0,0,0.2,17.0485,9.4538,13.5737,14.7198,6275
"p330","ssp585","EC-Earth3-CC","2075",0.26,0,0,58,108.98,4.9907,0.0333,0,0.1,0,0,0,0,0,0,0.1,0,0,0,0.15,0.2,16.6886,9.0971,14.3235,16.3668,6276
"p330","ssp585","EC-Earth3-CC","2075",0.19,0.6,0,68,104.16,4.5783,0.1167,0,0,0,0,0,0,0,0,0.1,0,0,0,0,0.6,18.2747,8.543,13.8697,15.8019,6277
"p330","ssp585","EC-Earth3-CC","2075",0.12,0.55,0,51,103.06,4.3764,0.05,0,0.25,0,0.16,0,0,0,0,0,0,0,0,0,0.4,17.4931,7.9478,13.9392,17.7167,6278
"p330","ssp585","EC-Earth3-CC","2075",0.25,0.3,0,47,101.94,4.0497,0.1,0,0.35,0,0.11,0,0,0,0,0,0,0,0,0,0.8,15.5418,7.6542,14.2102,18.4176,6279
"p330","ssp585","EC-Earth3-CC","2075",0.23,0.35,0,61,87.61,4.7305,0.2333,0,0.05,0,0.05,0,0,0,0,0,0,0.15,0,0,0.25,18.0304,11.0072,13.4845,16.9814,6280
"p330","ssp585","EC-Earth3-CC","2075",0.24,0.9,0,65,109.14,4.4668,0.0833,0,0.05,0,0.05,0,0,0,0,0,0,0,0,0,0.45,18.6941,10.9498,13.7283,15.68,6281
"p330","ssp585","EC-Earth3-CC","2075",0.35,0.5,0,67,99.91,4.4268,0.0333,0,0.75,0,0.11,0,0,0,0,0,0,0.1,0,0,0.25,19.1137,5.5885,12.7633,18.5523,6282
"p330","ssp585","EC-Earth3-CC","2075",0.17,0.2,0,50,112.94,4.744,0.1,0,0.35,0,0.1,0,0,0,0,0,0,0.1,0,0.15,0.3,16.7099,7.4049,13.172,16.9876,6283
"p330","ssp585","EC-Earth3-CC","2075",0.22,0.65,0,41,102.95,4.7883,0.0667,0,0.3,0,0.11,0,0,0,0,0,0,0,0,0,0.55,15.0484,7.9776,11.3417,19.7211,6284
"p330","ssp585","EC-Earth3-CC","2075",0.16,0.3,0,48,111.24,4.7275,0.0667,0,0.45,0,0,0,0,0.15,0,0,0,0,0,0,0.35,17.7206,6.7516,14.9428,16.3369,6285
"p330","ssp585","EC-Earth3-CC","2075",0.4,0,0,67,104.51,4.3734,0.0667,0,0.5,0,0.16,0,0,0,0,0,0,0.05,0,0,0.45,17.9185,6.7743,14.0733,16.6153,6286
"p330","ssp585","EC-Earth3-CC","2075",0.39,0.8,0,61,107.58,4.3486,0.1167,0,0.5,0,0.05,0,0,0,0,0.25,0,0,0,0.15,0.9,17.3751,6.6685,14.116,17.3758,6287
"p330","ssp585","EC-Earth3-CC","2075",0.42,0.75,0,47,111.87,4.7179,0.0833,0,0.05,0,0.05,0,0,0,0,0.1,0,0,0,0,0.25,18.7924,9.4191,13.8077,16.6129,6288
"p330","ssp585","EC-Earth3-CC","2075",0.11,0.55,0,67,110.48,5.0898,0.0833,0,0.1,0,0.19,0,0,0,0,0,0,0,0,0,0.3,16.8952,8.6776,12.901,16.1099,6289
"p330","ssp585","EC-Earth3-CC","2075",0.36,0.15,0,45,107.99,4.3736,0.0833,0,0.95,0,0.06,0,0,0,0,0,0,0,0,0,0.1,16.126,5.5662,13.2975,15.9545,6290
"p330","ssp585","EC-Earth3-CC","2075",0.25,0.25,0,61,110.24,4.4616,0.0167,0,0.6,0,0,0,0,0,0,0.15,0,0,0,0,0.15,17.9752,7.0591,13.5185,14.3464,6291
"p330","ssp585","EC-Earth3-CC","2075",0.42,0.25,0,47,101.01,4.2119,0.1,0,0.3,0,0.05,0,0,0,0,0,0,0.15,0,0,0.15,15.7275,7.673,12.6967,17.2489,6292
"p330","ssp585","EC-Earth3-CC","2075",0.33,0.45,0,48,107.19,4.6928,0.1333,0,0.15,0,0.05,0,0,0,0,0,0,0,0,0,0.25,16.016,9.994,11.9932,16.1179,6293
"p330","ssp585","EC-Earth3-CC","2075",0.17,0.75,0,60,106.44,4.2825,0.05,0,0.1,0,0.2,0,0,0,0,0,0,0,0,0,0.1,17.857,7.6057,12.2798,15.5839,6294
"p330","ssp585","EC-Earth3-CC","2075",0.32,0.7,0,69,109.84,4.3105,0.0833,0.1,0.55,0,0,0,0,0,0,0,0,0,0,0,0.4,18.0189,8.5672,13.8665,17.8423,6295
"p330","ssp585","EC-Earth3-CC","2075",0.42,0.75,0,67,109.98,4.6174,0.0333,0,0.85,0,0.12,0,0,0,0,0,0,0,0,0,0.6,19.1558,6.2845,16.0073,17.4089,6296
"p330","ssp585","EC-Earth3-CC","2075",0.29,0.15,0,79,111.68,4.5933,0.0667,0,0.45,0,0,0,0,0,0,0.2,0,0,0,0.15,0.4,18.6011,6.4874,15.1543,14.2122,6297
"p330","ssp585","EC-Earth3-CC","2075",0.3,0.65,0,55,108.44,4.4176,0.15,0,0.1,0,0.05,0,0,0,0,0.15,0,0,0,0.15,0.05,16.919,9.2617,13.208,13.5041,6298
"p330","ssp585","EC-Earth3-CC","2075",0.15,0.65,0,77,96.68,4.295,0.0833,0,0.4,0,0.07,0,0,0,0,0,0,0,0,0.15,0.75,18.4127,9.0325,11.0785,17.2374,6299
"p330","ssp585","EC-Earth3-CC","2075",0.37,1,0,80,103.54,4.5954,0.1167,0,0.25,0,0.12,0,0,0,0,0,0,0,0,0,0.1,19.5946,8.0275,12.8092,14.6286,6300
"p330","ssp585","EC-Earth3-Veg-LR","2075",0.16,0.25,0.15,61,107.6,4.1981,0.0667,0,0.1,0,0,0,0,0,0,0,0,0,0,0,0.25,17.5932,8.5873,11.697,15.7576,6301
"p330","ssp585","EC-Earth3-Veg-LR","2075",0.05,0.6,0,65,105.48,4.4346,0.05,0,0,0,0.13,0,0,0,0,0,0,0,0,0,0.45,17.4356,9.6422,13.377,17.0397,6302
"p330","ssp585","EC-Earth3-Veg-LR","2075",0.1,0.4,0,63,111.38,4.2483,0.15,0,0.5,0,0.26,0,0,0,0,0.1,0,0,0,0.15,0.25,17.0512,8.6656,16.1677,16.758,6303
"p330","ssp585","EC-Earth3-Veg-LR","2075",0.31,0,0,62,105.19,4.2401,0.1333,0,0,0,0.08,0,0,0,0,0.2,0,0,0,0,0.2,15.9921,10.5073,11.3955,16.1385,6304
"p330","ssp585","EC-Earth3-Veg-LR","2075",0.18,0.25,0,65,105.24,4.3346,0.0667,0,0.05,0,0.09,0,0,0,0,0,0,0,0,0,0.3,17.6216,9.2859,14.8015,15.6603,6305
"p330","ssp585","EC-Earth3-Veg-LR","2075",0.26,0.1,0.1,59,106.54,4.4099,0.05,0,0.4,0.05,0,0,0,0,0,0,0,0,0,0,0.3,16.5563,8.9928,9.5775,15.5645,6306
"p330","ssp585","EC-Earth3-Veg-LR","2075",0.21,0.6,0,58,104.34,4.2852,0.05,0,0.15,0,0.12,0,0,0,0,0,0,0,0,0,0.05,17.4517,8.4423,11.387,13.7935,6307
"p330","ssp585","EC-Earth3-Veg-LR","2075",0.34,0.55,0,42,102.73,4.4087,0.0667,0,0.25,0,0.06,0,0,0,0,0,0,0.1,0,0,0.6,16.1908,9.3729,12.537,20.0655,6308
"p330","ssp585","EC-Earth3-Veg-LR","2075",0.41,0.2,0,84,103.94,3.7796,0.0667,0,0.25,0,0.1,0,0,0,0,0,0,0,0,0,0.2,18.7326,6.9258,14.7933,15.9432,6309
"p330","ssp585","EC-Earth3-Veg-LR","2075",0.29,0.7,0,61,108.24,4.4836,0.1667,0,0.35,0,0.16,0,0,0,0,0,0,0,0,0,0.1,18.1102,7.9258,14.4167,16.0109,6310
"p330","ssp585","EC-Earth3-Veg-LR","2075",0.13,0.4,0.15,74,102.28,4.262,0.0667,0,0.1,0,0.14,0,0,0,0,0,0,0,0,0,0.15,18.8151,10.3776,15.3948,16.4489,6311
"p330","ssp585","EC-Earth3-Veg-LR","2075",0.23,0,0.1,42,98.61,4.226,0.0333,0,0.35,0,0,0,0,0,0,0,0,0,0,0,0.15,14.9374,9.0128,12.8307,17.8853,6312
"p330","ssp585","EC-Earth3-Veg-LR","2075",0.24,0.55,0,66,106.39,4.36,0.2333,0,0.15,0,0.1,0,0,0,0,0.15,0,0,0,0,0.2,18.2886,11.3101,15.6182,15.1093,6313
"p330","ssp585","EC-Earth3-Veg-LR","2075",0.27,0,0,54,102.68,4.5958,0.1833,0,0,0,0.12,0,0,0,0,0.15,0,0,0,0.15,0.3,16.3166,11.2665,14.8385,16.1747,6314
"p330","ssp585","EC-Earth3-Veg-LR","2075",0.1,0.25,0,64,108.09,4.2811,0.0833,0,0.05,0,0.05,0,0,0,0,0.3,0,0.05,0,0,0.3,16.9351,9.3869,14.3245,19.3173,6315
"p330","ssp585","EC-Earth3-Veg-LR","2075",0.17,0,0.1,58,106.17,4.2378,0.0667,0,0.2,0,0.12,0,0,0,0,0.25,0,0,0,0.15,0.65,16.5819,9.0536,15.8452,17.3076,6316
"p330","ssp585","EC-Earth3-Veg-LR","2075",0.13,0.2,0,58,109.23,4.1711,0.0667,0,0.1,0,0.11,0,0,0,0,0,0,0,0,0,0.35,16.6696,10.5131,16.1087,16.2925,6317
"p330","ssp585","EC-Earth3-Veg-LR","2075",0.18,0.4,0,51,101.36,4.0719,0.0167,0,0.6,0,0,0,0,0,0,0.1,0,0,0,0,0.1,15.7981,6.3839,10.0607,15.0552,6318
"p330","ssp585","EC-Earth3-Veg-LR","2075",0.32,0.45,0,55,106.15,4.0244,0.0667,0,0.65,0,0.07,0,0,0,0,0.1,0,0,0,0,0.15,16.9224,7.5487,11.2728,15.8355,6319
"p330","ssp585","EC-Earth3-Veg-LR","2075",0.17,0.45,0,67,100.35,4.6152,0.0333,0,0.85,0,0,0,0,0,0,0,0,0,0,0,0.65,18.1751,7.6932,13.676,18.6492,6320
"p330","ssp585","EC-Earth3-Veg-LR","2075",0.2,0.3,0,68,100.6,3.8881,0.1,0,0.05,0,0.07,0,0,0,0,0.1,0,0,0,0,0.9,18.041,8.6647,13.9942,17.6735,6321
"p330","ssp585","EC-Earth3-Veg-LR","2075",0.15,0,0,39,97.45,4.1368,0.0667,0,0,0,0.06,0,0,0,0,0,0,0,0,0,0.4,15.2777,10.4387,16.6942,18.9,6322
"p330","ssp585","EC-Earth3-Veg-LR","2075",0.16,0.4,0,52,108.12,4.1408,0.1,0,0.1,0.05,0.06,0,0,0,0,0,0,0,0,0,0.15,16.4603,10.4973,10.8117,14.2577,6323
"p330","ssp585","EC-Earth3-Veg-LR","2075",0.38,0,0,60,109.01,3.8114,0.0167,0,0.2,0,0,0,0,0,0,0,0,0,0,0.15,0.15,16.455,8.0765,13.1643,18.2864,6324
"p330","ssp585","EC-Earth3-Veg-LR","2075",0.16,0,0,46,112.58,4.3867,0.0667,0,0.15,0.05,0,0,0,0,0,0.1,0,0,0,0,0.2,17.1018,8.6018,11.3248,15.3613,6325
"p330","ssp585","EC-Earth3-Veg-LR","2075",0.25,0.45,0,65,107.14,4.1866,0.1,0,0.1,0,0.06,0,0,0,0,0.1,0,0,0,0.15,0.3,18.7196,8.3444,15.1202,16.502,6326
"p330","ssp585","EC-Earth3-Veg-LR","2075",0.32,0.15,0,50,99.3,4.3165,0.05,0,0.45,0,0.11,0,0,0,0,0,0,0.05,0,0.15,0.6,15.7234,7.8047,15.7533,18.4273,6327
"p330","ssp585","EC-Earth3-Veg-LR","2075",0,0,0,53,103.01,4.233,0.05,0,0,0,0.05,0,0,0,0,0.15,0,0,0,0,0.15,16.0286,10.6582,11.5647,16.37,6328
"p330","ssp585","EC-Earth3-Veg-LR","2075",0.22,0.4,0,62,108.15,4.3705,0.0167,0,0.35,0,0,0,0,0,0,0,0,0,0,0,0.1,17.4021,8.4992,12.9302,14.7666,6329
"p330","ssp585","EC-Earth3-Veg-LR","2075",0.32,0,0,50,103.97,4.2655,0.0333,0,1,0,0.12,0,0,0,0,0,0,0,0,0,0.3,15.8927,5.1452,14.169,17.2886,6330
"p330","ssp585","EC-Earth3-Veg-LR","2075",0.15,0.1,0.1,57,110.54,4.3025,0.0667,0,0.4,0,0,0,0,0,0,0,0,0,0,0.15,0.1,16.8767,6.5327,14.6538,13.4206,6331
"p330","ssp585","EC-Earth3-Veg-LR","2075",0.41,0.6,0,67,99.81,4.3695,0.0667,0,0,0,0.12,0,0,0,0,0,0,0,0,0,0.3,18.0485,8.7977,9.8715,15.4571,6332
"p330","ssp585","EC-Earth3-Veg-LR","2075",0.32,0.3,0,65,106.62,4.4478,0.05,0,0.15,0,0,0,0,0,0,0.15,0,0,0,0,0.4,17.1689,9.595,16.674,16.5234,6333
"p330","ssp585","EC-Earth3-Veg-LR","2075",0.21,0,0,61,87.82,4.2846,0.1167,0,0.35,0,0.12,0,0,0,0,0,0,0,0,0.15,0.4,16.4225,10.9489,14.491,17.5273,6334
"p330","ssp585","EC-Earth3-Veg-LR","2075",0.43,0.25,0,61,103.04,4.4175,0.1,0,0.1,0,0.06,0,0,0,0,0,0,0,0,0.15,0.6,17.1446,8.7939,10.8825,16.5045,6335
"p330","ssp585","EC-Earth3-Veg-LR","2075",0.37,0.75,0,56,113.28,4.4912,0.0833,0,0.3,0,0.12,0,0,0,0,0,0,0,0,0,0,17.6524,8.664,13.2375,12.178,6336
"p330","ssp585","EC-Earth3-Veg-LR","2075",0.25,0.7,0,55,99.74,4.0962,0.15,0,0.2,0,0.07,0,0,0,0,0.3,0,0,0.05,0,0.3,16.5724,9.6401,15.2923,16.3544,6337
"p330","ssp585","EC-Earth3-Veg-LR","2075",0.15,0.3,0,58,111.12,3.6591,0.0167,0,0.45,0,0.06,0,0,0,0,0.2,0,0,0,0,0.25,16.142,6.3258,13.7478,18.0579,6338
"p330","ssp585","EC-Earth3-Veg-LR","2075",0.27,0.55,0,55,102.44,4.022,0.0167,0,1,0,0.05,0,0,0.2,0,0,0,0,0,0,0.5,17.0312,4.0397,16.4897,18.1873,6339
"p330","ssp585","EC-Earth3-Veg-LR","2075",0.33,0,0,58,106.13,4.3944,0.05,0,0.15,0,0.21,0,0,0,0,0,0,0,0,0,0.25,15.7207,9.8525,16.7075,16.9629,6340
"p330","ssp585","EC-Earth3-Veg-LR","2075",0.29,0.4,0,70,98.94,4.1643,0.0667,0,0.1,0,0.05,0,0,0,0,0,0,0,0,0,0.35,18.2619,8.839,11.456,17.2874,6341
"p330","ssp585","EC-Earth3-Veg-LR","2075",0.16,0.35,0,58,93.53,4.305,0.1333,0,0.25,0,0,0,0,0,0,0,0,0.1,0,0,0.2,16.799,8.6445,13.8235,16.0564,6342
"p330","ssp585","EC-Earth3-Veg-LR","2075",0.16,0.35,0,42,109.15,4.0252,0.0833,0,0.55,0,0,0,0,0,0,0,0,0,0,0,0.3,16.2534,7.9056,11.4608,16.1791,6343
"p330","ssp585","EC-Earth3-Veg-LR","2075",0.29,0.7,0,77,103.17,4.4011,0.0667,0,0.15,0,0.07,0,0,0,0,0.35,0,0,0,0,0.05,18.6603,9.3602,12.304,14.2059,6344
"p330","ssp585","EC-Earth3-Veg-LR","2075",0.15,0.5,0,47,112.68,4.1739,0.0167,0,0.75,0,0.06,0,0,0,0,0.3,0,0,0,0.15,0.2,15.1125,5.3603,13.4338,14.1447,6345
"p330","ssp585","EC-Earth3-Veg-LR","2075",0.23,0.7,0,51,106.95,4.4773,0.1333,0,0,0,0.05,0,0,0,0,0,0,0,0,0,0.3,16.9184,9.5908,10.656,15.3503,6346
"p330","ssp585","EC-Earth3-Veg-LR","2075",0.38,0.45,0,65,101.42,4.4097,0.2167,0,0.05,0,0.07,0,0,0,0,0.1,0,0,0,0,0.25,17.2326,11.0131,13.2435,15.7283,6347
"p330","ssp585","EC-Earth3-Veg-LR","2075",0.19,0.4,0,50,105.46,4.538,0.0667,0,0,0,0.05,0,0,0,0,0,0,0.05,0.05,0,0.55,16.8136,9.6517,12.34,17.3206,6348
"p330","ssp585","EC-Earth3-Veg-LR","2075",0.15,0,0,59,114.96,4.4152,0.05,0,0,0,0.17,0,0,0,0,0.1,0,0,0,0,0.25,17.0576,9.9295,14.1358,15.8566,6349
"p330","ssp585","EC-Earth3-Veg-LR","2075",0.11,0.15,0,58,105.74,4.2099,0.0833,0,1,0,0.17,0,0,0,0,0,0,0,0,0,0.35,16.7387,3.7239,12.6618,19.1089,6350
"p330","ssp585","EC-Earth3-Veg-LR","2075",0.43,0,0,56,108.95,4.0377,0,0,0.6,0,0.1,0.05,0,0,0,0.15,0,0.05,0,0,0.35,16.209,5.8242,15.1023,17.4259,6351
"p330","ssp585","EC-Earth3-Veg-LR","2075",0.12,0.15,0,51,106.31,4.0691,0,0,0.5,0,0.05,0,0,0,0,0.15,0,0,0,0,0.05,15.641,6.6606,13.3945,14.2061,6352
"p330","ssp585","EC-Earth3-Veg-LR","2075",0.11,0.15,0,65,113.06,3.6993,0.1667,0,0.6,0,0.17,0,0,0,0,0.25,0,0,0,0.15,0.25,17.3023,6.3685,16.1265,16.9941,6353
"p330","ssp585","EC-Earth3-Veg-LR","2075",0.29,0.2,0,49,112.52,3.9195,0,0,1,0,0.06,0,0,0,0,0,0,0,0,0,0.2,15.8647,4.665,11.7615,17.5212,6354
"p330","ssp585","EC-Earth3-Veg-LR","2075",0.39,0.35,0,67,106.92,4.2109,0.0333,0,0.3,0,0.1,0,0,0,0,0,0,0,0,0.15,0.5,17.5636,10.2845,14.6753,15.8355,6355
"p330","ssp585","EC-Earth3-Veg-LR","2075",0.22,0,0,69,104.95,4.302,0.0667,0,0.05,0,0.07,0,0,0,0,0,0,0.2,0.05,0,0.15,17.6584,8.8672,12.9047,18.325,6356
"p330","ssp585","EC-Earth3-Veg-LR","2075",0.07,0,0,57,102.63,4.2623,0.1167,0,0,0,0.06,0,0,0,0,0,0,0,0,0,0.45,16.7753,12.0909,10.5768,16.2854,6357
"p330","ssp585","EC-Earth3-Veg-LR","2075",0.33,0,0.1,45,112.74,4.4697,0.1167,0,0.25,0,0.07,0,0,0.3,0,0,0,0,0.05,0.15,0.35,14.9596,9.1033,18.1088,16.4721,6358
"p330","ssp585","EC-Earth3-Veg-LR","2075",0.17,0.35,0,56,107.75,4.1244,0.0833,0,0.15,0,0.08,0,0,0,0,0.1,0,0,0,0,0.45,17.2166,7.734,13.0807,17.4812,6359
"p330","ssp585","EC-Earth3-Veg-LR","2075",0.37,0.75,0,57,111.84,4.1201,0.0667,0,0.6,0,0.1,0,0,0,0,0.15,0,0,0,0.15,0.9,17.2192,6.6367,13.203,17.7624,6360
"p330","ssp585","EC-Earth3-Veg-LR","2075",0.37,0.9,0,66,100.53,4.63,0.0667,0,0.15,0.05,0.14,0,0,0,0,0,0,0,0,0,0.2,17.9768,8.4506,12.7467,15.4881,6361
"p330","ssp585","EC-Earth3-Veg-LR","2075",0.29,0.4,0.1,53,103.8,4.5335,0.1833,0,0,0.05,0.09,0,0,0,0,0,0,0,0,0,0.05,15.9498,10.9848,13.316,13.1498,6362
"p330","ssp585","EC-Earth3-Veg-LR","2075",0.33,0,0,31,101.97,4.397,0.05,0,0.4,0,0.05,0,0,0,0,0.1,0,0,0,0.15,0.25,13.2892,7.7253,14.8403,17.2508,6363
"p330","ssp585","EC-Earth3-Veg-LR","2075",0.36,0,0,42,103.02,4.443,0.0667,0,0.05,0,0.06,0,0,0,0,0.1,0,0,0,0,0.3,14.4516,10.2365,13.0403,17.5477,6364
"p330","ssp585","EC-Earth3-Veg-LR","2075",0.1,0,0,51,116.3,4.0048,0.0833,0,0.05,0,0,0,0,0,0,0,0,0.15,0,0,0.35,16.4281,8.9461,12.046,21.1157,6365
"p330","ssp585","EC-Earth3-Veg-LR","2075",0.15,0,0.3,54,111.88,4.4354,0.0833,0,0.1,0,0,0,0,0,0,0.3,0,0,0,0,0.2,16.2407,8.0581,16.0942,18.9085,6366
"p330","ssp585","EC-Earth3-Veg-LR","2075",0.37,0.5,0,63,98.43,3.9791,0.0333,0,0,0,0.13,0,0,0,0,0,0,0,0,0.15,0.3,16.6342,8.7982,13.2162,17.5688,6367
"p330","ssp585","EC-Earth3-Veg-LR","2075",0.14,0.3,0.3,66,106.3,4.3238,0.0667,0,0.65,0,0.11,0,0,0,0,0,0,0.05,0,0,0.55,17.5853,7.9077,11.014,18.082,6368
"p330","ssp585","EC-Earth3-Veg-LR","2075",0.29,0.5,0,56,98.09,4.0662,0.0333,0,0.1,0,0.07,0.05,0,0,0,0,0,0,0,0,0.35,16.6824,10.1578,13.3525,18.9454,6369
"p330","ssp585","EC-Earth3-Veg-LR","2075",0.45,0.25,0,71,101.08,4.2712,0.15,0,0.35,0,0.14,0,0,0,0,0,0,0,0,0,0.2,18.5192,9.1296,13.875,16.5971,6370
"p330","ssp585","EC-Earth3-Veg-LR","2075",0.18,0,0.1,59,100.02,4.1286,0.1333,0,0.4,0,0.12,0,0,0,0,0,0,0,0,0.15,0.4,16.287,7.5082,12.5372,15.6852,6371
"p330","ssp585","EC-Earth3-Veg-LR","2075",0.23,0,0,63,112.53,3.9267,0.0667,0,0.05,0,0,0,0,0,0,0,0,0.05,0.05,0,0.4,16.8614,9.6413,11.4005,17.8711,6372
"p330","ssp585","EC-Earth3-Veg-LR","2075",0.12,0.1,0.15,60,115.86,4.317,0.0167,0,0.75,0,0.13,0,0,0,0,0,0,0.1,0,0,0.95,17.7092,6.6852,15.368,19.0803,6373
"p330","ssp585","EC-Earth3-Veg-LR","2075",0.33,0.6,0,63,107.05,4.1979,0.1167,0,0,0,0.12,0,0,0,0,0,0,0,0,0.15,0.2,18.2732,10.5815,14.3528,18.5197,6374
"p330","ssp585","EC-Earth3-Veg-LR","2075",0.3,0.4,0,60,99.25,4.1209,0.1,0,0.1,0,0.12,0,0,0,0,0.15,0,0,0,0,0.25,16.9306,10.0628,14.4203,15.0558,6375
"p330","ssp585","EC-Earth3-Veg-LR","2075",0.17,0,0,61,108.28,4.6637,0.1,0,0.05,0,0.05,0,0,0,0,0,0,0,0,0,0.25,16.3144,9.0772,14.7423,15.8465,6376
"p330","ssp585","EC-Earth3-Veg-LR","2075",0.2,0.1,0,66,99.49,4.2093,0.1167,0,0,0,0.06,0,0,0,0,0.2,0,0,0,0,0.15,17.6016,8.9752,13.6048,15.7769,6377
"p330","ssp585","EC-Earth3-Veg-LR","2075",0.43,0.5,0,57,105.92,4.165,0,0,0.15,0,0.1,0,0,0,0,0.15,0,0,0,0,0.5,17.4327,8.6483,13.678,17.428,6378
"p330","ssp585","EC-Earth3-Veg-LR","2075",0.43,0,0,46,101.52,3.9713,0.0667,0,0.25,0,0,0,0,0,0,0.15,0,0,0,0,0.8,15.2661,8.83,12.978,18.1602,6379
"p330","ssp585","EC-Earth3-Veg-LR","2075",0.24,0.2,0.2,58,82.1,4.2379,0.1167,0,0,0,0.17,0,0,0,0,0,0,0,0,0.15,0.45,17.3865,11.6789,12.9862,16.0444,6380
"p330","ssp585","EC-Earth3-Veg-LR","2075",0.24,0.45,0,63,107.55,3.9811,0.1167,0,0.05,0,0.05,0,0,0,0,0,0,0,0,0,0.4,18.1419,11.5605,13.6667,15.5809,6381
"p330","ssp585","EC-Earth3-Veg-LR","2075",0.22,0.25,0,61,99.48,4.2814,0.0833,0,0.7,0,0.05,0,0,0,0,0.15,0,0.1,0,0,0.3,18.5146,6.4123,12.0755,18.5823,6382
"p330","ssp585","EC-Earth3-Veg-LR","2075",0.25,0.4,0,56,111.48,4.3612,0.0667,0,0.1,0,0.1,0,0,0,0,0.1,0,0.25,0.05,0.15,0.15,16.5104,7.8502,12.4665,17.1421,6383
"p330","ssp585","EC-Earth3-Veg-LR","2075",0.29,0.65,0,36,98.8,4.5021,0.15,0,0.15,0,0.05,0,0,0,0,0,0,0,0,0.15,0.45,15.0699,9.1998,10.8567,18.8774,6384
"p330","ssp585","EC-Earth3-Veg-LR","2075",0.22,1,0,58,107.12,4.2708,0.0833,0,0.2,0,0.06,0,0,0.1,0,0,0,0,0,0,0.05,17.7131,7.5484,15.1028,16.4697,6385
"p330","ssp585","EC-Earth3-Veg-LR","2075",0.27,0.15,0,61,101.12,4.1125,0.0667,0,0.5,0,0.14,0,0,0,0,0.1,0,0.05,0.05,0,0.2,17.5497,7.8487,13.9753,16.9974,6386
"p330","ssp585","EC-Earth3-Veg-LR","2075",0.36,0.35,0,58,110.92,4.4723,0.1167,0,0.25,0,0.09,0,0,0,0,0,0,0,0.05,0.15,0.85,16.7428,7.9322,14.3582,17.6462,6387
"p330","ssp585","EC-Earth3-Veg-LR","2075",0.34,0.6,0,56,110.02,4.243,0.1,0,0,0,0.1,0,0,0,0,0.1,0,0,0,0,0.2,18.1929,9.8643,13.8617,16.9882,6388
"p330","ssp585","EC-Earth3-Veg-LR","2075",0.25,0,0,62,108.96,4.6432,0.1167,0,0.1,0,0.11,0,0,0,0,0,0,0,0,0,0.25,16.4237,9.2213,12.7975,15.7743,6389
"p330","ssp585","EC-Earth3-Veg-LR","2075",0.19,0,0,42,110.82,4.1928,0,0,0.6,0,0.06,0,0,0,0,0,0,0,0,0,0.2,15.1769,5.8293,13.0748,15.5094,6390
"p330","ssp585","EC-Earth3-Veg-LR","2075",0.21,0.3,0,59,114.45,4.2998,0.0667,0,0.1,0,0.06,0,0,0,0,0.1,0,0,0,0,0.3,17.3075,8.0576,13.9785,14.0609,6391
"p330","ssp585","EC-Earth3-Veg-LR","2075",0.16,0,0,40,99.24,4.1325,0.0833,0,0.25,0,0.16,0,0,0,0,0,0,0,0,0,0.5,15.0682,8.1676,13.0863,17.2933,6392
"p330","ssp585","EC-Earth3-Veg-LR","2075",0.06,0.3,0,49,104.43,4.6217,0.25,0,0,0,0.1,0,0,0,0,0,0,0,0,0.15,0.25,15.4201,11.2628,12.1368,15.4006,6393
"p330","ssp585","EC-Earth3-Veg-LR","2075",0.27,0.7,0,62,104.96,4.1381,0.05,0,0.05,0,0.09,0,0,0,0,0,0,0,0,0,0.1,17.711,8.7552,12.1605,15.0018,6394
"p330","ssp585","EC-Earth3-Veg-LR","2075",0,0.1,0.1,54,106.4,4.3006,0.15,0,0.4,0,0.13,0,0,0,0,0,0,0,0,0.6,0.4,16.9573,10.2127,15.0325,17.2659,6395
"p330","ssp585","EC-Earth3-Veg-LR","2075",0.32,0.9,0,66,112.53,4.2311,0.0333,0,0.6,0,0.11,0,0,0,0,0,0,0,0,0,0.25,18.5092,6.5384,15.9247,18.0098,6396
"p330","ssp585","EC-Earth3-Veg-LR","2075",0.05,0,0,76,113.05,4.2426,0.1,0,0.3,0,0.08,0,0,0,0,0.2,0,0,0,0,0.1,17.5665,7.3283,16.5552,15.5847,6397
"p330","ssp585","EC-Earth3-Veg-LR","2075",0.2,0.4,0,50,108.62,4.2621,0.1167,0,0.05,0,0.15,0,0,0,0,0,0,0,0,0,0,16.2113,10.1574,14.232,13.6545,6398
"p330","ssp585","EC-Earth3-Veg-LR","2075",0.27,0,0,77,97.16,4.021,0.0667,0,0.3,0,0,0,0,0,0,0,0,0,0,0,0.2,18.0098,9.4553,10.7232,17.1942,6399
"p330","ssp585","EC-Earth3-Veg-LR","2075",0.3,0.3,0,75,106.8,4.2483,0,0,0.15,0,0.1,0,0,0,0,0,0,0,0,0,0.4,18.7757,8.392,12.9585,13.955,6400
"p330","ssp585","FGOALS-g3","2075",0.16,0,0,52,105.46,4.5322,0.1167,0,0.25,0,0,0,0,0,0,0,0,0,0,0,0.25,15.7598,8.1791,11.8058,15.3571,6401
"p330","ssp585","FGOALS-g3","2075",0.05,0.35,0,51,107.26,4.8197,0.0667,0,0,0,0.13,0,0,0,0,0,0,0,0,0,0.45,15.5975,9.2247,13.4895,16.667,6402
"p330","ssp585","FGOALS-g3","2075",0.15,0,0,44,110.46,4.6102,0.15,0,0.6,0,0.26,0,0,0,0,0.1,0,0,0,0,0.25,15.2067,8.2392,16.2818,16.3918,6403
"p330","ssp585","FGOALS-g3","2075",0.31,0,0,47,103.25,4.5899,0.2167,0,0,0,0.08,0,0,0,0,0.2,0,0,0,0,0.2,14.1418,10.0679,11.5143,15.7782,6404
"p330","ssp585","FGOALS-g3","2075",0.18,0,0,61,108.29,4.7032,0.1167,0,0.1,0,0.09,0,0,0,0,0,0,0,0,0,0.25,15.7893,8.879,14.91,15.2585,6405
"p330","ssp585","FGOALS-g3","2075",0.28,0.1,0.1,47,110.82,4.7849,0.0833,0,0.5,0.05,0,0,0,0,0,0,0,0,0,0,0.4,14.7188,8.5775,9.689,15.1892,6406
"p330","ssp585","FGOALS-g3","2075",0.21,0.1,0,45,101.49,4.6478,0.0667,0,0.3,0,0.12,0,0,0,0,0,0,0,0,0,0.05,15.6082,8.0178,11.502,13.4268,6407
"p330","ssp585","FGOALS-g3","2075",0.34,0.45,0,36,99.94,4.7816,0.0833,0,0.3,0,0.06,0,0,0,0,0,0,0.05,0.05,0,0.5,14.3419,8.9351,12.6562,19.7026,6408
"p330","ssp585","FGOALS-g3","2075",0.41,0,0,73,96.94,4.1153,0.0667,0,0.5,0,0.1,0,0,0,0,0,0,0,0.05,0,0.15,16.9021,6.5214,14.901,15.5399,6409
"p330","ssp585","FGOALS-g3","2075",0.3,0.35,0,55,102.43,4.8618,0.2,0,0.5,0,0.16,0,0,0,0,0,0,0,0,0,0.15,16.2733,7.5122,14.5265,15.6345,6410
"p330","ssp585","FGOALS-g3","2075",0.13,0.2,0.15,65,98.11,4.6126,0.1167,0,0.1,0,0.14,0,0,0,0,0,0,0,0,0,0.15,16.9729,9.9547,15.5085,16.0803,6411
"p330","ssp585","FGOALS-g3","2075",0.23,0,0,22,102.52,4.5956,0.05,0,0.35,0,0,0,0,0,0,0,0,0,0,0,0.2,13.0898,8.5763,12.9487,17.5214,6412
"p330","ssp585","FGOALS-g3","2075",0.24,0.3,0,56,106.36,4.724,0.2833,0,0.15,0,0.1,0,0,0,0,0.15,0,0,0,0,0.25,16.4595,10.9076,15.7262,14.7041,6413
"p330","ssp585","FGOALS-g3","2075",0.26,0,0,48,102.12,4.9706,0.2167,0,0,0,0.12,0,0,0,0,0.15,0,0,0,0,0.25,14.4815,10.8545,14.9492,15.7962,6414
"p330","ssp585","FGOALS-g3","2075",0.1,0,0,50,107.85,4.644,0.1,0,0.1,0,0.05,0,0,0,0,0.3,0,0.1,0,0,0.3,15.0941,8.9661,14.4378,18.9471,6415
"p330","ssp585","FGOALS-g3","2075",0.17,0,0,44,107.19,4.5868,0.1333,0,0.25,0,0.12,0,0,0,0,0.25,0,0,0,0,0.6,14.7356,8.6196,15.9615,16.9415,6416
"p330","ssp585","FGOALS-g3","2075",0.13,0,0,47,107.51,4.5123,0.1167,0,0.2,0,0.11,0,0,0,0,0,0,0,0,0,0.3,14.8412,10.112,16.215,15.8859,6417
"p330","ssp585","FGOALS-g3","2075",0.18,0,0,45,96.21,4.4345,0.0167,0,0.75,0,0,0,0,0,0,0,0,0,0,0,0.1,13.9649,5.9737,10.1712,14.6761,6418
"p330","ssp585","FGOALS-g3","2075",0.32,0.4,0,45,103.21,4.3799,0.0833,0,0.8,0,0.07,0,0,0,0,0,0,0,0,0,0.15,15.0831,7.1294,11.3852,15.4633,6419
"p330","ssp585","FGOALS-g3","2075",0.17,0.25,0,56,103.84,5.0046,0.05,0,0.95,0,0,0,0,0,0,0,0,0,0,0,0.65,16.3297,7.2611,13.7928,18.2811,6420
"p330","ssp585","FGOALS-g3","2075",0.2,0.15,0,55,97.84,4.2247,0.1333,0,0.1,0,0.07,0,0,0,0,0.1,0,0,0.05,0,0.7,16.2145,8.2659,14.1002,17.2656,6421
"p330","ssp585","FGOALS-g3","2075",0.16,0,0,30,98.53,4.485,0.1333,0,0.05,0,0.06,0,0,0,0,0,0,0,0,0,0.3,13.4452,10.0299,16.8038,18.5195,6422
"p330","ssp585","FGOALS-g3","2075",0.16,0.35,0,39,108.46,4.4893,0.1833,0,0.2,0.05,0.06,0,0,0,0,0,0,0,0,0,0.15,14.6218,10.0797,10.9232,13.8847,6423
"p330","ssp585","FGOALS-g3","2075",0.43,0,0,48,103.87,4.1367,0.05,0,0.3,0,0,0,0,0,0,0,0,0,0,0.15,0.15,14.6107,7.646,13.279,17.9177,6424
"p330","ssp585","FGOALS-g3","2075",0.16,0,0,39,110.24,4.7732,0.0833,0,0.35,0.05,0,0,0,0,0,0.1,0,0,0,0,0.2,15.2763,8.2044,11.4302,14.9519,6425
"p330","ssp585","FGOALS-g3","2075",0.25,0.3,0,54,107.9,4.5645,0.1667,0,0.1,0,0.06,0,0,0,0,0,0,0,0,0,0.3,16.8882,7.9374,15.2292,16.1206,6426
"p330","ssp585","FGOALS-g3","2075",0.32,0,0,39,92.22,4.6772,0.1,0,0.5,0,0.11,0,0,0,0,0,0,0.05,0,0,0.55,13.8855,7.3891,15.8648,18.0527,6427
"p330","ssp585","FGOALS-g3","2075",0,0,0,43,105.09,4.6052,0.1167,0,0,0,0.05,0,0,0,0,0.15,0,0,0,0,0.15,14.1853,10.2298,11.6795,15.9997,6428
"p330","ssp585","FGOALS-g3","2075",0.22,0,0,43,107.39,4.7489,0.0667,0,0.35,0,0,0,0,0,0,0,0,0,0,0,0.05,15.5779,8.1031,13.0347,14.3557,6429
"p330","ssp585","FGOALS-g3","2075",0.32,0,0,34,105.85,4.6342,0.05,0,1,0,0.12,0,0,0,0,0,0,0,0,0,0.2,14.0616,4.7413,14.276,16.9052,6430
"p330","ssp585","FGOALS-g3","2075",0.15,0,0.1,48,111.66,4.6635,0.0833,0,0.65,0,0.05,0,0,0,0,0,0,0,0,0,0.2,15.0398,6.1188,14.7647,13.0445,6431
"p330","ssp585","FGOALS-g3","2075",0.41,0,0,59,97.29,4.7638,0.0833,0,0,0,0.12,0,0,0,0,0,0,0,0,0,0.15,16.2065,8.371,9.9855,15.0844,6432
"p330","ssp585","FGOALS-g3","2075",0.32,0,0,55,101.68,4.8389,0.1333,0,0.2,0,0,0,0,0,0,0.15,0,0,0,0,0.4,15.3452,9.2016,16.7787,16.1104,6433
"p330","ssp585","FGOALS-g3","2075",0.21,0,0,43,91.5,4.6438,0.1333,0,0.35,0,0.12,0,0,0,0,0,0,0,0,0.15,0.4,14.5929,10.5462,14.5972,17.142,6434
"p330","ssp585","FGOALS-g3","2075",0.43,0,0,49,102.34,4.7686,0.1333,0,0.2,0,0.06,0,0,0,0,0,0,0,0,0,0.6,15.3092,8.381,10.9927,16.1273,6435
"p330","ssp585","FGOALS-g3","2075",0.37,0.5,0,51,112.11,4.8742,0.0833,0,0.3,0,0.12,0,0,0,0,0,0,0,0,0,0,15.8114,8.2397,13.352,11.8053,6436
"p330","ssp585","FGOALS-g3","2075",0.25,0.25,0,41,98.78,4.4352,0.2,0,0.3,0,0.07,0,0,0,0,0.3,0,0,0.05,0,0.25,14.7503,9.2482,15.3965,15.941,6437
"p330","ssp585","FGOALS-g3","2075",0.15,0.15,0,38,105.13,3.9605,0.0167,0,0.6,0,0.06,0,0,0,0,0.15,0,0,0,0,0.25,14.3137,5.9242,13.8543,17.6711,6438
"p330","ssp585","FGOALS-g3","2075",0.27,0.1,0,46,95.33,4.3648,0.0333,0,1,0,0.05,0,0,0.2,0,0,0,0,0,0,0.4,15.1974,3.6292,16.5998,17.8077,6439
"p330","ssp585","FGOALS-g3","2075",0.33,0,0,44,105.03,4.7607,0.0833,0,0.15,0,0.21,0,0,0,0,0,0,0,0,0,0.15,13.8809,9.4293,16.8203,16.5873,6440
"p330","ssp585","FGOALS-g3","2075",0.29,0.2,0,65,89.8,4.4877,0.1,0,0.2,0,0.05,0,0,0,0,0,0,0,0,0,0.25,16.441,8.4489,11.5602,16.8719,6441
"p330","ssp585","FGOALS-g3","2075",0.16,0,0,40,90.47,4.6845,0.1833,0,0.3,0,0,0,0,0,0,0,0,0.1,0,0,0.2,14.972,8.2454,13.9297,15.6677,6442
"p330","ssp585","FGOALS-g3","2075",0.16,0.15,0,36,107.21,4.3525,0.1167,0,0.6,0,0,0,0,0,0,0,0,0,0,0,0.25,14.4204,7.4972,11.5698,15.7985,6443
"p330","ssp585","FGOALS-g3","2075",0.29,0.35,0,62,102.64,4.7669,0.0833,0,0.2,0,0.07,0,0,0,0,0.35,0,0,0,0,0.05,16.8222,8.9396,12.4172,13.8297,6444
"p330","ssp585","FGOALS-g3","2075",0.15,0.25,0,36,107.76,4.5283,0.0667,0,1,0,0.06,0,0,0,0,0.3,0,0,0,0,0.2,13.2925,4.972,13.5368,13.7272,6445
"p330","ssp585","FGOALS-g3","2075",0.23,0.1,0,46,104.55,4.8614,0.15,0,0,0,0.05,0,0,0,0,0,0,0,0,0,0.3,15.0927,9.1936,10.7612,14.9611,6446
"p330","ssp585","FGOALS-g3","2075",0.38,0,0,56,98.77,4.7884,0.2667,0,0.1,0,0.07,0,0,0,0,0.1,0,0,0,0,0.2,15.4012,10.6055,13.3505,15.3453,6447
"p330","ssp585","FGOALS-g3","2075",0.19,0.15,0,45,107.6,4.923,0.1333,0,0,0,0.05,0,0,0,0,0,0,0,0,0,0.55,14.9762,9.2317,12.452,16.9429,6448
"p330","ssp585","FGOALS-g3","2075",0.15,0,0,42,110.63,4.8085,0.1167,0,0,0,0.17,0,0,0,0,0.1,0,0,0,0,0.25,15.2383,9.5429,14.239,15.4375,6449
"p330","ssp585","FGOALS-g3","2075",0.11,0,0,43,101.88,4.5663,0.1333,0,1,0,0.17,0,0,0,0,0,0,0,0.05,0,0.35,14.9138,3.3286,12.7665,18.7173,6450
"p330","ssp585","FGOALS-g3","2075",0.43,0,0,38,105.65,4.3721,0.0167,0,0.7,0,0.1,0.05,0,0,0,0,0,0.05,0,0,0.25,14.3778,5.4193,15.2098,17.0412,6451
"p330","ssp585","FGOALS-g3","2075",0.12,0,0,36,102.83,4.4179,0.0333,0,0.8,0,0.05,0,0,0,0,0.15,0,0,0,0,0.05,13.8043,6.2429,13.5068,13.8258,6452
"p330","ssp585","FGOALS-g3","2075",0.11,0,0,55,108.03,4.0238,0.2,0,0.8,0,0.17,0,0,0,0,0.25,0,0,0,0,0.15,15.4843,5.9838,16.228,16.5726,6453
"p330","ssp585","FGOALS-g3","2075",0.29,0.15,0,33,108.28,4.251,0.0167,0,1,0,0.06,0,0,0,0,0,0,0,0,0,0.2,14.0409,4.2712,11.8667,17.1277,6454
"p330","ssp585","FGOALS-g3","2075",0.39,0.2,0,51,104.01,4.568,0.1,0,0.3,0,0.1,0,0,0,0,0,0,0,0,0,0.4,15.7341,9.8816,14.7832,15.4498,6455
"p330","ssp585","FGOALS-g3","2075",0.22,0,0,55,103.22,4.681,0.1333,0,0.1,0,0.07,0,0,0,0,0,0,0.2,0,0,0.15,15.8226,8.4508,13.017,17.945,6456
"p330","ssp585","FGOALS-g3","2075",0.07,0,0,40,101.65,4.6202,0.1667,0,0,0,0.06,0,0,0,0,0,0,0,0,0,0.45,14.9587,11.7079,10.6772,15.8643,6457
"p330","ssp585","FGOALS-g3","2075",0.33,0,0,24,111.81,4.8404,0.1,0,0.35,0,0.07,0,0,0.3,0,0,0,0,0.05,0,0.35,13.1366,8.7105,18.2132,16.0771,6458
"p330","ssp585","FGOALS-g3","2075",0.12,0.15,0.1,44,104.29,4.4759,0.0667,0,0.25,0,0.08,0,0,0,0,0.1,0,0,0,0,0.4,15.3884,7.333,13.188,17.0948,6459
"p330","ssp585","FGOALS-g3","2075",0.37,0.35,0,53,112.75,4.467,0.0833,0,0.7,0,0.1,0,0,0,0,0.1,0,0,0,0,0.8,15.3852,6.2221,13.3133,17.3806,6460
"p330","ssp585","FGOALS-g3","2075",0.37,0.25,0,50,91.6,5.035,0.0833,0,0.25,0.05,0.15,0,0,0,0,0,0,0,0,0,0.2,16.1609,8.0688,12.8482,15.0649,6461
"p330","ssp585","FGOALS-g3","2075",0.29,0.2,0,39,104.03,4.923,0.25,0,0,0.05,0.09,0,0,0,0,0,0,0,0,0,0.05,14.1282,10.5941,13.4202,12.7527,6462
"p330","ssp585","FGOALS-g3","2075",0.33,0,0,18,97.89,4.7951,0.05,0,0.45,0,0.05,0,0,0,0,0.1,0,0,0,0,0.25,11.4624,7.3259,14.946,16.8627,6463
"p330","ssp585","FGOALS-g3","2075",0.36,0,0,25,101.59,4.8253,0.0667,0,0.05,0,0.06,0,0,0,0,0.1,0,0,0,0,0.2,12.6187,9.8244,13.151,17.1636,6464
"p330","ssp585","FGOALS-g3","2075",0.1,0,0,41,111.74,4.3407,0.1333,0,0.1,0,0,0,0,0,0,0,0,0.15,0,0,0.3,14.6136,8.5668,12.147,20.69,6465
"p330","ssp585","FGOALS-g3","2075",0.15,0,0.15,38,110.69,4.8258,0.0833,0,0.3,0,0,0,0,0,0,0.2,0,0,0,0,0.2,14.4205,7.67,16.198,18.5112,6466
"p330","ssp585","FGOALS-g3","2075",0.38,0.15,0,43,104.43,4.3366,0.05,0,0,0,0.13,0,0,0,0,0,0,0,0.05,0,0.15,14.8084,8.3998,13.3212,17.1794,6467
"p330","ssp585","FGOALS-g3","2075",0.14,0.15,0.25,49,105.06,4.705,0.1,0,0.7,0,0.12,0,0,0,0,0,0,0.05,0.05,0,0.4,15.7536,7.4966,11.1233,17.6961,6468
"p330","ssp585","FGOALS-g3","2075",0.29,0.1,0,45,100.59,4.4311,0.1333,0,0.1,0,0.07,0.05,0,0,0,0,0,0,0,0,0.35,14.8697,9.7796,13.452,18.5191,6469
"p330","ssp585","FGOALS-g3","2075",0.45,0.15,0,62,99.3,4.6261,0.2333,0,0.4,0,0.14,0,0,0,0,0,0,0,0,0,0.05,16.7001,8.7426,13.9768,16.1976,6470
"p330","ssp585","FGOALS-g3","2075",0.18,0,0.1,41,94.39,4.4822,0.1833,0,0.65,0,0.12,0,0,0,0,0,0,0,0,0,0.4,14.4622,7.1124,12.643,15.2938,6471
"p330","ssp585","FGOALS-g3","2075",0.23,0,0,49,110.37,4.2714,0.1167,0,0.15,0,0,0,0,0,0,0,0,0.05,0.05,0,0.35,15.0304,9.2324,11.5102,17.4842,6472
"p330","ssp585","FGOALS-g3","2075",0.11,0,0.15,50,110.84,4.6817,0.0167,0,0.85,0,0.13,0,0,0,0,0,0,0.1,0,0,0.95,15.8975,6.3087,15.4662,18.6516,6473
"p330","ssp585","FGOALS-g3","2075",0.33,0.6,0,51,105.98,4.5458,0.1833,0,0.05,0,0.12,0,0,0,0,0,0,0,0,0,0.15,16.4552,10.1965,14.4552,18.1189,6474
"p330","ssp585","FGOALS-g3","2075",0.3,0.15,0,41,101.82,4.485,0.1333,0,0.1,0,0.12,0,0,0,0,0.15,0,0,0,0,0.1,15.1065,9.6687,14.5243,14.6629,6475
"p330","ssp585","FGOALS-g3","2075",0.12,0,0,33,106.9,5.0658,0.1167,0,0.1,0,0.05,0,0,0,0,0,0,0,0,0,0.2,14.4849,8.6705,14.8508,15.4577,6476
"p330","ssp585","FGOALS-g3","2075",0.2,0,0,53,102.45,4.5799,0.1667,0,0,0,0.06,0,0,0,0,0.2,0,0,0.05,0,0.15,15.791,8.6005,13.7042,15.3472,6477
"p330","ssp585","FGOALS-g3","2075",0.43,0,0,49,101.65,4.5216,0.0333,0,0.3,0,0.1,0,0,0,0,0.15,0,0,0.05,0,0.45,15.6164,8.2654,13.778,17.027,6478
"p330","ssp585","FGOALS-g3","2075",0.38,0,0,33,97.02,4.3093,0.1167,0,0.35,0,0,0,0,0,0,0.15,0,0,0,0,0.5,13.4442,8.4383,13.0827,17.7653,6479
"p330","ssp585","FGOALS-g3","2075",0.24,0,0.1,41,83.17,4.5833,0.2,0,0,0,0.17,0,0,0,0,0,0,0,0,0,0.5,15.5584,11.2779,13.0928,15.6582,6480
"p330","ssp585","FGOALS-g3","2075",0.24,0.1,0,61,105.73,4.3074,0.1667,0,0.05,0,0.05,0,0,0,0,0,0,0,0,0,0.4,16.331,11.1915,13.7635,15.1494,6481
"p330","ssp585","FGOALS-g3","2075",0.22,0.15,0,50,97.15,4.6391,0.1,0,0.75,0,0.05,0,0,0,0,0.15,0,0.15,0,0,0.2,16.6981,6.0345,12.1747,18.1812,6482
"p330","ssp585","FGOALS-g3","2075",0.25,0,0,41,111.4,4.7358,0.0833,0,0.3,0,0.1,0,0,0,0,0.1,0,0.25,0.05,0,0.15,14.6885,7.4633,12.5683,16.7485,6483
"p330","ssp585","FGOALS-g3","2075",0.29,0.2,0,22,97.9,4.8862,0.1833,0,0.2,0,0.05,0,0,0,0,0,0,0,0,0.15,0.4,13.2415,8.7999,10.9635,18.4889,6484
"p330","ssp585","FGOALS-g3","2075",0.22,0.55,0,49,105.81,4.6291,0.1167,0,0.25,0,0.06,0,0,0.1,0,0,0,0.05,0,0,0.05,15.9036,7.1814,15.1983,16.0369,6485
"p330","ssp585","FGOALS-g3","2075",0.27,0.15,0,49,97.21,4.4671,0.1333,0,0.65,0,0.14,0,0,0,0,0.1,0,0.05,0.05,0,0.1,15.7342,7.4726,14.0742,16.595,6486
"p330","ssp585","FGOALS-g3","2075",0.36,0,0,44,108.76,4.8347,0.1167,0,0.4,0,0.09,0,0,0,0,0,0,0,0.05,0,0.7,14.9218,7.5478,14.46,17.2526,6487
"p330","ssp585","FGOALS-g3","2075",0.34,0.4,0,50,111.19,4.6062,0.1333,0,0.05,0,0.1,0,0,0,0,0.1,0,0,0,0,0.2,16.3654,9.467,13.967,16.5991,6488
"p330","ssp585","FGOALS-g3","2075",0.25,0,0,38,107.84,5.0364,0.1667,0,0.1,0,0.11,0,0,0,0,0,0,0,0,0,0.25,14.616,8.8567,12.8922,15.3393,6489
"p330","ssp585","FGOALS-g3","2075",0.21,0,0,29,105.82,4.5474,0.05,0,0.8,0,0.06,0,0,0,0,0,0,0,0,0,0.2,13.3631,5.4557,13.1725,15.1053,6490
"p330","ssp585","FGOALS-g3","2075",0.22,0,0,50,109.6,4.6604,0.0833,0,0.35,0,0.06,0,0,0,0,0,0,0,0,0,0.15,15.4879,7.6747,14.0785,13.6645,6491
"p330","ssp585","FGOALS-g3","2075",0.16,0,0,26,99.56,4.4846,0.1,0,0.5,0,0.16,0,0,0,0,0,0,0,0,0,0.3,13.2424,7.7711,13.1913,16.902,6492
"p330","ssp585","FGOALS-g3","2075",0.06,0.15,0,36,98.17,5.0054,0.3667,0,0.25,0,0.1,0,0,0,0,0,0,0,0,0,0.25,13.6131,10.8998,12.232,14.9646,6493
"p330","ssp585","FGOALS-g3","2075",0.27,0,0,51,106.91,4.4932,0.1,0,0.05,0,0.09,0,0,0,0,0,0,0,0,0,0.1,15.898,8.3823,12.2578,14.5964,6494
"p330","ssp585","FGOALS-g3","2075",0,0.1,0,44,107.3,4.6515,0.1833,0,0.55,0,0.13,0,0,0,0,0,0,0,0,0.3,0.4,15.1385,9.8318,15.1315,16.8677,6495
"p330","ssp585","FGOALS-g3","2075",0.32,0.15,0,59,110.95,4.5764,0.0667,0,0.85,0,0.11,0,0,0,0,0,0,0,0,0,0.15,16.6845,6.1448,16.0285,17.6168,6496
"p330","ssp585","FGOALS-g3","2075",0.05,0,0,54,111.71,4.5804,0.1667,0,0.35,0,0.08,0,0,0,0,0.2,0,0,0,0,0.05,15.761,6.9665,16.6493,15.1472,6497
"p330","ssp585","FGOALS-g3","2075",0.2,0,0,42,108.4,4.6342,0.2,0,0.05,0,0.15,0,0,0,0,0,0,0,0,0,0,14.3997,9.7865,14.3293,13.2477,6498
"p330","ssp585","FGOALS-g3","2075",0.27,0,0,63,89.11,4.3545,0.0667,0,0.5,0,0,0,0,0,0,0,0,0,0,0,0.25,16.1924,9.0758,10.8233,16.7942,6499
"p330","ssp585","FGOALS-g3","2075",0.3,0.25,0,67,103.4,4.6193,0.0167,0,0.25,0,0.1,0,0,0,0,0,0,0,0,0,0.4,16.9523,7.9998,13.063,13.5606,6500
"p330","ssp585","FIO-ESM-2-0","2075",0.16,0.25,0.15,59,108.4,5.1201,0.15,0,0.3,0,0,0,0,0,0,0.1,0,0,0,0,0.3,17.2449,8.4661,13.01,17.3924,6501
"p330","ssp585","FIO-ESM-2-0","2075",0.05,0.6,0,64,106.24,5.3794,0.0833,0,0,0,0.13,0,0,0,0,0.1,0,0.05,0,0,0.85,17.091,9.5112,14.6888,18.6682,6502
"p330","ssp585","FIO-ESM-2-0","2075",0.15,0.45,0,58,108.9,5.1616,0.2,0,0.6,0,0.26,0,0,0,0,0.1,0,0.1,0,0,0.3,16.7091,8.5241,17.4773,18.383,6503
"p330","ssp585","FIO-ESM-2-0","2075",0.31,0,0,59,106.94,5.1123,0.25,0,0,0,0.08,0,0,0,0,0.2,0,0.05,0,0,0.35,15.6537,10.3566,12.7065,17.7605,6504
"p330","ssp585","FIO-ESM-2-0","2075",0.21,0,0,64,106.69,5.2572,0.1667,0,0.15,0,0.09,0,0,0,0,0,0,0,0,0,0.6,17.2732,9.1662,16.1145,17.2963,6505
"p330","ssp585","FIO-ESM-2-0","2075",0.28,0.1,0.1,57,109.77,5.3811,0.1,0,0.4,0,0,0,0,0,0,0,0,0,0,0,0.15,16.2112,8.8635,10.8898,17.1927,6506
"p330","ssp585","FIO-ESM-2-0","2075",0.22,0.1,0,54,105.09,5.1673,0.1,0,0.3,0,0.12,0,0,0,0,0,0,0,0,0,0.2,17.109,8.3038,12.698,15.4195,6507
"p330","ssp585","FIO-ESM-2-0","2075",0.34,0.55,0,40,104.95,5.321,0.1167,0,0.25,0,0.06,0,0,0,0,0,0,0.15,0.05,0,0.5,15.8521,9.2243,13.849,21.6876,6508
"p330","ssp585","FIO-ESM-2-0","2075",0.41,0.1,0,80,103.91,4.5535,0.0667,0,0.45,0,0.1,0,0,0,0,0,0,0.1,0.05,0,0.15,18.3837,6.8082,16.1062,17.58,6509
"p330","ssp585","FIO-ESM-2-0","2075",0.3,0.55,0,60,105.26,5.4291,0.2167,0,0.55,0,0.16,0,0,0,0,0,0,0.05,0,0,0.3,17.7639,7.7991,15.7287,17.6403,6510
"p330","ssp585","FIO-ESM-2-0","2075",0.13,0.3,0.15,74,103.89,5.1964,0.1333,0,0.1,0,0.14,0,0,0,0,0,0,0,0,0,0.2,18.4719,10.2409,16.7052,18.0753,6511
"p330","ssp585","FIO-ESM-2-0","2075",0.24,0,0.1,37,100.42,5.1362,0.05,0,0.4,0,0,0,0,0,0,0.1,0,0.05,0,0,0.3,14.5987,8.866,14.1435,19.508,6512
"p330","ssp585","FIO-ESM-2-0","2075",0.24,0.65,0,64,105.76,5.324,0.3,0,0.15,0,0.1,0,0,0.1,0,0.15,0,0,0,0,0.35,17.9391,11.1943,16.9318,16.7463,6513
"p330","ssp585","FIO-ESM-2-0","2075",0.26,0,0,52,104.1,5.5821,0.2833,0,0,0,0.12,0,0,0,0,0.15,0,0,0,0,0.45,15.9697,11.1412,16.1507,17.8041,6514
"p330","ssp585","FIO-ESM-2-0","2075",0.1,0.35,0,61,108.06,5.2142,0.1333,0,0.05,0,0.05,0,0,0.1,0,0.3,0,0.25,0.05,0,0.25,16.592,9.2525,15.6348,20.9444,6515
"p330","ssp585","FIO-ESM-2-0","2075",0.17,0.15,0.1,56,107.59,5.1665,0.15,0,0.15,0,0.12,0,0,0.1,0,0.35,0,0.1,0,0,0.5,16.242,8.9089,17.1568,18.9303,6516
"p330","ssp585","FIO-ESM-2-0","2075",0.13,0.3,0,55,108.04,5.1256,0.1833,0,0.2,0,0.11,0,0,0,0,0,0,0.05,0,0,0.25,16.3194,10.3996,17.4223,17.9296,6517
"p330","ssp585","FIO-ESM-2-0","2075",0.18,0.4,0,48,99.37,4.9436,0.05,0,0.8,0,0,0,0,0,0,0.1,0,0,0,0,0.2,15.4513,6.2605,11.3732,16.6852,6518
"p330","ssp585","FIO-ESM-2-0","2075",0.32,0.45,0,53,107.57,4.8293,0.1167,0,0.85,0,0.07,0,0,0,0,0.1,0,0,0,0,0.35,16.5791,7.4152,12.5838,17.4624,6519
"p330","ssp585","FIO-ESM-2-0","2075",0.17,0.5,0,66,102.76,5.6326,0.0667,0,0.95,0,0,0,0,0,0,0.1,0,0.1,0,0,0.75,17.8346,7.5506,14.9883,20.2724,6520
"p330","ssp585","FIO-ESM-2-0","2075",0.2,0.25,0,66,101.83,4.74,0.15,0,0.1,0,0.07,0,0,0,0,0.1,0,0.1,0.1,0,0.9,17.6899,8.5532,15.3078,19.3115,6521
"p330","ssp585","FIO-ESM-2-0","2075",0.16,0,0,37,98.45,5.0083,0.15,0,0.05,0,0.06,0,0,0.1,0,0,0,0,0,0,0.35,14.93,10.3169,18.0073,20.5298,6522
"p330","ssp585","FIO-ESM-2-0","2075",0.16,0.4,0,50,108.7,5.0364,0.1833,0,0.15,0.05,0.06,0,0,0,0,0,0,0,0,0,0.25,16.1153,10.3659,12.1227,15.8856,6523
"p330","ssp585","FIO-ESM-2-0","2075",0.49,0,0,58,106.37,4.6055,0.0833,0,0.3,0,0,0,0,0,0,0,0,0.2,0,0.15,0.3,16.1137,7.9352,14.476,19.9115,6524
"p330","ssp585","FIO-ESM-2-0","2075",0.16,0.15,0,45,110.64,5.3256,0.1,0,0.4,0,0,0,0,0,0,0.25,0,0,0,0,0.2,16.75,8.493,12.6382,16.9996,6525
"p330","ssp585","FIO-ESM-2-0","2075",0.25,0.45,0,61,108.16,5.0516,0.1667,0,0.1,0,0.06,0,0,0,0,0.15,0,0,0,0,0.45,18.3711,8.2248,16.433,18.1339,6526
"p330","ssp585","FIO-ESM-2-0","2075",0.32,0,0,49,98.62,5.2295,0.1667,0,0.45,0,0.11,0,0,0,0,0.1,0,0.15,0,0,0.7,15.3778,7.6754,17.0653,20.0556,6527
"p330","ssp585","FIO-ESM-2-0","2075",0,0,0,47,107.92,5.1521,0.15,0,0,0,0.05,0,0,0,0,0.15,0,0,0,0,0.15,15.686,10.5191,12.8773,17.9948,6528
"p330","ssp585","FIO-ESM-2-0","2075",0.22,0.5,0,57,107.42,5.2801,0.1,0,0.4,0,0,0,0,0,0,0,0,0,0,0,0.15,17.0503,8.3915,14.2448,16.4056,6529
"p330","ssp585","FIO-ESM-2-0","2075",0.32,0,0,44,107.21,5.1942,0.1,0,1,0,0.12,0,0,0.2,0,0,0,0.1,0,0,0.25,15.5433,5.0284,15.4815,18.9211,6530
"p330","ssp585","FIO-ESM-2-0","2075",0.15,0.1,0.1,52,111.58,5.2135,0.1167,0,0.65,0,0,0,0,0,0,0.1,0,0,0,0,0.3,16.5304,6.406,15.9658,15.0503,6531
"p330","ssp585","FIO-ESM-2-0","2075",0.41,0.25,0,63,101.11,5.2854,0.15,0,0,0,0.12,0,0,0,0,0,0,0,0,0,0.35,17.7063,8.6608,11.1838,17.0824,6532
"p330","ssp585","FIO-ESM-2-0","2075",0.32,0.3,0,63,106.3,5.429,0.2167,0,0.3,0,0,0,0,0.15,0,0.3,0,0,0,0,0.5,16.8155,9.4901,17.9893,18.1628,6533
"p330","ssp585","FIO-ESM-2-0","2075",0.22,0.15,0,56,93.35,5.1916,0.1667,0,0.2,0,0.12,0,0,0,0,0,0,0.15,0,0,0.25,16.0726,10.8335,15.8037,19.1592,6534
"p330","ssp585","FIO-ESM-2-0","2075",0.43,0.35,0,60,100.3,5.4105,0.15,0,0.2,0,0.06,0,0,0,0,0,0,0.05,0,0,0.3,16.7979,8.6679,12.195,18.1348,6535
"p330","ssp585","FIO-ESM-2-0","2075",0.32,0.65,0,54,114.15,5.4588,0.1333,0,0.35,0,0.12,0,0,0,0,0,0,0,0,0,0,17.3087,8.5298,14.551,13.8036,6536
"p330","ssp585","FIO-ESM-2-0","2075",0.25,0.7,0,53,99.46,5.0011,0.25,0,0.25,0,0.07,0,0,0,0,0.35,0,0.05,0,0,0.45,16.2185,9.5368,16.607,17.9947,6537
"p330","ssp585","FIO-ESM-2-0","2075",0.2,0.3,0,47,108.1,4.4293,0.0667,0,0.65,0,0.06,0,0,0,0,0.25,0,0.1,0,0,0.25,15.7909,6.2122,15.0618,19.69,6538
"p330","ssp585","FIO-ESM-2-0","2075",0.27,0.3,0,53,100.19,4.8843,0.05,0,1,0,0.05,0,0,0.2,0,0,0,0,0,0,0.55,16.6838,3.9163,17.8035,19.8179,6539
"p330","ssp585","FIO-ESM-2-0","2075",0.33,0,0,57,106.64,5.3293,0.1167,0,0.2,0,0.21,0,0,0.15,0,0,0,0.05,0,0,0.2,15.3769,9.7193,18.0202,18.5888,6540
"p330","ssp585","FIO-ESM-2-0","2075",0.34,0.3,0,69,95.93,5.0905,0.15,0,0.15,0,0.05,0,0,0,0,0,0,0.05,0,0,0.25,17.9078,8.7372,12.7722,18.9284,6541
"p330","ssp585","FIO-ESM-2-0","2075",0.16,0.25,0,57,95.62,5.2084,0.1833,0,0.3,0,0,0,0,0,0,0,0,0.3,0,0,0.3,16.4483,8.5331,15.1373,17.6895,6542
"p330","ssp585","FIO-ESM-2-0","2075",0.16,0.4,0,41,108.71,4.8792,0.1833,0,0.6,0,0,0,0,0,0,0,0,0.15,0,0,0.3,15.9053,7.7851,12.7727,17.8095,6543
"p330","ssp585","FIO-ESM-2-0","2075",0.29,0.7,0,76,105.3,5.3791,0.1667,0,0.2,0,0.07,0,0,0,0,0.35,0,0,0,0,0.25,18.3157,9.2296,13.6175,15.8324,6544
"p330","ssp585","FIO-ESM-2-0","2075",0.15,0.55,0,39,110.77,5.0925,0.0667,0,1,0,0.06,0,0,0,0,0.35,0,0,0,0,0.2,14.7577,5.2608,14.7487,15.7854,6545
"p330","ssp585","FIO-ESM-2-0","2075",0.23,0.45,0,49,106.39,5.4291,0.1667,0,0,0,0.05,0,0,0,0,0,0,0,0,0,0.7,16.5666,9.4812,11.9695,16.985,6546
"p330","ssp585","FIO-ESM-2-0","2075",0.4,0.25,0,65,101.42,5.34,0.3167,0,0.1,0,0.07,0,0,0,0,0.1,0,0,0,0,0.3,16.8845,10.8928,14.5552,17.3595,6547
"p330","ssp585","FIO-ESM-2-0","2075",0.19,0.4,0,49,107.34,5.5034,0.1333,0,0,0,0.05,0,0,0,0,0,0,0.1,0,0,0.5,16.4684,9.5219,13.654,18.9486,6548
"p330","ssp585","FIO-ESM-2-0","2075",0.2,0,0,55,114.16,5.3608,0.1333,0,0.05,0,0.17,0,0,0,0,0.1,0,0.05,0,0,0.25,16.7021,9.8317,15.4518,17.4974,6549
"p330","ssp585","FIO-ESM-2-0","2075",0.11,0.15,0,53,103.21,5.1193,0.1333,0,1,0,0.17,0,0,0,0,0.1,0,0.3,0.1,0,0.2,16.3862,3.6165,13.976,20.7433,6550
"p330","ssp585","FIO-ESM-2-0","2075",0.44,0,0,55,105.46,4.9541,0.05,0,0.8,0,0.1,0.05,0,0,0,0.15,0,0.15,0,0,0.2,15.8595,5.7065,16.4153,19.0579,6551
"p330","ssp585","FIO-ESM-2-0","2075",0.12,0.15,0,46,105.05,4.954,0.05,0,0.5,0,0.05,0,0,0,0,0.3,0,0,0,0,0.2,15.2948,6.5329,14.7087,15.8338,6552
"p330","ssp585","FIO-ESM-2-0","2075",0.11,0.35,0,62,110.46,4.4976,0.2,0,0.9,0,0.17,0,0,0,0,0.25,0,0.05,0,0,0.3,16.9455,6.2731,17.4417,18.6356,6553
"p330","ssp585","FIO-ESM-2-0","2075",0.29,0.2,0,43,109.69,4.7979,0.0333,0,0.9,0,0.06,0,0,0,0,0,0,0.05,0,0,0.2,15.5119,4.5589,13.076,19.1559,6554
"p330","ssp585","FIO-ESM-2-0","2075",0.46,0.25,0,66,106.76,5.1054,0.1,0,0.45,0,0.1,0,0,0,0,0,0,0,0.05,0,0.5,17.2134,10.1692,15.988,17.4676,6555
"p330","ssp585","FIO-ESM-2-0","2075",0.18,0.15,0,64,103.11,5.2538,0.1833,0,0.05,0,0.07,0,0,0,0,0,0,0.35,0,0,0.05,17.3112,8.7416,14.22,19.9545,6556
"p330","ssp585","FIO-ESM-2-0","2075",0.12,0.35,0,51,102.42,5.1597,0.2,0,0,0,0.06,0,0,0,0,0,0,0.05,0,0,0.85,16.418,11.9969,11.8932,17.9287,6557
"p330","ssp585","FIO-ESM-2-0","2075",0.38,0,0,39,112.16,5.4538,0.1,0,0.35,0,0.07,0,0,0.3,0,0,0,0,0.1,0,0.65,14.6052,8.9997,19.4237,18.107,6558
"p330","ssp585","FIO-ESM-2-0","2075",0.12,0.35,0.25,53,106.87,5.0464,0.0833,0,0.25,0,0.08,0,0,0,0,0.35,0,0.05,0,0,0.35,16.866,7.621,14.3938,19.1145,6559
"p330","ssp585","FIO-ESM-2-0","2075",0.38,0.7,0,57,109.18,5.0674,0.0833,0,0.75,0,0.1,0,0,0,0,0.25,0,0.1,0,0,1,16.8719,6.513,14.5182,19.3917,6560
"p330","ssp585","FIO-ESM-2-0","2075",0.37,0.5,0,65,99.32,5.5958,0.0833,0,0.15,0.05,0.14,0,0,0,0,0,0,0.05,0,0,0.75,17.6194,8.3591,14.063,17.1312,6561
"p330","ssp585","FIO-ESM-2-0","2075",0.29,0.45,0,49,107.28,5.4656,0.2667,0,0,0.05,0.09,0,0,0,0,0,0,0,0,0,0.35,15.5952,10.8828,14.6313,14.7858,6562
"p330","ssp585","FIO-ESM-2-0","2075",0.33,0.1,0,27,102.52,5.2881,0.1,0,0.35,0,0.05,0,0,0,0,0.1,0,0.2,0,0,0.45,12.9377,7.613,16.1533,18.8841,6563
"p330","ssp585","FIO-ESM-2-0","2075",0.36,0,0,37,102.86,5.3647,0.1167,0,0.05,0,0.06,0,0,0,0,0.1,0,0,0,0,0.2,14.1035,10.1156,14.3552,19.178,6564
"p330","ssp585","FIO-ESM-2-0","2075",0.15,0,0,50,114.24,4.8823,0.15,0,0.1,0,0,0,0,0,0,0,0,0.4,0,0,0.15,16.07,8.8562,13.3625,22.7585,6565
"p330","ssp585","FIO-ESM-2-0","2075",0.16,0,0.15,50,111.34,5.3907,0.1167,0,0.35,0,0,0,0,0,0,0.4,0,0.05,0,0,0.2,15.8858,7.9587,17.4097,20.5441,6566
"p330","ssp585","FIO-ESM-2-0","2075",0.35,0.4,0,57,101.37,4.8272,0.05,0,0,0,0.13,0,0,0,0,0,0,0.15,0.05,0,0.3,16.2826,8.6884,14.5295,19.2023,6567
"p330","ssp585","FIO-ESM-2-0","2075",0.14,0.3,0.1,59,104.79,5.2883,0.1,0,0.75,0,0.11,0,0,0,0,0,0,0.05,0.05,0,0.5,17.2364,7.788,12.3287,19.7114,6568
"p330","ssp585","FIO-ESM-2-0","2075",0.29,0.5,0,52,101.89,4.9464,0.15,0,0.15,0,0.07,0.05,0,0,0,0,0,0.3,0,0,0.5,16.3238,10.0699,14.6683,20.5899,6569
"p330","ssp585","FIO-ESM-2-0","2075",0.51,0.1,0,68,102.65,5.1546,0.2833,0,0.35,0,0.14,0,0,0,0,0,0,0,0,0,0.3,18.1637,9.0315,15.1902,18.2336,6570
"p330","ssp585","FIO-ESM-2-0","2075",0.22,0.1,0,59,97.66,4.9963,0.2167,0,0.6,0,0.12,0,0,0,0,0.1,0,0,0,0,0.2,15.9343,7.4007,13.8517,17.3192,6571
"p330","ssp585","FIO-ESM-2-0","2075",0.23,0,0,60,113.27,4.7306,0.1333,0,0.1,0,0,0,0,0,0,0,0,0.2,0.05,0,0.4,16.5124,9.5237,12.7165,19.5015,6572
"p330","ssp585","FIO-ESM-2-0","2075",0.18,0.1,0.15,55,112.87,5.2916,0.0333,0,0.8,0,0.13,0,0,0,0,0,0,0.25,0,0,1,17.3497,6.5989,16.6837,20.7249,6573
"p330","ssp585","FIO-ESM-2-0","2075",0.33,0.8,0,58,108.71,5.104,0.2,0,0.2,0,0.12,0,0,0,0,0,0,0.25,0,0,0.7,17.9169,10.4856,15.6682,20.1571,6574
"p330","ssp585","FIO-ESM-2-0","2075",0.3,0.4,0,54,103.39,4.9948,0.1833,0,0.1,0,0.12,0,0,0,0,0.15,0,0,0,0,0.15,16.5771,9.9578,15.735,16.6897,6575
"p330","ssp585","FIO-ESM-2-0","2075",0.12,0,0,57,108.88,5.6544,0.15,0,0.1,0,0.05,0,0,0,0,0,0,0.05,0,0,0.35,15.965,8.9612,16.0577,17.4777,6576
"p330","ssp585","FIO-ESM-2-0","2075",0.2,0.1,0,64,101.33,5.131,0.2167,0,0.1,0,0.06,0,0,0,0,0.4,0,0.15,0.05,0,0.1,17.2413,8.8908,14.9223,17.4219,6577
"p330","ssp585","FIO-ESM-2-0","2075",0.43,0.3,0,53,103.25,5.056,0.0833,0,0.3,0,0.1,0,0,0,0,0.15,0,0.1,0,0,0.4,17.0762,8.5546,14.9935,19.0671,6578
"p330","ssp585","FIO-ESM-2-0","2075",0.38,0,0,43,99.92,4.785,0.15,0,0.35,0,0,0,0,0,0,0.15,0,0.1,0,0,0.6,14.9125,8.7263,14.2933,19.7961,6579
"p330","ssp585","FIO-ESM-2-0","2075",0.24,0.2,0,54,88.47,5.1532,0.35,0,0,0,0.17,0,0,0,0,0,0,0.05,0.05,0,0.85,17.0356,11.5657,14.2997,17.6774,6580
"p330","ssp585","FIO-ESM-2-0","2075",0.22,0.25,0,63,107.18,4.8746,0.1667,0,0.05,0,0.05,0,0,0,0,0,0,0.05,0,0,0.2,17.7819,11.4787,14.982,17.2315,6581
"p330","ssp585","FIO-ESM-2-0","2075",0.3,0.3,0,56,99.36,5.2226,0.1,0,0.75,0,0.05,0,0,0,0,0.15,0,0.25,0,0,0.3,18.1582,6.3202,13.3887,20.2215,6582
"p330","ssp585","FIO-ESM-2-0","2075",0.37,0.4,0,52,109.83,5.3034,0.1,0,0.3,0,0.1,0,0,0,0,0.1,0,0.65,0.05,0,0.1,16.1573,7.7476,13.7787,18.7783,6583
"p330","ssp585","FIO-ESM-2-0","2075",0.29,0.65,0,30,100.29,5.4734,0.2,0,0.1,0,0.05,0,0,0,0,0,0,0,0,0,0.7,14.7194,9.0881,12.171,20.5115,6584
"p330","ssp585","FIO-ESM-2-0","2075",0.24,1,0,54,105.36,5.1575,0.1167,0,0.3,0,0.06,0,0,0.25,0,0,0,0.1,0,0,0.25,17.3528,7.4679,16.4173,18.1215,6585
"p330","ssp585","FIO-ESM-2-0","2075",0.23,0.15,0,52,101.29,5.0232,0.1333,0,0.65,0,0.14,0,0,0,0,0.1,0,0.15,0.05,0,0.15,17.1922,7.7587,15.2892,18.637,6586
"p330","ssp585","FIO-ESM-2-0","2075",0.41,0.2,0,53,108.66,5.4672,0.15,0,0.35,0,0.09,0,0,0,0,0,0,0,0.05,0,0.75,16.3885,7.8326,15.6715,19.2835,6587
"p330","ssp585","FIO-ESM-2-0","2075",0.33,0.55,0,53,110.8,5.1399,0.2167,0,0.05,0,0.1,0,0,0,0,0.1,0,0,0,0,0.2,17.8418,9.7545,15.1747,18.6227,6588
"p330","ssp585","FIO-ESM-2-0","2075",0.33,0.1,0,53,109.49,5.624,0.2,0,0.15,0,0.11,0,0,0,0,0,0,0,0,0,0.5,16.0629,9.1438,14.113,17.4263,6589
"p330","ssp585","FIO-ESM-2-0","2075",0.21,0,0,38,107.56,5.1252,0.05,0,0.85,0,0.06,0,0,0,0,0.1,0,0,0,0,0.7,14.8195,5.7408,14.3882,17.1491,6590
"p330","ssp585","FIO-ESM-2-0","2075",0.22,0.3,0,58,111.28,5.2362,0.1167,0,0.4,0,0.06,0,0,0,0,0.1,0,0,0,0,0.25,16.9529,7.9593,15.2907,15.6983,6591
"p330","ssp585","FIO-ESM-2-0","2075",0.18,0,0,36,99.61,5.0322,0.1,0,0.4,0,0.16,0,0,0,0,0,0,0.15,0,0,0.35,14.7169,8.0597,14.4,18.9277,6592
"p330","ssp585","FIO-ESM-2-0","2075",0.06,0.3,0,45,101.61,5.6079,0.4833,0,0.3,0,0.1,0,0,0,0,0,0,0,0,0,0.4,15.0581,11.1872,13.4535,17.0532,6593
"p330","ssp585","FIO-ESM-2-0","2075",0.27,0.65,0,60,105.47,5.0356,0.1167,0,0.05,0,0.09,0,0,0,0,0,0,0,0,0,0.45,17.3523,8.6686,13.475,16.6424,6594
"p330","ssp585","FIO-ESM-2-0","2075",0,0.1,0.1,51,106.19,5.2462,0.2167,0,0.55,0,0.13,0,0,0,0,0,0,0.05,0,0.15,0.8,16.6022,10.1168,16.345,18.9041,6595
"p330","ssp585","FIO-ESM-2-0","2075",0.32,0.8,0,66,111.22,5.2065,0.1,0,0.85,0,0.11,0,0,0,0,0,0,0.05,0,0,0.15,18.1573,6.4327,17.2388,19.6442,6596
"p330","ssp585","FIO-ESM-2-0","2075",0.13,0,0,72,111.78,5.2068,0.1667,0,0.4,0,0.08,0,0,0,0,0.2,0,0,0,0,0.05,17.2038,7.2546,17.8707,17.2381,6597
"p330","ssp585","FIO-ESM-2-0","2075",0.2,0.4,0,49,107.21,5.2052,0.25,0,0.05,0,0.15,0,0,0,0,0,0,0,0,0,0.5,15.8519,10.0727,15.5467,15.2968,6598
"p330","ssp585","FIO-ESM-2-0","2075",0.27,0,0,71,95.98,4.8685,0.1,0,0.5,0,0,0,0,0,0,0,0,0,0,0,0.75,17.6534,9.3619,12.0362,18.833,6599
"p330","ssp585","FIO-ESM-2-0","2075",0.3,0.45,0,74,107.93,5.1511,0.05,0,0.15,0,0.1,0,0,0,0,0,0,0,0,0,0.7,18.4228,8.288,14.2745,15.5905,6600
"p330","ssp585","GFDL-ESM4","2075",0.16,0.2,0.15,56,103.95,4.7402,0.1833,0,0.4,0,0,0,0,0,0,0,0,0,0,0,0.25,16.2593,8.1862,12.5908,15.8907,6601
"p330","ssp585","GFDL-ESM4","2075",0.05,0.4,0,57,107.05,4.9979,0.0833,0,0,0,0.13,0,0,0,0,0.1,0,0,0,0,0.5,16.1008,9.2272,14.2795,17.1844,6602
"p330","ssp585","GFDL-ESM4","2075",0.19,0.2,0,45,110.24,4.7868,0.15,0,0.6,0,0.26,0,0,0,0,0.1,0,0,0,0,0.25,15.7155,8.2362,17.0768,16.9065,6603
"p330","ssp585","GFDL-ESM4","2075",0.36,0,0,52,107.17,4.7658,0.2333,0,0,0,0.08,0,0,0,0,0.2,0,0,0,0,0.3,14.6552,10.0627,12.32,16.2908,6604
"p330","ssp585","GFDL-ESM4","2075",0.18,0,0,61,107.97,4.8836,0.1167,0,0.15,0,0.09,0,0,0,0,0,0,0,0,0,0.3,16.2875,8.8878,15.6937,15.7925,6605
"p330","ssp585","GFDL-ESM4","2075",0.28,0.15,0.1,50,111.66,4.9761,0.1333,0,0.4,0.05,0,0,0,0,0,0,0,0,0,0,0.4,15.2217,8.58,10.4777,15.7091,6606
"p330","ssp585","GFDL-ESM4","2075",0.22,0.2,0,47,104.36,4.8037,0.0667,0,0.35,0,0.12,0,0,0,0,0,0,0,0,0,0.05,16.1162,8.0163,12.2965,13.9411,6607
"p330","ssp585","GFDL-ESM4","2075",0.34,0.5,0,37,104.27,4.9554,0.1167,0,0.25,0,0.06,0,0,0,0,0,0,0.1,0.05,0,0.5,14.8548,8.9308,13.4597,20.2173,6608
"p330","ssp585","GFDL-ESM4","2075",0.41,0,0,75,96.61,4.245,0.0833,0,0.6,0,0.1,0,0,0,0,0,0,0,0,0,0.2,17.3993,6.5302,15.6828,16.075,6609
"p330","ssp585","GFDL-ESM4","2075",0.31,0.45,0,57,106.72,5.0423,0.25,0,0.85,0,0.16,0,0,0,0,0,0,0,0,0,0.15,16.7758,7.5168,15.3145,16.1539,6610
"p330","ssp585","GFDL-ESM4","2075",0.13,0.2,0.15,69,101.75,4.8188,0.1667,0,0.2,0,0.14,0,0,0,0,0,0,0,0,0,0.2,17.4792,9.9546,16.3022,16.5956,6611
"p330","ssp585","GFDL-ESM4","2075",0.24,0,0.1,32,102.34,4.768,0.05,0,0.5,0,0,0,0,0,0,0.1,0,0,0,0,0.2,13.601,8.5728,13.7513,18.0356,6612
"p330","ssp585","GFDL-ESM4","2075",0.24,0.55,0,57,104.71,4.9291,0.3167,0,0.2,0,0.1,0,0,0,0,0.15,0,0,0,0,0.25,16.9552,10.918,16.5062,15.2399,6613
"p330","ssp585","GFDL-ESM4","2075",0.26,0,0,49,103.38,5.1788,0.2833,0,0,0,0.12,0,0,0,0,0.15,0,0,0,0,0.25,14.9824,10.8591,15.7352,16.3171,6614
"p330","ssp585","GFDL-ESM4","2075",0.1,0.45,0,52,109.09,4.8301,0.1333,0,0.1,0,0.05,0,0,0,0,0.3,0,0.1,0,0,0.3,15.6004,8.9665,15.2292,19.4638,6615
"p330","ssp585","GFDL-ESM4","2075",0.17,0,0,47,107.66,4.7782,0.15,0,0.15,0,0.12,0,0,0,0,0.25,0,0,0,0,0.6,15.2461,8.6174,16.7643,17.4571,6616
"p330","ssp585","GFDL-ESM4","2075",0.13,0.2,0,50,106.97,4.7256,0.1667,0,0.2,0,0.11,0,0,0,0,0,0,0.05,0,0,0.35,15.3365,10.1238,16.9958,16.4219,6617
"p330","ssp585","GFDL-ESM4","2075",0.18,0.1,0,46,96.34,4.5842,0.1,0,0.8,0,0,0,0,0,0,0.1,0,0,0,0,0.1,14.4647,5.9796,10.9562,15.1964,6618
"p330","ssp585","GFDL-ESM4","2075",0.37,0.4,0,48,104.54,4.5051,0.1333,0,0.85,0,0.07,0,0,0,0,0.1,0,0,0,0,0.15,15.5878,7.1302,12.1767,15.9802,6619
"p330","ssp585","GFDL-ESM4","2075",0.17,0.35,0,56,101.89,5.2359,0.0833,0,0.95,0,0,0,0,0,0,0,0,0,0,0,0.65,16.8394,7.2599,14.5942,18.7977,6620
"p330","ssp585","GFDL-ESM4","2075",0.2,0.15,0,61,99.84,4.3911,0.1833,0,0.2,0,0.07,0,0,0,0,0.1,0,0,0,0,0.8,16.7088,8.2788,14.8802,17.8028,6621
"p330","ssp585","GFDL-ESM4","2075",0.16,0,0,37,96.99,4.6526,0.1667,0,0.1,0,0.06,0,0,0.1,0,0,0,0,0,0,0.4,13.9437,10.0372,17.5885,19.0403,6622
"p330","ssp585","GFDL-ESM4","2075",0.16,0.35,0,43,110.62,4.6706,0.2667,0,0.15,0.05,0.06,0,0,0,0,0,0,0,0,0,0.25,15.1257,10.0824,11.7138,14.402,6623
"p330","ssp585","GFDL-ESM4","2075",0.43,0,0,53,104.55,4.2805,0.05,0,0.4,0,0,0,0,0,0,0,0,0,0,0.15,0.3,15.1195,7.6454,14.0787,18.4347,6624
"p330","ssp585","GFDL-ESM4","2075",0.16,0.3,0,40,110.81,4.9256,0.1333,0,0.5,0.05,0,0,0,0,0,0.25,0,0,0,0,0.2,15.7696,8.2179,12.2073,15.4897,6625
"p330","ssp585","GFDL-ESM4","2075",0.28,0.3,0,55,108.73,4.6979,0.1833,0,0.1,0,0.06,0,0,0,0,0.1,0,0,0,0,0.4,17.386,7.9458,16.0122,16.6427,6626
"p330","ssp585","GFDL-ESM4","2075",0.32,0,0,47,95.58,4.8648,0.1,0,0.55,0,0.11,0,0,0,0,0.1,0,0.05,0,0,0.65,14.3886,7.3927,16.6538,18.5712,6627
"p330","ssp585","GFDL-ESM4","2075",0,0,0,47,107.05,4.7774,0.1667,0,0,0,0.05,0,0,0,0,0.15,0,0,0,0,0.15,14.693,10.2301,12.478,16.5171,6628
"p330","ssp585","GFDL-ESM4","2075",0.22,0.4,0,45,108.05,4.8977,0.1,0,0.45,0,0,0,0,0,0,0,0,0,0,0,0.1,16.0704,8.1178,13.8117,14.8949,6629
"p330","ssp585","GFDL-ESM4","2075",0.32,0,0,38,105.33,4.8196,0.1333,0,1,0,0.12,0,0,0,0,0,0,0,0,0,0.25,14.5596,4.7502,15.0588,17.4286,6630
"p330","ssp585","GFDL-ESM4","2075",0.16,0,0,49,112,4.8383,0.0833,0,0.65,0,0.05,0,0,0,0,0.1,0,0,0,0,0.2,15.5421,6.1233,15.5525,13.5633,6631
"p330","ssp585","GFDL-ESM4","2075",0.42,0,0,59,98.4,4.9163,0.0833,0,0,0,0.12,0,0,0,0,0,0,0,0,0,0.3,16.7137,8.3721,10.7835,15.6038,6632
"p330","ssp585","GFDL-ESM4","2075",0.32,0.25,0,57,106.02,5.0366,0.1833,0,0.4,0,0,0,0,0,0,0.15,0,0,0,0,0.4,15.837,9.217,17.5548,16.6493,6633
"p330","ssp585","GFDL-ESM4","2075",0.22,0,0,46,93.95,4.8276,0.1667,0,0.15,0,0.12,0,0,0,0,0,0,0,0.05,0.15,0.4,15.0896,10.557,15.378,17.6652,6634
"p330","ssp585","GFDL-ESM4","2075",0.45,0.15,0,52,103.84,4.9984,0.1667,0,0.3,0,0.06,0,0,0,0,0,0,0,0,0,0.6,15.8107,8.3865,11.7798,16.6476,6635
"p330","ssp585","GFDL-ESM4","2075",0.37,0.65,0,52,112.24,5.0627,0.1333,0,0.35,0,0.12,0,0,0,0,0,0,0,0,0,0,16.3168,8.2427,14.1487,12.3242,6636
"p330","ssp585","GFDL-ESM4","2075",0.25,0.45,0,48,96.72,4.6362,0.2833,0,0.35,0,0.07,0,0,0,0,0.3,0,0,0.05,0,0.25,15.241,9.2652,16.1708,16.4812,6637
"p330","ssp585","GFDL-ESM4","2075",0.15,0.25,0,38,106.71,4.1025,0.0333,0,0.7,0,0.06,0,0,0,0,0.2,0,0.05,0,0,0.25,14.8087,5.9362,14.6352,18.1947,6638
"p330","ssp585","GFDL-ESM4","2075",0.33,0.5,0,49,98.11,4.5198,0.0667,0,1,0,0.05,0,0,0.2,0,0,0,0,0,0,0.55,15.6974,3.6362,17.386,18.3285,6639
"p330","ssp585","GFDL-ESM4","2075",0.33,0,0,46,108.63,4.9462,0.2,0,0.25,0,0.21,0,0,0.15,0,0,0,0,0,0,0.15,14.3857,9.4329,17.6158,17.1071,6640
"p330","ssp585","GFDL-ESM4","2075",0.29,0.2,0,67,92.69,4.705,0.1167,0,0.35,0,0.05,0,0,0,0,0,0,0,0,0,0.4,16.9307,8.4665,12.3333,17.4125,6641
"p330","ssp585","GFDL-ESM4","2075",0.16,0,0,44,94.05,4.8312,0.2,0,0.4,0,0,0,0,0,0,0,0,0.1,0,0,0.2,15.4667,8.2584,14.708,16.193,6642
"p330","ssp585","GFDL-ESM4","2075",0.16,0.45,0,37,108.74,4.5284,0.2,0,0.6,0,0,0,0,0,0,0,0,0,0,0,0.25,14.9197,7.5052,12.3533,16.3195,6643
"p330","ssp585","GFDL-ESM4","2075",0.29,0.5,0,66,101.55,4.9852,0.1167,0,0.2,0,0.07,0,0,0,0,0.35,0,0,0,0,0.2,17.3262,8.9438,13.2107,14.3502,6644
"p330","ssp585","GFDL-ESM4","2075",0.2,0.5,0,38,109.36,4.7147,0.0833,0,1,0,0.06,0,0,0,0,0.3,0,0,0,0,0.2,13.781,4.991,14.3088,14.2688,6645
"p330","ssp585","GFDL-ESM4","2075",0.23,0.35,0,47,106.1,5.0442,0.1833,0,0.05,0,0.05,0,0,0,0,0,0,0,0,0,0.3,15.5864,9.2069,11.5395,15.4867,6646
"p330","ssp585","GFDL-ESM4","2075",0.4,0.15,0,62,100.43,4.9595,0.2667,0,0.25,0,0.07,0,0,0,0,0.1,0,0,0,0,0.2,15.8993,10.6143,14.1353,15.8685,6647
"p330","ssp585","GFDL-ESM4","2075",0.19,0.25,0,46,107.96,5.1151,0.1667,0,0,0,0.05,0,0,0,0,0,0,0.1,0.05,0,0.7,15.4793,9.2378,13.245,17.4644,6648
"p330","ssp585","GFDL-ESM4","2075",0.17,0,0,46,114.82,4.9698,0.1333,0,0.05,0,0.17,0,0,0,0,0.1,0,0,0,0,0.25,15.7265,9.5629,15.0098,15.9799,6649
"p330","ssp585","GFDL-ESM4","2075",0.11,0,0,47,101.48,4.7489,0.1667,0,1,0,0.17,0,0,0,0,0,0,0,0.05,0,0.35,15.4059,3.3435,13.5432,19.2444,6650
"p330","ssp585","GFDL-ESM4","2075",0.43,0,0,51,103.58,4.5752,0.0833,0,0.9,0,0.1,0.05,0,0,0,0,0,0.05,0,0,0.25,14.8748,5.4292,15.9927,17.5647,6651
"p330","ssp585","GFDL-ESM4","2075",0.12,0.15,0,41,102.53,4.5777,0.0833,0,0.55,0,0.05,0,0,0,0,0.15,0,0,0,0,0.05,14.3065,6.2498,14.2987,14.348,6652
"p330","ssp585","GFDL-ESM4","2075",0.11,0,0,55,108.56,4.1749,0.2333,0,0.9,0,0.17,0,0,0,0,0.25,0,0,0,0,0.15,15.9709,6.0054,16.999,17.1165,6653
"p330","ssp585","GFDL-ESM4","2075",0.31,0.2,0,37,107.8,4.4405,0.05,0,1,0,0.06,0,0,0,0,0,0,0.05,0,0,0.2,14.5326,4.2867,12.6415,17.6552,6654
"p330","ssp585","GFDL-ESM4","2075",0.39,0.35,0,54,104.66,4.7399,0.1333,0,0.55,0,0.1,0,0,0,0,0,0,0,0,0,0.5,16.2305,9.8922,15.5637,15.9732,6655
"p330","ssp585","GFDL-ESM4","2075",0.23,0,0,58,101.84,4.8681,0.1833,0,0.1,0,0.07,0,0,0,0,0,0,0.2,0.05,0,0.15,16.3236,8.4593,13.8073,18.4677,6656
"p330","ssp585","GFDL-ESM4","2075",0.17,0,0,43,103.74,4.7966,0.2167,0,0,0,0.06,0,0,0,0,0,0,0,0,0,0.5,15.4442,11.73,11.4475,16.4081,6657
"p330","ssp585","GFDL-ESM4","2075",0.33,0,0,34,111.08,5.0501,0.1333,0,0.45,0,0.07,0,0,0.3,0,0,0,0,0.05,0,0.35,13.6275,8.7275,18.9882,16.6056,6658
"p330","ssp585","GFDL-ESM4","2075",0.12,0.3,0.25,48,104.34,4.6742,0.0667,0,0.3,0,0.08,0,0,0,0,0.1,0,0,0,0,0.45,15.8834,7.3449,13.9667,17.6192,6659
"p330","ssp585","GFDL-ESM4","2075",0.38,0.4,0,53,110.03,4.6787,0.1,0,0.8,0,0.1,0,0,0,0,0.25,0,0,0,0,0.9,15.885,6.2309,14.1033,17.9035,6660
"p330","ssp585","GFDL-ESM4","2075",0.37,0.35,0,56,96.39,5.2046,0.1167,0,0.2,0.05,0.15,0,0,0,0,0,0,0,0,0,0.25,16.646,8.0919,13.6152,15.6096,6661
"p330","ssp585","GFDL-ESM4","2075",0.3,0.3,0,45,106.96,5.0948,0.2667,0,0,0.05,0.09,0,0,0,0,0,0,0,0,0,0.05,14.6179,10.6125,14.193,13.2826,6662
"p330","ssp585","GFDL-ESM4","2075",0.34,0,0,23,100.49,4.9446,0.0667,0,0.5,0,0.05,0,0,0,0,0.1,0,0.05,0,0,0.25,11.9565,7.3384,15.725,17.3877,6663
"p330","ssp585","GFDL-ESM4","2075",0.36,0,0,32,106.35,4.9939,0.0833,0,0.05,0,0.06,0,0,0,0,0.1,0,0,0,0,0.3,13.1179,9.8343,13.9388,17.6882,6664
"p330","ssp585","GFDL-ESM4","2075",0.1,0,0,45,114.48,4.5229,0.15,0,0.1,0,0,0,0,0,0,0,0,0.15,0,0,0.25,15.0975,8.5908,12.913,21.2359,6665
"p330","ssp585","GFDL-ESM4","2075",0.15,0,0.15,40,110.84,5.0093,0.1167,0,0.4,0,0,0,0,0,0,0.2,0,0,0,0,0.2,14.909,7.6882,16.9698,19.0406,6666
"p330","ssp585","GFDL-ESM4","2075",0.38,0.4,0,48,100.97,4.4838,0.0833,0,0,0,0.13,0,0,0,0,0,0,0,0.05,0,0.2,15.3022,8.4144,14.0993,17.705,6667
"p330","ssp585","GFDL-ESM4","2075",0.14,0.2,0.15,51,105.63,4.8936,0.1,0,0.8,0,0.12,0,0,0,0,0,0,0.05,0.05,0,0.4,16.2519,7.5072,11.9105,18.2212,6668
"p330","ssp585","GFDL-ESM4","2075",0.29,0.35,0,48,103.34,4.5966,0.15,0,0.15,0,0.07,0.05,0,0,0,0,0,0,0,0,0.35,15.3524,9.8046,14.2175,19.0662,6669
"p330","ssp585","GFDL-ESM4","2075",0.45,0.15,0,62,101.03,4.7925,0.2333,0,0.35,0,0.14,0,0,0,0,0,0,0,0,0,0.15,17.1881,8.7624,14.7483,16.7286,6670
"p330","ssp585","GFDL-ESM4","2075",0.23,0,0,51,95.95,4.6401,0.1833,0,0.8,0,0.12,0,0,0,0,0,0,0,0,0,0.4,14.9547,7.1272,13.4193,15.82,6671
"p330","ssp585","GFDL-ESM4","2075",0.28,0,0,50,112.76,4.4026,0.1333,0,0.15,0,0,0,0,0,0,0,0,0.05,0.05,0,0.45,15.5275,9.2441,12.2968,18.0098,6672
"p330","ssp585","GFDL-ESM4","2075",0.16,0,0,53,112.86,4.8949,0.05,0,0.85,0,0.13,0,0,0,0,0,0,0.1,0,0,0.95,16.3791,6.3347,16.2305,19.1994,6673
"p330","ssp585","GFDL-ESM4","2075",0.33,0.9,0,52,107.81,4.7302,0.2,0,0.2,0,0.12,0,0,0,0,0,0,0.05,0,0,0.2,16.9425,10.2169,15.2245,18.6506,6674
"p330","ssp585","GFDL-ESM4","2075",0.3,0.15,0,46,102.98,4.6495,0.2167,0,0.1,0,0.12,0,0,0,0,0.15,0,0,0,0,0.1,15.5983,9.6848,15.2998,15.1905,6675
"p330","ssp585","GFDL-ESM4","2075",0.14,0,0,38,109.2,5.2477,0.15,0,0.1,0,0.05,0,0,0,0,0,0,0,0,0,0.25,14.9815,8.6832,15.6367,15.9845,6676
"p330","ssp585","GFDL-ESM4","2075",0.2,0.1,0,55,101.64,4.7551,0.1667,0,0.1,0,0.06,0,0,0,0,0.4,0,0,0.05,0,0.15,16.2718,8.628,14.4673,15.8954,6677
"p330","ssp585","GFDL-ESM4","2075",0.43,0.3,0,49,102.03,4.6968,0.15,0,0.35,0,0.1,0,0,0,0,0.15,0,0,0.05,0,0.5,16.1023,8.287,14.5478,17.5583,6678
"p330","ssp585","GFDL-ESM4","2075",0.48,0,0,35,97.07,4.4461,0.15,0,0.35,0,0,0,0,0,0,0.15,0,0,0,0,0.7,13.9343,8.4548,13.8572,18.2939,6679
"p330","ssp585","GFDL-ESM4","2075",0.24,0.15,0,45,86.5,4.7921,0.3,0,0,0,0.17,0,0,0,0,0,0,0,0,0,0.8,16.0535,11.2901,13.8735,16.1824,6680
"p330","ssp585","GFDL-ESM4","2075",0.24,0.3,0,62,107.88,4.5044,0.1667,0,0.05,0,0.05,0,0,0,0,0,0,0,0,0,0.3,16.8105,11.2176,14.5213,15.6993,6681
"p330","ssp585","GFDL-ESM4","2075",0.36,0.3,0,52,96.5,4.841,0.0833,0,0.8,0,0.05,0,0,0,0,0.15,0,0.15,0,0,0.2,17.1825,6.0553,12.9378,18.7121,6682
"p330","ssp585","GFDL-ESM4","2075",0.25,0.1,0,42,111.95,4.908,0.1667,0,0.35,0,0.1,0,0,0,0,0.1,0,0.25,0.05,0,0.15,15.1773,7.4788,13.3387,17.2748,6683
"p330","ssp585","GFDL-ESM4","2075",0.29,0.2,0,24,98.94,5.0827,0.2333,0,0.1,0,0.05,0,0,0,0,0,0,0,0,0.15,0.6,13.7349,8.8126,11.7415,19.0141,6684
"p330","ssp585","GFDL-ESM4","2075",0.24,1,0,50,105.92,4.7933,0.1333,0,0.4,0,0.06,0,0,0.1,0,0,0,0.05,0,0,0.1,16.3822,7.2082,15.9553,16.5871,6685
"p330","ssp585","GFDL-ESM4","2075",0.28,0.15,0,49,99.93,4.6501,0.1333,0,0.7,0,0.14,0,0,0,0,0.1,0,0.05,0.05,0,0.1,16.2172,7.4945,14.8362,17.1256,6686
"p330","ssp585","GFDL-ESM4","2075",0.41,0,0,46,107.51,5.0612,0.15,0,0.5,0,0.09,0,0,0,0,0,0,0,0.05,0,0.8,15.4096,7.5642,15.2277,17.7798,6687
"p330","ssp585","GFDL-ESM4","2075",0.35,0.65,0,50,109.92,4.7781,0.2,0,0.1,0,0.1,0,0,0,0,0.1,0,0,0,0,0.2,16.8584,9.4808,14.7442,17.1247,6688
"p330","ssp585","GFDL-ESM4","2075",0.32,0,0,39,106.48,5.2349,0.2667,0,0.2,0,0.11,0,0,0,0,0,0,0,0,0,0.35,15.0933,8.8844,13.6487,15.8915,6689
"p330","ssp585","GFDL-ESM4","2075",0.21,0,0,35,105.88,4.7523,0.05,0,1,0,0.06,0,0,0,0,0,0,0,0,0,0.4,13.8448,5.4781,13.9342,15.6373,6690
"p330","ssp585","GFDL-ESM4","2075",0.22,0.15,0,54,108.77,4.8564,0.0833,0,0.5,0,0.06,0,0,0,0,0.1,0,0,0,0,0.25,15.9743,7.6912,14.847,14.192,6691
"p330","ssp585","GFDL-ESM4","2075",0.16,0.1,0,30,98.11,4.6659,0.1167,0,0.6,0,0.16,0,0,0,0,0,0,0.05,0,0,0.35,13.7343,7.7863,13.9672,17.4289,6692
"p330","ssp585","GFDL-ESM4","2075",0.11,0.15,0,37,102.74,5.2134,0.4333,0,0.3,0,0.1,0,0,0,0,0,0,0,0,0,0.25,14.0891,10.9289,12.987,15.5166,6693
"p330","ssp585","GFDL-ESM4","2075",0.32,0.4,0,55,104.21,4.6764,0.1333,0,0.05,0,0.09,0,0,0,0,0,0,0,0,0,0.15,16.3791,8.406,13.0185,15.1288,6694
"p330","ssp585","GFDL-ESM4","2075",0,0.1,0,45,107.14,4.8619,0.25,0,0.65,0,0.13,0,0,0,0,0,0,0,0,0.3,0.4,15.6248,9.8499,15.8985,17.3965,6695
"p330","ssp585","GFDL-ESM4","2075",0.38,0.6,0,61,110.37,4.7972,0.1167,0,1,0,0.11,0,0,0,0,0,0,0,0,0,0.2,17.1748,6.1599,16.8043,18.1442,6696
"p330","ssp585","GFDL-ESM4","2075",0.13,0,0,69,111.4,4.8051,0.2167,0,0.55,0,0.08,0,0,0,0,0.2,0,0,0,0,0.1,16.2358,6.9968,17.4033,15.7003,6697
"p330","ssp585","GFDL-ESM4","2075",0.2,0.3,0,46,108.12,4.8265,0.3,0,0.05,0,0.15,0,0,0,0,0,0,0,0,0,0.05,14.8796,9.811,15.0883,13.7809,6698
"p330","ssp585","GFDL-ESM4","2075",0.27,0,0,67,90.44,4.5196,0.1,0,0.6,0,0,0,0,0,0,0,0,0,0,0,0.25,16.6766,9.0958,11.5885,17.3241,6699
"p330","ssp585","GFDL-ESM4","2075",0.3,0.3,0,67,105.43,4.7913,0.05,0,0.15,0,0.1,0,0,0,0,0,0,0,0,0,0.4,17.4421,8.0161,13.8385,14.0892,6700
"p330","ssp585","INM-CM4-8","2075",0.16,0.25,0.15,56,102.89,4.8477,0.1333,0,0.5,0,0,0,0,0,0,0,0,0,0,0,0.25,16.6435,7.4508,10.6315,15.676,6701
"p330","ssp585","INM-CM4-8","2075",0.05,0.6,0,58,106.28,5.1128,0.05,0,0,0,0.08,0,0,0,0,0,0,0,0,0,0.5,16.4906,8.4992,12.3135,16.938,6702
"p330","ssp585","INM-CM4-8","2075",0.15,0.2,0,54,109.89,4.9188,0.1333,0,0.6,0,0.24,0,0,0,0,0,0,0,0,0,0.25,16.1094,7.5168,15.104,16.648,6703
"p330","ssp585","INM-CM4-8","2075",0.31,0,0,57,106.98,4.8764,0.2,0,0.05,0,0.08,0,0,0,0,0.2,0,0,0,0,0.25,15.0544,9.35,10.3467,16.0152,6704
"p330","ssp585","INM-CM4-8","2075",0.19,0,0,64,107.42,5.0346,0.1,0,0.2,0,0.05,0,0,0,0,0.1,0,0,0,0,0.4,16.6709,8.1509,13.7362,15.5812,6705
"p330","ssp585","INM-CM4-8","2075",0.28,0.15,0.1,51,112.63,5.1121,0.0833,0,0.5,0.1,0,0,0,0,0,0,0,0,0,0,0.2,15.6101,7.8517,8.513,15.4636,6706
"p330","ssp585","INM-CM4-8","2075",0.17,0.3,0,52,102.2,4.9152,0.05,0,0.4,0,0.12,0,0,0,0,0,0,0,0,0,0.1,16.5093,7.2948,10.325,13.6855,6707
"p330","ssp585","INM-CM4-8","2075",0.34,0.5,0,38,109.23,5.063,0.1,0,0.4,0,0.06,0,0,0,0,0,0,0.15,0.05,0,0.6,15.2532,8.217,11.4878,19.9433,6708
"p330","ssp585","INM-CM4-8","2075",0.41,0.1,0,74,99.48,4.3535,0.05,0,0.7,0,0.1,0,0,0,0,0,0,0.05,0.05,0,0.15,17.7814,5.7921,13.7272,15.8651,6709
"p330","ssp585","INM-CM4-8","2075",0.3,0.7,0,58,104.1,5.1808,0.2,0,0.85,0,0.16,0,0,0,0,0,0,0,0,0,0.2,17.1627,6.7862,13.352,15.9126,6710
"p330","ssp585","INM-CM4-8","2075",0.13,0.2,0.15,68,100.25,4.9324,0.1,0,0.1,0,0.14,0,0,0,0,0,0,0,0,0,0.15,17.8716,9.231,14.332,16.3421,6711
"p330","ssp585","INM-CM4-8","2075",0.24,0,0.1,36,102.52,4.9094,0.05,0,0.55,0,0,0,0,0,0,0,0,0,0,0,0.2,13.9988,7.858,11.7822,17.7647,6712
"p330","ssp585","INM-CM4-8","2075",0.24,0.65,0,56,103.53,5.0617,0.2833,0,0.2,0,0.1,0,0,0,0,0.1,0,0,0,0,0.25,17.3365,10.178,14.5525,15.0328,6713
"p330","ssp585","INM-CM4-8","2075",0.26,0,0,49,104.18,5.2903,0.25,0,0.05,0,0.12,0,0,0,0,0.15,0,0,0,0,0.25,15.3686,10.1275,13.7738,16.0777,6714
"p330","ssp585","INM-CM4-8","2075",0.1,0.25,0,56,106.64,4.9723,0.1,0,0.15,0,0,0,0,0,0,0.15,0,0.2,0,0,0.3,15.9915,8.2425,13.2607,19.2126,6715
"p330","ssp585","INM-CM4-8","2075",0.17,0,0,54,108,4.9056,0.1,0,0.25,0,0.12,0,0,0,0,0.4,0,0,0,0,0.6,15.6426,7.8999,14.7953,17.188,6716
"p330","ssp585","INM-CM4-8","2075",0.13,0.3,0,51,104.74,4.8728,0.15,0,0.2,0,0.11,0,0,0,0,0,0,0.05,0,0,0.35,15.7164,9.3822,15.0422,16.2172,6717
"p330","ssp585","INM-CM4-8","2075",0.18,0.35,0,49,93.82,4.7086,0.0333,0,0.85,0,0,0,0,0,0,0,0,0,0,0,0.1,14.8498,5.2467,8.996,14.9595,6718
"p330","ssp585","INM-CM4-8","2075",0.37,0.4,0,51,104.34,4.6154,0.0667,0,0.9,0.05,0,0,0,0,0,0,0,0,0,0,0.2,15.9777,6.4051,10.2088,15.732,6719
"p330","ssp585","INM-CM4-8","2075",0.17,0.45,0,60,103.69,5.3914,0.05,0,0.95,0,0,0,0,0,0,0,0,0.05,0,0,0.6,17.2346,6.5406,12.6257,18.5317,6720
"p330","ssp585","INM-CM4-8","2075",0.2,0.25,0,62,99.57,4.5262,0.1167,0,0.15,0,0.05,0,0,0,0,0.2,0,0,0.05,0,0.65,17.0877,7.5353,12.9285,17.6004,6721
"p330","ssp585","INM-CM4-8","2075",0.16,0,0,38,96.65,4.7791,0.1,0,0.1,0,0.06,0,0,0,0,0,0,0,0,0,0.35,14.3285,9.3021,15.6293,18.8061,6722
"p330","ssp585","INM-CM4-8","2075",0.16,0.4,0,45,109.08,4.8129,0.15,0,0.3,0.05,0.06,0,0,0,0,0,0,0,0,0,0.2,15.5152,9.355,9.748,14.1564,6723
"p330","ssp585","INM-CM4-8","2075",0.49,0,0,54,102.53,4.3826,0,0,0.55,0,0,0,0,0,0,0,0,0.1,0,0.15,0.25,15.514,6.9249,12.1132,18.1706,6724
"p330","ssp585","INM-CM4-8","2075",0.16,0.15,0,40,108.48,5.058,0.0833,0,0.5,0.05,0,0,0,0,0,0,0,0,0,0,0.2,16.1471,7.4736,10.2567,15.2891,6725
"p330","ssp585","INM-CM4-8","2075",0.28,0.45,0,54,107.02,4.8296,0.1333,0,0.1,0,0.06,0,0,0,0,0,0,0,0,0,0.3,17.7695,7.2093,14.0545,16.4111,6726
"p330","ssp585","INM-CM4-8","2075",0.32,0,0,49,94.25,4.9756,0.0833,0,0.6,0,0.06,0,0,0,0,0,0,0.05,0,0,0.65,14.7769,6.6632,14.6898,18.3276,6727
"p330","ssp585","INM-CM4-8","2075",0,0,0,50,108.46,4.9292,0.1,0,0,0,0.05,0,0,0,0,0.15,0,0,0,0,0.15,15.0859,9.5081,10.5132,16.2556,6728
"p330","ssp585","INM-CM4-8","2075",0.22,0.4,0,51,106.32,5.0094,0.0833,0,0.55,0,0,0,0,0,0,0,0,0,0,0,0.1,16.4474,7.3718,11.8635,14.6962,6729
"p330","ssp585","INM-CM4-8","2075",0.32,0,0,41,107.17,4.9335,0.05,0,1,0,0.12,0,0,0,0,0,0,0,0,0,0.2,14.9413,4.0114,13.1028,17.1986,6730
"p330","ssp585","INM-CM4-8","2075",0.15,0,0.1,54,111.05,4.9562,0.0833,0,0.65,0,0,0,0,0,0,0,0,0,0,0,0.2,15.9293,5.3934,13.5892,13.3218,6731
"p330","ssp585","INM-CM4-8","2075",0.42,0.2,0,59,98.7,5.0577,0.05,0,0,0,0.11,0,0,0,0,0,0,0,0,0,0.3,17.1055,7.6493,8.8193,15.3439,6732
"p330","ssp585","INM-CM4-8","2075",0.32,0.3,0,59,107.29,5.2068,0.1333,0,0.4,0,0,0,0,0,0,0.15,0,0,0,0,0.4,16.2126,8.4695,15.6062,16.4544,6733
"p330","ssp585","INM-CM4-8","2075",0.22,0.1,0,52,94.82,4.9519,0.1333,0,0.35,0,0.12,0,0,0,0,0.2,0,0.05,0,0,0.4,15.4711,9.8171,13.424,17.4374,6734
"p330","ssp585","INM-CM4-8","2075",0.44,0.15,0,56,99.69,5.1462,0.1167,0,0.4,0.05,0,0,0,0,0,0,0,0,0,0,0.5,16.1966,7.6542,9.8175,16.4085,6735
"p330","ssp585","INM-CM4-8","2075",0.32,0.65,0,54,110.59,5.1993,0.1,0,0.5,0,0.12,0,0,0,0,0,0,0,0,0,0,16.708,7.5173,12.1858,12.0664,6736
"p330","ssp585","INM-CM4-8","2075",0.25,0.7,0,52,95.9,4.7726,0.1833,0,0.3,0,0.07,0,0,0,0,0.45,0,0.05,0,0,0.35,15.6154,8.5157,14.2247,16.2876,6737
"p330","ssp585","INM-CM4-8","2075",0.15,0.3,0,43,104.28,4.1958,0.0167,0,0.75,0,0.06,0,0,0,0,0.1,0,0.05,0,0,0.25,15.1892,5.1942,12.6815,17.9698,6738
"p330","ssp585","INM-CM4-8","2075",0.28,0.5,0,54,97.25,4.6475,0.0167,0,1,0,0.05,0,0,0,0,0.1,0,0,0,0,0.55,16.0827,2.9028,15.425,18.0917,6739
"p330","ssp585","INM-CM4-8","2075",0.33,0,0,51,106.38,5.0722,0.0667,0,0.3,0,0.2,0,0,0,0,0.1,0,0,0,0,0.2,14.7759,8.7066,15.6555,16.8527,6740
"p330","ssp585","INM-CM4-8","2075",0.29,0.3,0,66,90.61,4.8193,0.1167,0,0.35,0,0.05,0,0,0,0,0,0,0.05,0,0.15,0.15,17.3046,7.7158,10.3882,17.2221,6741
"p330","ssp585","INM-CM4-8","2075",0.16,0.35,0,49,96.92,4.9598,0.1833,0,0.5,0,0,0,0,0,0,0,0,0.2,0,0,0.25,15.8458,7.5148,12.7568,15.9706,6742
"p330","ssp585","INM-CM4-8","2075",0.16,0.4,0,38,107.02,4.6404,0.1167,0,0.7,0,0,0,0,0,0,0,0,0.15,0,0,0.15,15.3039,6.7702,10.3943,16.0852,6743
"p330","ssp585","INM-CM4-8","2075",0.29,0.5,0,68,103.21,5.1259,0.1,0,0.2,0,0.07,0,0,0,0,0.2,0,0,0,0,0.15,17.7149,8.2153,11.2513,14.0974,6744
"p330","ssp585","INM-CM4-8","2075",0.15,0.55,0,41,110.06,4.8474,0.0333,0,1,0,0.06,0,0,0,0,0.2,0,0,0,0,0.2,14.1542,4.2377,12.3657,14.0801,6745
"p330","ssp585","INM-CM4-8","2075",0.23,0.45,0,49,104.74,5.1827,0.1167,0,0,0,0.05,0,0,0,0,0,0,0,0,0,0.3,15.9642,8.4623,9.5887,15.2661,6746
"p330","ssp585","INM-CM4-8","2075",0.4,0.25,0,63,96.18,5.1123,0.25,0,0.25,0,0.06,0,0,0,0,0.15,0,0,0,0,0.2,16.2823,9.8775,12.1767,15.6358,6747
"p330","ssp585","INM-CM4-8","2075",0.19,0.4,0,48,108.02,5.2487,0.0833,0,0,0,0.05,0,0,0,0,0,0,0.1,0,0,0.45,15.8675,8.5083,11.2868,17.2148,6748
"p330","ssp585","INM-CM4-8","2075",0.15,0,0,50,112.7,5.1172,0.1,0,0.05,0,0.17,0,0,0,0,0.1,0,0,0,0,0.2,16.0987,8.8083,13.0682,15.7932,6749
"p330","ssp585","INM-CM4-8","2075",0.11,0.15,0,48,99.18,4.8866,0.1167,0,1,0,0.17,0,0,0,0,0,0,0.15,0.1,0,0.25,15.7832,2.5975,11.5945,19.0259,6750
"p330","ssp585","INM-CM4-8","2075",0.44,0,0,48,103.41,4.695,0,0,0.9,0,0.05,0,0,0,0,0.1,0,0.1,0,0,0.2,15.2573,4.6907,14.0367,17.3353,6751
"p330","ssp585","INM-CM4-8","2075",0.12,0.15,0,46,98.81,4.6794,0.0167,0,0.85,0,0.05,0,0,0,0,0,0,0,0,0,0.05,14.6938,5.5184,12.3408,14.1008,6752
"p330","ssp585","INM-CM4-8","2075",0.11,0,0,57,106.85,4.3093,0.1667,0,0.95,0,0.14,0,0,0,0,0.35,0,0,0,0,0.15,16.3423,5.2492,15.0575,16.9328,6753
"p330","ssp585","INM-CM4-8","2075",0.29,0.2,0,43,105.92,4.5674,0.0167,0,1,0,0.06,0,0,0,0,0,0,0.05,0,0,0.2,14.9087,3.5382,10.6942,17.4394,6754
"p330","ssp585","INM-CM4-8","2075",0.39,0.25,0,56,103.9,4.8723,0.0667,0,0.55,0,0.1,0,0,0,0,0,0,0,0.05,0.15,0.3,16.6119,9.1519,13.6085,15.7456,6755
"p330","ssp585","INM-CM4-8","2075",0.23,0,0,56,99.58,5.0293,0.15,0,0.2,0,0.07,0,0,0,0,0,0,0.3,0,0,0.15,16.7099,7.7262,11.8525,18.2235,6756
"p330","ssp585","INM-CM4-8","2075",0.12,0,0,47,102.33,4.9169,0.1667,0,0,0,0.06,0,0,0,0,0,0,0,0,0,0.6,15.8143,10.9725,9.5087,16.2266,6757
"p330","ssp585","INM-CM4-8","2075",0.33,0,0,40,113.58,5.1734,0.1,0,0.45,0,0.07,0,0,0,0,0,0,0,0.1,0,0.6,14.0021,7.9784,17.0418,16.3926,6758
"p330","ssp585","INM-CM4-8","2075",0.12,0.35,0.15,48,103.96,4.8236,0.0667,0,0.3,0,0.08,0,0,0,0,0,0,0,0,0,0.45,16.2638,6.6033,12.0142,17.3935,6759
"p330","ssp585","INM-CM4-8","2075",0.37,0.7,0,55,107.66,4.8415,0.0833,0,0.85,0,0.1,0,0,0,0,0,0,0,0,0,0.9,16.2702,5.4962,12.149,17.6602,6760
"p330","ssp585","INM-CM4-8","2075",0.37,0.5,0,59,96.18,5.3395,0.0833,0,0.35,0.05,0.14,0,0,0,0,0,0,0,0,0,0.4,17.0148,7.333,11.6773,15.43,6761
"p330","ssp585","INM-CM4-8","2075",0.29,0.4,0,47,105.74,5.1923,0.2333,0,0,0.1,0.08,0,0,0,0,0.1,0,0,0,0,0.15,14.9918,9.8616,12.2475,13.0706,6762
"p330","ssp585","INM-CM4-8","2075",0.33,0,0,27,99.95,5.0783,0.05,0,0.6,0,0.05,0,0,0,0,0.1,0,0.1,0,0,0.2,12.3352,6.5951,13.7723,17.1648,6763
"p330","ssp585","INM-CM4-8","2075",0.36,0,0,36,103.85,5.1185,0.0833,0,0.05,0,0.06,0,0,0,0,0,0,0,0,0,0.15,13.5022,9.0982,11.9862,17.4483,6764
"p330","ssp585","INM-CM4-8","2075",0.1,0,0,45,113.51,4.6484,0.1,0,0.2,0,0,0,0,0,0,0,0,0.3,0,0,0.15,15.4656,7.8299,10.9773,21.0587,6765
"p330","ssp585","INM-CM4-8","2075",0.15,0,0.15,49,111.02,5.1577,0.0833,0,0.4,0,0,0,0,0,0,0.35,0,0,0,0,0.2,15.2824,6.9358,15.0265,18.832,6766
"p330","ssp585","INM-CM4-8","2075",0.35,0.5,0,51,101.34,4.632,0.05,0,0.05,0,0.13,0,0,0,0,0,0,0.05,0,0,0.2,15.6799,7.6691,12.1487,17.4839,6767
"p330","ssp585","INM-CM4-8","2075",0.14,0.2,0,47,105.12,5.052,0.0833,0,0.8,0,0,0,0,0,0,0,0,0.05,0,0,0.4,16.635,6.77,9.9592,17.9836,6768
"p330","ssp585","INM-CM4-8","2075",0.29,0.5,0,48,102.64,4.7504,0.1167,0,0.15,0,0.07,0.05,0,0,0,0,0,0.25,0,0,0.4,15.7191,9.0428,12.2838,18.8903,6769
"p330","ssp585","INM-CM4-8","2075",0.45,0.15,0,61,102.1,4.9007,0.2,0,0.5,0,0.14,0,0,0,0,0,0,0,0,0,0.15,17.5595,8.0075,12.8062,16.5221,6770
"p330","ssp585","INM-CM4-8","2075",0.21,0.1,0,56,94.11,4.7638,0.1833,0,0.9,0,0.1,0,0,0,0,0,0,0,0,0,0.4,15.3315,6.3808,11.4697,15.6024,6771
"p330","ssp585","INM-CM4-8","2075",0.23,0,0,59,112.08,4.5126,0.1167,0,0.15,0,0,0,0,0,0,0,0,0.05,0.05,0,0.4,15.9102,8.5055,10.3462,17.7748,6772
"p330","ssp585","INM-CM4-8","2075",0.16,0.1,0.15,51,110.21,5.0522,0.0167,0,0.9,0,0.13,0,0,0,0,0.2,0,0.15,0,0.15,0.7,16.7452,5.571,14.2985,19.0254,6773
"p330","ssp585","INM-CM4-8","2075",0.33,0.8,0,52,106.98,4.8497,0.15,0,0.2,0,0.12,0,0,0,0,0,0,0.05,0,0,0.25,17.313,9.4611,13.2845,18.4465,6774
"p330","ssp585","INM-CM4-8","2075",0.3,0.15,0,49,99.61,4.7957,0.15,0,0.15,0,0.12,0,0,0,0,0.15,0,0,0,0,0.1,15.9741,8.9368,13.352,14.9744,6775
"p330","ssp585","INM-CM4-8","2075",0.12,0,0,49,108.43,5.379,0.1,0,0.1,0,0,0,0,0,0,0,0,0.05,0,0,0.2,15.3626,7.9423,13.6875,15.7521,6776
"p330","ssp585","INM-CM4-8","2075",0.2,0.1,0,54,100.56,4.902,0.1667,0,0.1,0,0.06,0,0,0,0,0,0,0.05,0.05,0,0.05,16.6364,7.8621,12.5357,15.725,6777
"p330","ssp585","INM-CM4-8","2075",0.43,0.3,0,53,100.25,4.836,0.0333,0,0.35,0,0.1,0,0,0,0,0.15,0,0.05,0,0,0.35,16.472,7.5299,12.6087,17.3562,6778
"p330","ssp585","INM-CM4-8","2075",0.38,0,0,42,96.04,4.5337,0.1167,0,0.45,0,0,0,0,0,0,0.15,0,0,0,0,0.65,14.3095,7.7057,11.9108,18.0803,6779
"p330","ssp585","INM-CM4-8","2075",0.24,0.2,0,48,86.19,4.9391,0.25,0,0,0,0.17,0,0,0,0,0,0,0,0.05,0,0.7,16.4335,10.5481,11.9202,15.957,6780
"p330","ssp585","INM-CM4-8","2075",0.22,0.25,0,58,105.58,4.6483,0.1333,0,0.05,0,0.05,0,0,0,0,0,0,0,0.05,0,0.3,17.1753,10.4516,12.5847,15.5369,6781
"p330","ssp585","INM-CM4-8","2075",0.3,0.35,0,52,96.54,4.994,0.0667,0,0.85,0,0,0,0,0,0,0.15,0,0.15,0,0,0.15,17.5523,5.2977,10.9943,18.5176,6782
"p330","ssp585","INM-CM4-8","2075",0.25,0.25,0,39,111.01,5.0652,0.0667,0,0.35,0.05,0.05,0,0,0,0,0.1,0,0.25,0.05,0,0.1,15.5524,6.7285,11.387,17.07,6783
"p330","ssp585","INM-CM4-8","2075",0.29,0.65,0,33,100.84,5.2477,0.1333,0,0.25,0,0.05,0,0,0,0,0,0,0,0,0,0.7,14.1157,8.0698,9.7902,18.7917,6784
"p330","ssp585","INM-CM4-8","2075",0.24,1,0,50,104.72,4.9304,0.0833,0,0.45,0,0.06,0,0,0,0,0,0,0.1,0,0,0.1,16.7461,6.4405,14.021,16.4276,6785
"p330","ssp585","INM-CM4-8","2075",0.23,0.15,0,52,98.33,4.8029,0.1,0,0.7,0,0.14,0,0,0,0,0.1,0,0.1,0.05,0,0.15,16.5862,6.7342,12.8947,16.9347,6786
"p330","ssp585","INM-CM4-8","2075",0.41,0.15,0,45,106.29,5.2077,0.1167,0,0.55,0,0.09,0,0,0,0,0.2,0,0,0.05,0,0.6,15.7837,6.8126,13.2777,17.5762,6787
"p330","ssp585","INM-CM4-8","2075",0.33,0.55,0,51,110.45,4.9146,0.1333,0,0.1,0,0.1,0,0,0,0,0,0,0,0,0,0.2,17.2377,8.7356,12.794,16.9038,6788
"p330","ssp585","INM-CM4-8","2075",0.32,0,0,48,107.02,5.385,0.1667,0,0.2,0,0.1,0,0,0,0,0,0,0,0,0,0.35,15.4561,8.1157,11.7153,15.7326,6789
"p330","ssp585","INM-CM4-8","2075",0.21,0,0,35,103.78,4.909,0.0333,0,1,0,0.06,0,0,0,0,0,0,0,0,0,0.25,14.2132,4.7165,11.9927,15.448,6790
"p330","ssp585","INM-CM4-8","2075",0.22,0.3,0,56,108.17,4.9797,0.0667,0,0.6,0,0.06,0,0,0,0,0,0,0,0,0,0.2,16.3476,6.9388,12.8982,13.9917,6791
"p330","ssp585","INM-CM4-8","2075",0.16,0,0,36,99.02,4.8234,0.0833,0,0.55,0,0.09,0,0,0,0,0,0,0.05,0,0,0.25,14.1127,7.0398,12.0183,17.2109,6792
"p330","ssp585","INM-CM4-8","2075",0.11,0.2,0,42,99.86,5.352,0.3167,0,0.3,0,0.1,0,0,0,0,0,0,0,0,0,0.2,14.4509,10.1583,11.0558,15.3612,6793
"p330","ssp585","INM-CM4-8","2075",0.27,0.45,0,56,104.78,4.7983,0.0833,0,0.05,0,0.09,0,0,0,0,0,0,0,0,0,0.1,16.7464,7.643,11.0788,14.9424,6794
"p330","ssp585","INM-CM4-8","2075",0,0.1,0.1,47,105.92,5.0069,0.1667,0,0.65,0,0.13,0,0,0,0,0,0,0,0,0.15,0.45,15.9968,9.0951,13.9518,17.1979,6795
"p330","ssp585","INM-CM4-8","2075",0.32,0.8,0,63,109.99,4.9311,0.0333,0,1,0,0.11,0,0,0,0,0,0,0.05,0,0,0.15,17.5519,5.4126,14.8568,17.9288,6796
"p330","ssp585","INM-CM4-8","2075",0.13,0,0,66,109.02,4.9407,0.1167,0,0.65,0,0.08,0,0,0,0,0.1,0,0,0,0,0,16.5969,6.2237,15.4733,15.546,6797
"p330","ssp585","INM-CM4-8","2075",0.2,0.3,0,47,107.41,4.972,0.1833,0,0.05,0,0.15,0,0,0,0,0,0,0,0,0,0.2,15.2462,9.0468,13.1512,13.5968,6798
"p330","ssp585","INM-CM4-8","2075",0.27,0,0,66,90.51,4.6434,0.0667,0,0.6,0,0,0,0,0,0,0,0,0,0,0,0.2,17.0481,8.3392,9.643,17.1282,6799
"p330","ssp585","INM-CM4-8","2075",0.3,0.3,0,68,105.92,4.9529,0.05,0,0.3,0,0.05,0,0,0,0,0,0,0,0,0,0.4,17.818,7.2673,11.8912,13.8752,6800
"p330","ssp585","INM-CM5-0","2075",0.16,0.25,0.15,48,104.4,4.2052,0.1167,0,0.5,0,0,0,0,0,0,0,0,0,0,0,0.25,16.4109,7.3752,10.878,15.2844,6801
"p330","ssp585","INM-CM5-0","2075",0.05,0.6,0,55,104.83,4.4255,0.05,0,0,0,0.14,0,0,0,0,0,0,0,0,0,0.45,16.2597,8.4258,12.5613,16.5403,6802
"p330","ssp585","INM-CM5-0","2075",0.15,0.45,0,48,109.5,4.3248,0.15,0,0.65,0,0.26,0,0,0,0,0,0,0,0,0,0.25,15.8803,7.4456,15.3535,16.2509,6803
"p330","ssp585","INM-CM5-0","2075",0.31,0,0,53,106.87,4.2921,0.1833,0,0.1,0,0.08,0,0,0,0,0.2,0,0,0,0,0.25,14.8271,9.2852,10.59,15.625,6804
"p330","ssp585","INM-CM5-0","2075",0.19,0,0,59,106.28,4.3933,0.1167,0,0.15,0.05,0.09,0,0,0,0,0,0,0,0,0,0.25,16.4384,8.0742,13.9825,15.1888,6805
"p330","ssp585","INM-CM5-0","2075",0.28,0.1,0.1,51,108.57,4.4641,0.0833,0,0.55,0.1,0,0,0,0,0,0,0,0,0,0,0.3,15.3793,7.7772,8.7605,15.0662,6806
"p330","ssp585","INM-CM5-0","2075",0.22,0.2,0,49,106.74,4.3655,0.05,0,0.55,0,0.12,0,0,0,0,0,0,0,0,0,0.1,16.2799,7.2236,10.5737,13.2879,6807
"p330","ssp585","INM-CM5-0","2075",0.34,0.55,0,36,108.29,4.4323,0.1,0,0.4,0,0.06,0,0,0,0,0,0,0.1,0.05,0,0.5,15.0245,8.1513,11.7318,19.5535,6808
"p330","ssp585","INM-CM5-0","2075",0.41,0.1,0,66,102.29,3.8053,0.05,0,0.65,0,0.1,0,0,0,0,0,0,0,0.05,0,0.1,17.5486,5.7152,13.9727,15.4728,6809
"p330","ssp585","INM-CM5-0","2075",0.3,0.55,0,57,106.53,4.5873,0.2,0,0.7,0,0.16,0,0,0,0,0,0,0,0,0,0.15,16.9315,6.7115,13.5983,15.515,6810
"p330","ssp585","INM-CM5-0","2075",0.13,0.3,0.15,65,104.56,4.2744,0.1,0,0.1,0,0.14,0,0,0,0,0,0,0,0,0,0.15,17.6423,9.1595,14.58,15.9444,6811
"p330","ssp585","INM-CM5-0","2075",0.24,0,0.1,33,99.05,4.2825,0.05,0,0.6,0,0,0,0,0,0,0,0,0,0,0,0.1,13.7703,7.7911,12.0253,17.3745,6812
"p330","ssp585","INM-CM5-0","2075",0.24,0.65,0,55,100.74,4.3554,0.2667,0,0.2,0,0.1,0,0,0,0,0.1,0,0,0,0,0.2,17.1037,10.1004,14.798,14.6406,6813
"p330","ssp585","INM-CM5-0","2075",0.26,0.1,0,48,105.35,4.6338,0.2667,0,0.1,0,0.12,0,0,0,0,0.15,0,0,0,0,0.25,15.1369,10.0523,14.0203,15.6795,6814
"p330","ssp585","INM-CM5-0","2075",0.1,0.35,0,54,107.98,4.3218,0.1167,0,0.15,0,0.05,0,0,0,0,0.15,0,0.05,0.05,0,0.3,15.761,8.1692,13.5097,18.8148,6815
"p330","ssp585","INM-CM5-0","2075",0.17,0.15,0,47,108.57,4.2821,0.1,0,0.25,0,0.12,0,0,0,0,0.25,0,0,0,0,0.55,15.4138,7.833,15.0378,16.7986,6816
"p330","ssp585","INM-CM5-0","2075",0.13,0.3,0,49,107.64,4.1985,0.15,0,0.2,0,0.11,0,0,0,0,0,0,0.05,0,0,0.35,15.4836,9.3039,15.2877,15.8246,6817
"p330","ssp585","INM-CM5-0","2075",0.18,0.4,0,46,98.57,4.1205,0.0333,0,0.9,0,0,0,0,0,0,0,0,0,0,0,0.1,14.6182,5.1704,9.2427,14.5617,6818
"p330","ssp585","INM-CM5-0","2075",0.32,0.45,0,51,106.92,4.11,0.0667,0,0.9,0.05,0.07,0,0,0,0,0,0,0,0,0,0.15,15.7475,6.3317,10.4577,15.3341,6819
"p330","ssp585","INM-CM5-0","2075",0.17,0.4,0,59,97.86,4.6148,0.0333,0,0.95,0,0,0,0,0,0,0,0,0,0,0,0.6,17.0058,6.4738,12.868,18.1406,6820
"p330","ssp585","INM-CM5-0","2075",0.2,0.25,0,61,104.02,3.9485,0.1167,0,0.2,0,0.07,0,0,0,0,0.1,0,0,0.05,0,0.7,16.8538,7.4563,13.1722,17.2078,6821
"p330","ssp585","INM-CM5-0","2075",0.16,0,0,38,96.56,4.1771,0.1167,0,0.05,0,0.06,0,0,0,0,0,0,0,0,0,0.4,14.0957,9.2259,15.8753,18.4074,6822
"p330","ssp585","INM-CM5-0","2075",0.16,0.4,0,42,111.59,4.187,0.15,0,0.3,0.05,0.06,0,0,0,0,0,0,0,0,0,0.1,15.2847,9.2808,9.9948,13.7573,6823
"p330","ssp585","INM-CM5-0","2075",0.49,0,0,51,106.19,3.8316,0.0333,0,0.5,0,0,0,0,0,0,0,0,0,0,0.15,0.2,15.2846,6.8575,12.3552,17.7803,6824
"p330","ssp585","INM-CM5-0","2075",0.16,0.15,0,38,108.83,4.4685,0.0667,0,0.5,0.05,0,0,0,0,0,0,0,0,0,0,0.2,15.9136,7.3939,10.502,14.8976,6825
"p330","ssp585","INM-CM5-0","2075",0.25,0.45,0,51,107.15,4.2613,0.1167,0,0.1,0,0.06,0,0,0,0,0,0,0,0,0,0.3,17.5369,7.1328,14.3003,16.0123,6826
"p330","ssp585","INM-CM5-0","2075",0.32,0,0,47,98.47,4.3142,0.0833,0,0.65,0,0.11,0,0,0,0,0,0,0.05,0,0,0.45,14.5458,6.5894,14.9372,17.9295,6827
"p330","ssp585","INM-CM5-0","2075",0,0,0,48,109.1,4.2766,0.0833,0,0,0,0.05,0,0,0,0,0.15,0,0,0,0,0.15,14.8566,9.4399,10.756,15.8653,6828
"p330","ssp585","INM-CM5-0","2075",0.22,0.5,0,46,108.36,4.474,0.1,0,0.5,0,0,0,0,0,0,0,0,0,0,0,0.1,16.2129,7.2926,12.1078,14.3038,6829
"p330","ssp585","INM-CM5-0","2075",0.32,0,0,39,102.88,4.2271,0.05,0,1,0,0.12,0,0,0,0,0,0,0,0,0,0.2,14.7088,3.9348,13.3482,16.8002,6830
"p330","ssp585","INM-CM5-0","2075",0.15,0.1,0.1,50,111.23,4.3403,0.1,0,0.65,0,0.05,0,0,0,0,0,0,0,0,0,0.1,15.6984,5.3187,13.8362,12.9239,6831
"p330","ssp585","INM-CM5-0","2075",0.42,0.25,0,56,101.34,4.4332,0.0667,0,0.05,0,0.12,0,0,0,0,0,0,0,0,0,0.25,16.8758,7.58,9.0617,14.9536,6832
"p330","ssp585","INM-CM5-0","2075",0.32,0.3,0,56,109.82,4.5459,0.1333,0,0.4,0,0,0,0,0,0,0.15,0,0,0,0,0.4,15.9784,8.3895,15.85,16.0621,6833
"p330","ssp585","INM-CM5-0","2075",0.22,0.15,0,50,95.74,4.3157,0.1333,0,0.4,0,0.12,0,0,0,0,0,0,0,0.05,0.15,0.45,15.2379,9.7388,13.6697,17.0402,6834
"p330","ssp585","INM-CM5-0","2075",0.43,0.35,0,56,101.51,4.4799,0.1167,0,0.35,0.05,0.06,0,0,0,0,0,0,0,0,0,0.6,15.9649,7.5793,10.0652,16.0097,6835
"p330","ssp585","INM-CM5-0","2075",0.37,0.65,0,52,111.94,4.5103,0.1167,0,0.5,0,0.12,0,0,0,0,0,0,0,0,0,0,16.4784,7.4478,12.4277,11.6762,6836
"p330","ssp585","INM-CM5-0","2075",0.25,0.7,0,51,97.07,4.1381,0.1833,0,0.3,0,0.07,0,0,0,0,0.3,0,0,0.05,0,0.25,15.3808,8.4352,14.469,15.8956,6837
"p330","ssp585","INM-CM5-0","2075",0.15,0.3,0,39,108.5,3.6822,0.0167,0,0.75,0,0.06,0,0,0,0,0.1,0,0.05,0,0,0.25,14.9557,5.1162,12.9272,17.5708,6838
"p330","ssp585","INM-CM5-0","2075",0.27,0.3,0,50,101.92,4.0981,0.0167,0,1,0,0.05,0,0,0,0,0,0,0,0,0,0.5,15.8509,2.8272,15.6718,17.6936,6839
"p330","ssp585","INM-CM5-0","2075",0.33,0,0,50,110.18,4.4807,0.0667,0,0.35,0,0.21,0,0,0,0,0,0,0,0,0,0.3,14.546,8.637,15.896,16.4611,6840
"p330","ssp585","INM-CM5-0","2075",0.29,0.35,0,63,95.03,4.1721,0.1333,0,0.3,0,0.05,0,0,0,0,0,0,0.05,0,0,0.35,17.0695,7.6346,10.6323,16.8299,6841
"p330","ssp585","INM-CM5-0","2075",0.16,0.35,0,45,100.19,4.383,0.1833,0,0.45,0,0,0,0,0,0,0,0,0.1,0,0,0.2,15.6121,7.4355,13.0015,15.5721,6842
"p330","ssp585","INM-CM5-0","2075",0.16,0.4,0,37,109.81,4.0676,0.1167,0,0.75,0,0,0,0,0,0,0,0,0.1,0,0,0.2,15.072,6.6941,10.6417,15.687,6843
"p330","ssp585","INM-CM5-0","2075",0.29,0.55,0,66,105.93,4.4399,0.1,0,0.25,0,0.07,0,0,0,0,0.3,0,0,0,0,0.1,17.4848,8.1458,11.492,13.7073,6844
"p330","ssp585","INM-CM5-0","2075",0.15,0.55,0,39,111.79,4.224,0.0167,0,1,0,0.06,0,0,0,0,0.2,0,0,0,0,0.2,13.9188,4.1562,12.6082,13.6875,6845
"p330","ssp585","INM-CM5-0","2075",0.23,0.45,0,47,108.41,4.5353,0.1167,0,0,0,0.05,0,0,0,0,0,0,0,0,0,0.25,15.7304,8.3827,9.8335,14.8682,6846
"p330","ssp585","INM-CM5-0","2075",0.4,0.25,0,61,100.41,4.5028,0.25,0,0.2,0,0.07,0,0,0,0,0.1,0,0,0,0,0.15,16.0499,9.8012,12.424,15.2371,6847
"p330","ssp585","INM-CM5-0","2075",0.19,0.4,0,46,108.19,4.546,0.0833,0,0,0,0.05,0,0,0,0,0,0,0.1,0.05,0,0.4,15.6364,8.4372,11.5285,16.8236,6848
"p330","ssp585","INM-CM5-0","2075",0.15,0,0,48,115.31,4.4428,0.1,0,0.1,0,0.17,0,0,0,0,0.1,0,0,0,0,0.25,15.8628,8.7263,13.3118,15.4013,6849
"p330","ssp585","INM-CM5-0","2075",0.11,0.15,0,41,101.7,4.2543,0.1167,0,1,0,0.17,0,0,0,0,0,0,0.05,0.1,0,0.3,15.5488,2.517,11.8385,18.6277,6850
"p330","ssp585","INM-CM5-0","2075",0.44,0,0,47,102.72,4.0508,0,0,0.9,0,0.1,0.05,0,0,0,0,0,0.05,0,0,0.3,15.0246,4.6132,14.2823,16.9365,6851
"p330","ssp585","INM-CM5-0","2075",0.12,0.15,0,43,103.85,4.1282,0.0167,0,0.9,0,0.05,0,0,0,0,0,0,0,0,0,0.05,14.4622,5.4468,12.5825,13.7098,6852
"p330","ssp585","INM-CM5-0","2075",0.11,0.35,0,53,109.64,3.7283,0.15,0,0.95,0,0.17,0,0,0,0,0.25,0,0,0.05,0.15,0.15,16.1058,5.1664,15.3007,16.5396,6853
"p330","ssp585","INM-CM5-0","2075",0.29,0.2,0,41,108.82,3.9195,0.0167,0,1,0,0.06,0,0,0,0,0,0,0.05,0,0,0.2,14.6745,3.4579,10.9383,17.0414,6854
"p330","ssp585","INM-CM5-0","2075",0.46,0.35,0,51,106.94,4.2711,0.0667,0,0.55,0,0.1,0,0,0,0,0,0,0,0.05,0,0.35,16.3789,9.0744,13.8543,15.3474,6855
"p330","ssp585","INM-CM5-0","2075",0.23,0.15,0,56,101.56,4.3711,0.15,0,0.2,0,0.07,0,0,0,0,0,0,0.25,0.05,0,0.15,16.478,7.6538,12.0928,17.8314,6856
"p330","ssp585","INM-CM5-0","2075",0.12,0.35,0,45,104.3,4.3217,0.1667,0,0,0,0.06,0,0,0,0,0,0,0,0,0,0.5,15.5777,10.8899,9.7507,15.8344,6857
"p330","ssp585","INM-CM5-0","2075",0.35,0,0,38,113.06,4.4973,0.1,0,0.35,0,0.07,0,0,0,0,0,0,0,0.05,0,0.4,13.7679,7.8978,17.2855,15.9936,6858
"p330","ssp585","INM-CM5-0","2075",0.12,0.35,0.15,47,108.13,4.1493,0.0667,0,0.3,0,0.08,0,0,0,0,0,0,0,0,0,0.45,16.0307,6.5251,12.2595,16.9961,6859
"p330","ssp585","INM-CM5-0","2075",0.38,0.7,0,54,105.77,4.1532,0.0833,0,0.95,0,0.1,0,0,0,0,0,0,0,0,0.15,0.65,16.0385,5.4243,12.3897,17.2691,6860
"p330","ssp585","INM-CM5-0","2075",0.37,0.5,0,55,98.31,4.7213,0.0833,0,0.4,0.05,0.15,0,0,0,0,0,0,0,0,0,0.2,16.7781,7.2496,11.92,15.0381,6861
"p330","ssp585","INM-CM5-0","2075",0.29,0.45,0,45,110.17,4.5713,0.25,0,0,0.15,0.09,0,0,0,0,0,0,0,0,0,0.05,14.7566,9.7801,12.4923,12.6724,6862
"p330","ssp585","INM-CM5-0","2075",0.33,0.1,0,28,102.73,4.4322,0.05,0,0.5,0,0.1,0,0,0,0,0.1,0,0.05,0,0,0.25,12.1014,6.5168,14.018,16.7673,6863
"p330","ssp585","INM-CM5-0","2075",0.36,0,0,33,107.97,4.5205,0.1,0,0.05,0,0.06,0,0,0,0,0,0,0,0,0,0.25,13.2702,9.0248,12.2268,17.0564,6864
"p330","ssp585","INM-CM5-0","2075",0.15,0,0,43,115.35,4.005,0.1,0,0.2,0,0,0,0,0,0,0,0,0.15,0,0,0.25,15.2287,7.7464,11.2187,20.6666,6865
"p330","ssp585","INM-CM5-0","2075",0.15,0,0.15,45,112.9,4.4764,0.0833,0,0.45,0,0,0,0,0,0,0.1,0,0,0,0,0.15,15.0466,6.8542,15.27,18.4335,6866
"p330","ssp585","INM-CM5-0","2075",0.38,0.4,0,45,98.31,4.0557,0.05,0,0.1,0,0.13,0,0,0,0,0,0,0,0,0,0.2,15.4461,7.59,12.3937,17.0858,6867
"p330","ssp585","INM-CM5-0","2075",0.14,0.3,0,46,105.76,4.3492,0.0833,0,0.8,0,0.12,0,0,0,0,0,0,0.05,0.05,0,0.4,16.4027,6.6968,10.1998,17.5918,6868
"p330","ssp585","INM-CM5-0","2075",0.29,0.5,0,47,103.23,4.1034,0.1,0,0.25,0.05,0.07,0.05,0,0,0,0,0,0.1,0,0,0.35,15.4815,8.9582,12.5245,18.4987,6869
"p330","ssp585","INM-CM5-0","2075",0.51,0.1,0,58,102.88,4.2907,0.25,0,0.6,0,0.14,0,0,0,0,0,0,0,0,0,0.15,17.3246,7.9268,13.0488,16.1236,6870
"p330","ssp585","INM-CM5-0","2075",0.22,0.1,0,52,97.65,4.1864,0.1667,0,0.8,0,0.12,0,0,0,0,0,0,0,0,0,0.4,15.0973,6.3015,11.7142,15.2038,6871
"p330","ssp585","INM-CM5-0","2075",0.23,0,0,57,115.59,4.0076,0.1167,0,0.1,0,0,0,0,0,0,0,0,0.05,0.05,0,0.35,15.6771,8.4313,10.5858,17.3835,6872
"p330","ssp585","INM-CM5-0","2075",0.18,0.1,0.15,47,112.24,4.3577,0.0167,0,0.85,0,0.13,0,0,0,0,0,0,0.1,0,0,0.7,16.5073,5.4862,14.5397,18.6343,6873
"p330","ssp585","INM-CM5-0","2075",0.33,0.8,0,50,109.66,4.245,0.15,0,0.25,0,0.12,0,0,0,0,0,0,0,0,0,0.25,17.0768,9.3781,13.5272,18.0477,6874
"p330","ssp585","INM-CM5-0","2075",0.3,0.4,0,45,101.9,4.1961,0.15,0,0.2,0,0.12,0,0,0,0,0.15,0,0,0,0,0.1,15.7397,8.8564,13.5958,14.5755,6875
"p330","ssp585","INM-CM5-0","2075",0.12,0,0,47,111.48,4.7108,0.1,0,0.1,0,0.05,0,0,0,0,0,0,0,0,0,0.25,15.1293,7.8681,13.927,15.36,6876
"p330","ssp585","INM-CM5-0","2075",0.2,0.1,0,50,98.01,4.2374,0.15,0,0.2,0,0.06,0,0,0,0,0,0,0,0.05,0,0.1,16.3992,7.7773,12.7765,15.3335,6877
"p330","ssp585","INM-CM5-0","2075",0.43,0.6,0,49,102.98,4.1748,0.0333,0,0.3,0,0.1,0,0,0,0,0.15,0,0.05,0.05,0,0.5,16.236,7.4468,12.8508,16.958,6878
"p330","ssp585","INM-CM5-0","2075",0.38,0,0,40,100.31,4.0185,0.1,0,0.4,0,0,0,0,0,0,0.15,0,0,0,0,0.8,14.0743,7.6248,12.1552,17.6826,6879
"p330","ssp585","INM-CM5-0","2075",0.24,0.2,0,47,90.4,4.3156,0.25,0,0.05,0,0.17,0,0,0,0,0,0,0,0.05,0,0.45,16.2003,10.4698,12.1648,15.5589,6880
"p330","ssp585","INM-CM5-0","2075",0.24,0.35,0,55,109.2,4.0041,0.1167,0,0.05,0,0.05,0,0,0,0,0,0,0,0,0,0.3,16.9358,10.3629,12.8315,15.1428,6881
"p330","ssp585","INM-CM5-0","2075",0.3,0.35,0,48,97.62,4.3163,0.0833,0,0.9,0,0.05,0,0,0,0,0.15,0,0.1,0,0,0.2,17.3145,5.2106,11.2435,18.1118,6882
"p330","ssp585","INM-CM5-0","2075",0.31,0.4,0,39,110.53,4.4401,0.0667,0,0.4,0.05,0.1,0,0,0,0,0.1,0,0.25,0.05,0,0.15,15.3153,6.6442,11.637,16.6636,6883
"p330","ssp585","INM-CM5-0","2075",0.29,0.65,0,26,103.16,4.5988,0.15,0,0.35,0,0.05,0,0,0,0,0,0,0,0,0.15,0.45,13.8799,7.9908,10.035,18.3932,6884
"p330","ssp585","INM-CM5-0","2075",0.24,1,0,49,107.93,4.3213,0.0833,0,0.45,0,0.06,0,0,0.15,0,0,0,0.05,0,0,0.05,16.5063,6.3512,14.2675,16.0338,6885
"p330","ssp585","INM-CM5-0","2075",0.28,0.15,0,51,102.77,4.1651,0.1,0,0.75,0,0.14,0,0,0,0,0.1,0,0.05,0.05,0,0.05,16.3475,6.6476,13.1422,16.5288,6886
"p330","ssp585","INM-CM5-0","2075",0.41,0.2,0,43,108.13,4.4776,0.1167,0,0.5,0,0.09,0,0,0,0,0,0,0,0.05,0.15,0.8,15.5462,6.7278,13.528,17.1698,6887
"p330","ssp585","INM-CM5-0","2075",0.35,0.5,0,48,108.96,4.2889,0.1333,0,0.15,0,0.1,0,0,0,0,0,0,0,0,0,0.2,17.0016,8.6568,13.0385,16.5055,6888
"p330","ssp585","INM-CM5-0","2075",0.32,0.1,0,46,105.02,4.6839,0.1667,0,0.25,0,0.11,0,0,0,0,0,0,0,0,0,0.25,15.2159,8.0251,11.961,15.3397,6889
"p330","ssp585","INM-CM5-0","2075",0.21,0,0,35,105.93,4.206,0.0333,0,1,0,0.06,0,0,0,0,0,0,0,0,0,0.15,13.9745,4.6288,12.2408,15.0427,6890
"p330","ssp585","INM-CM5-0","2075",0.22,0.3,0,53,110.3,4.3128,0.0833,0,0.65,0,0.06,0,0,0,0,0,0,0,0,0,0.25,16.1104,6.853,13.1473,13.5868,6891
"p330","ssp585","INM-CM5-0","2075",0.18,0,0,31,100.53,4.2108,0.0833,0,0.55,0,0.16,0,0,0,0,0,0,0.05,0,0,0.15,13.8768,6.9603,12.2627,16.8124,6892
"p330","ssp585","INM-CM5-0","2075",0.06,0.3,0,39,105.25,4.7493,0.3667,0,0.3,0,0.1,0,0,0,0,0,0,0,0,0,0.15,14.2103,10.068,11.3002,14.9672,6893
"p330","ssp585","INM-CM5-0","2075",0.27,0.65,0,54,104.48,4.1428,0.0833,0,0.1,0,0.09,0,0,0,0,0,0,0,0,0,0.15,16.5072,7.5552,11.3263,14.5365,6894
"p330","ssp585","INM-CM5-0","2075",0,0.1,0.1,43,105.5,4.3479,0.1667,0,0.65,0,0.13,0,0,0,0,0,0,0,0,0.3,0.3,15.7586,9.0092,14.201,16.792,6895
"p330","ssp585","INM-CM5-0","2075",0.32,0.8,0,60,110.16,4.2656,0.0333,0,1,0,0.11,0,0,0,0,0,0,0,0,0,0.2,17.3158,5.3326,15.101,17.5295,6896
"p330","ssp585","INM-CM5-0","2075",0.13,0,0,63,111.65,4.2411,0.1167,0,0.7,0,0.08,0,0,0,0,0.1,0,0,0,0,0.1,16.3563,6.1343,15.7182,15.154,6897
"p330","ssp585","INM-CM5-0","2075",0.2,0.4,0,45,109.17,4.3037,0.1833,0,0.1,0,0.15,0,0,0,0,0,0,0,0,0,0,15.0062,8.9585,13.3978,13.1914,6898
"p330","ssp585","INM-CM5-0","2075",0.27,0,0,62,95.1,4.0603,0.0667,0,0.55,0,0,0,0,0,0,0,0,0,0,0,0.2,16.8102,8.2533,9.8922,16.7226,6899
"p330","ssp585","INM-CM5-0","2075",0.3,0.45,0,64,109.44,4.304,0.05,0,0.35,0,0.1,0,0,0,0,0,0,0,0,0,0.4,17.5817,7.1866,12.1355,13.4774,6900
"p330","ssp585","IPSL-CM6A-LR","2075",0.16,0.65,0.1,66,106.14,4.6026,0.1167,0,0.1,0,0,0,0,0,0,0.1,0,0.05,0,0,0.4,19.3123,8.8808,13.2088,18.4912,6901
"p330","ssp585","IPSL-CM6A-LR","2075",0.05,0.65,0,68,106.17,4.8455,0.05,0,0,0,0.2,0,0,0,0,0.1,0,0.25,0,0,0.75,19.1555,9.9262,14.8872,19.7524,6902
"p330","ssp585","IPSL-CM6A-LR","2075",0.15,0.75,0,70,108.9,4.6583,0.1667,0,0.6,0,0.26,0,0,0,0,0.1,0,0.15,0,0,0.15,18.7721,8.9407,17.6738,19.4624,6903
"p330","ssp585","IPSL-CM6A-LR","2075",0.31,0.35,0,69,99.17,4.6243,0.2,0,0,0,0.08,0,0,0,0,0.2,0,0.05,0,0,0.4,17.7145,10.7738,12.9105,18.8291,6904
"p330","ssp585","IPSL-CM6A-LR","2075",0.21,0.55,0,68,104.76,4.7538,0.1333,0,0.05,0,0.15,0,0,0.15,0,0,0,0.05,0,0,0.65,19.3402,9.5809,16.3145,18.395,6905
"p330","ssp585","IPSL-CM6A-LR","2075",0.28,0.5,0.1,68,97.26,4.8363,0.1,0,0.3,0,0,0,0,0,0,0,0,0.1,0,0,0.35,18.2764,9.2786,11.0875,18.2785,6906
"p330","ssp585","IPSL-CM6A-LR","2075",0.27,0.8,0,65,109.02,4.6615,0.0833,0,0.2,0,0.12,0,0,0,0,0,0,0,0,0,0.4,19.1727,8.719,12.8947,16.4991,6907
"p330","ssp585","IPSL-CM6A-LR","2075",0.34,0.7,0,47,94.49,4.8122,0.0833,0,0.25,0,0.06,0,0,0,0,0,0,0.35,0.05,0,0.15,17.9134,9.6409,14.053,22.7574,6908
"p330","ssp585","IPSL-CM6A-LR","2075",0.41,0.6,0,88,102.25,4.1238,0.0667,0,0.45,0,0.1,0,0,0,0,0,0,0.15,0.05,0,0.3,20.4512,7.2222,16.3065,18.6788,6909
"p330","ssp585","IPSL-CM6A-LR","2075",0.3,0.85,0,66,108.52,4.9017,0.2,0,0.45,0,0.16,0,0,0,0,0,0,0.1,0,0,0.45,19.8296,8.2139,15.927,18.7271,6910
"p330","ssp585","IPSL-CM6A-LR","2075",0.13,0.45,0,84,108.76,4.679,0.0833,0,0.1,0,0.19,0,0,0,0,0,0,0,0,0,0.45,20.5357,10.6562,16.9033,19.1565,6911
"p330","ssp585","IPSL-CM6A-LR","2075",0.24,0,0.1,55,96.76,4.6399,0.0333,0,0.25,0,0,0,0,0,0,0.1,0,0.1,0,0,0.2,16.6601,9.283,14.3468,20.5785,6912
"p330","ssp585","IPSL-CM6A-LR","2075",0.24,0.65,0,71,104.9,4.7856,0.2667,0,0.15,0,0.1,0,0,0.1,0,0.15,0,0,0,0,0.3,20.0062,11.6091,17.132,17.8466,6913
"p330","ssp585","IPSL-CM6A-LR","2075",0.26,0.8,0,59,100.79,5.0305,0.2667,0,0,0,0.12,0,0,0,0,0.15,0,0.15,0,0,0.55,18.0361,11.5556,16.3497,18.8927,6914
"p330","ssp585","IPSL-CM6A-LR","2075",0.1,0.9,0,67,109.63,4.703,0.1167,0,0.05,0,0.05,0,0,0.1,0,0.1,0,0.3,0.05,0,0.5,18.6563,9.6676,15.8333,22.0276,6915
"p330","ssp585","IPSL-CM6A-LR","2075",0.17,0.45,0,66,104.32,4.6472,0.1167,0,0.1,0,0.12,0,0,0.1,0,0.15,0,0.25,0.05,0,0.5,18.3041,9.3258,17.3622,20.002,6916
"p330","ssp585","IPSL-CM6A-LR","2075",0.13,0.55,0,65,112.32,4.6035,0.1333,0,0.2,0,0.11,0,0,0.15,0,0,0,0.2,0,0,0.15,18.3875,10.8138,17.6228,19.031,6917
"p330","ssp585","IPSL-CM6A-LR","2075",0.18,0.7,0,57,105.04,4.4628,0.0333,0,0.75,0,0,0,0,0,0,0.1,0,0,0,0,0.35,17.5177,6.6759,11.5727,17.775,6918
"p330","ssp585","IPSL-CM6A-LR","2075",0.38,0.55,0,67,107.66,4.3776,0.0667,0,0.75,0,0.07,0,0,0,0,0.1,0,0,0,0,0.3,18.643,7.8307,12.7828,18.5459,6919
"p330","ssp585","IPSL-CM6A-LR","2075",0.17,0.8,0,70,99.4,5.0766,0.0333,0,0.85,0,0,0,0,0,0,0.1,0,0.25,0,0,0.85,19.8968,7.9672,15.1928,21.3458,6920
"p330","ssp585","IPSL-CM6A-LR","2075",0.2,0.5,0,75,100.7,4.2804,0.1167,0,0.05,0,0.07,0,0,0,0,0,0,0.1,0.1,0,0.9,19.7588,8.9676,15.5088,20.4144,6921
"p330","ssp585","IPSL-CM6A-LR","2075",0.16,0.4,0,46,101.06,4.5248,0.1,0,0,0,0.06,0,0,0.1,0,0,0,0,0,0,0.35,16.9965,10.7311,18.2067,21.6205,6922
"p330","ssp585","IPSL-CM6A-LR","2075",0.16,0.6,0,59,107.99,4.5425,0.15,0,0.15,0.05,0.07,0,0,0,0,0,0,0,0,0,0.45,18.1805,10.7817,12.3213,16.9706,6923
"p330","ssp585","IPSL-CM6A-LR","2075",0.49,0.65,0,68,114,4.1577,0.0167,0,0.05,0,0,0,0,0,0,0,0,0.3,0,0.15,0.35,18.1769,8.3521,14.6805,20.9848,6924
"p330","ssp585","IPSL-CM6A-LR","2075",0.16,0.55,0,46,109.46,4.7902,0.0667,0,0.25,0,0,0,0,0,0,0.2,0,0,0,0,0.2,18.8197,8.9064,12.8392,18.1038,6925
"p330","ssp585","IPSL-CM6A-LR","2075",0.28,0.4,0,75,102.58,4.559,0.1333,0,0.1,0,0.06,0,0,0,0,0.15,0,0,0,0,0.4,20.4385,8.6388,16.6323,19.2248,6926
"p330","ssp585","IPSL-CM6A-LR","2075",0.32,0.45,0,58,103.88,4.7175,0.1167,0,0.4,0,0.15,0,0,0,0,0.1,0,0.3,0,0,0.8,17.4436,8.0906,17.2633,21.1418,6927
"p330","ssp585","IPSL-CM6A-LR","2075",0,0.4,0,60,97.73,4.6503,0.0833,0,0,0,0.05,0,0,0,0,0.15,0,0,0,0,0.3,17.7495,10.9356,13.0822,19.0702,6928
"p330","ssp585","IPSL-CM6A-LR","2075",0.22,0.6,0,75,110.67,4.7725,0.05,0,0.2,0,0,0,0,0,0,0,0,0.05,0,0,0.3,19.1196,8.8056,14.4462,17.5103,6929
"p330","ssp585","IPSL-CM6A-LR","2075",0.32,0.25,0,57,95.94,4.6654,0.0833,0,1,0,0.14,0,0,0.2,0,0,0,0.3,0,0,0.35,17.6113,5.4425,15.6817,20.0139,6930
"p330","ssp585","IPSL-CM6A-LR","2075",0.15,0.1,0.1,67,105.6,4.6944,0.0833,0,0.5,0,0.05,0,0,0,0,0.1,0,0,0,0,0.45,18.5961,6.821,16.1642,16.1367,6931
"p330","ssp585","IPSL-CM6A-LR","2075",0.42,1,0,74,101.37,4.7847,0.0667,0,0,0,0.12,0,0,0,0,0,0,0.1,0,0,0.5,19.7697,9.0766,11.3895,18.1585,6932
"p330","ssp585","IPSL-CM6A-LR","2075",0.32,0.45,0,72,102.47,4.9011,0.1167,0,0.15,0,0,0,0,0.15,0,0.25,0,0.05,0,0,0.5,18.8851,9.9036,18.1907,19.2678,6933
"p330","ssp585","IPSL-CM6A-LR","2075",0.22,0.8,0,65,95.84,4.6791,0.1333,0,0.1,0,0.12,0,0,0,0,0,0,0.25,0,0.15,0.45,18.1405,11.2478,16.004,20.2527,6934
"p330","ssp585","IPSL-CM6A-LR","2075",0.44,0.55,0,73,106.35,4.8705,0.1333,0,0.1,0,0.06,0,0,0,0,0,0,0.15,0,0,0.35,18.8637,9.0828,12.3937,19.2229,6935
"p330","ssp585","IPSL-CM6A-LR","2075",0.37,1,0,64,111.5,4.9234,0.1,0,0.25,0,0.13,0,0,0,0,0,0,0,0,0,0.05,19.3729,8.9453,14.7567,14.8809,6936
"p330","ssp585","IPSL-CM6A-LR","2075",0.25,0.7,0,60,103.04,4.5123,0.1667,0,0.2,0,0.07,0,0,0,0,0.3,0,0.1,0.05,0,0.45,18.289,9.9503,16.809,19.1012,6937
"p330","ssp585","IPSL-CM6A-LR","2075",0.2,0.55,0,70,114.12,3.9834,0.0167,0,0.45,0,0.06,0,0,0,0,0.1,0,0.2,0,0,0.35,17.8596,6.6268,15.2628,20.7848,6938
"p330","ssp585","IPSL-CM6A-LR","2075",0.28,0.5,0,57,98.93,4.3995,0.05,0,1,0,0.05,0,0,0.2,0,0,0,0.1,0,0,0.4,18.7499,4.3314,18.002,20.9065,6939
"p330","ssp585","IPSL-CM6A-LR","2075",0.33,0.35,0.1,69,109.42,4.8135,0.0667,0,0.15,0,0.21,0,0,0.15,0,0,0,0.1,0,0,0.2,17.4413,10.1354,18.2262,19.6673,6940
"p330","ssp585","IPSL-CM6A-LR","2075",0.34,1,0,80,104.45,4.5777,0.1167,0,0.1,0,0.12,0,0,0,0,0,0,0.15,0,0,0.3,19.9788,9.151,12.9735,20.0357,6941
"p330","ssp585","IPSL-CM6A-LR","2075",0.16,0.25,0,70,95.65,4.6995,0.1667,0,0.15,0,0,0,0,0,0,0,0,0.3,0,0,0.35,18.5166,8.9469,15.3383,18.785,6942
"p330","ssp585","IPSL-CM6A-LR","2075",0.16,0.15,0,41,109.94,4.4019,0.1167,0,0.45,0,0.07,0,0,0,0,0,0,0.2,0,0,0.35,17.9723,8.1991,12.972,18.9003,6943
"p330","ssp585","IPSL-CM6A-LR","2075",0.29,1,0,87,103.42,4.8473,0.0833,0,0.1,0,0.07,0,0,0,0,0.35,0,0,0,0,0.4,20.3804,9.6453,13.8233,16.912,6944
"p330","ssp585","IPSL-CM6A-LR","2075",0.15,0.85,0,53,104.31,4.5787,0.0333,0,0.85,0,0.06,0,0,0,0,0.35,0,0.05,0,0,0.3,16.8287,5.6745,14.9518,16.8947,6945
"p330","ssp585","IPSL-CM6A-LR","2075",0.23,0.85,0,57,106.58,4.8971,0.1333,0,0,0,0.05,0,0,0,0,0,0,0,0,0,0.75,18.6362,9.896,12.1712,18.0812,6946
"p330","ssp585","IPSL-CM6A-LR","2075",0.4,1,0,68,104.96,4.8312,0.2167,0,0.1,0,0.07,0,0,0,0,0.1,0,0.05,0,0,0.25,18.9512,11.3079,14.756,18.4505,6947
"p330","ssp585","IPSL-CM6A-LR","2075",0.19,0.7,0,61,104.93,4.9572,0.0833,0,0,0,0.05,0,0,0,0,0,0,0.2,0.05,0,0.65,18.5337,9.9384,13.8597,20.0291,6948
"p330","ssp585","IPSL-CM6A-LR","2075",0.2,0,0,69,109.72,4.8246,0.0833,0,0.05,0,0.17,0,0,0,0,0.1,0,0.05,0,0,0.25,18.7731,10.2451,15.6552,18.6078,6949
"p330","ssp585","IPSL-CM6A-LR","2075",0.11,0.5,0,69,103.91,4.6117,0.1,0,1,0,0.22,0,0,0,0,0,0,0.45,0.1,0,0.2,18.4554,4.0298,14.1773,21.8408,6950
"p330","ssp585","IPSL-CM6A-LR","2075",0.44,0.35,0,62,108.9,4.4458,0,0,0.7,0,0.1,0.05,0,0,0,0,0,0.25,0,0,0.2,17.9269,6.1211,16.615,20.1497,6951
"p330","ssp585","IPSL-CM6A-LR","2075",0.12,0.15,0,59,112.06,4.466,0.05,0,0.25,0,0.11,0,0,0,0,0.3,0,0,0,0,0.45,17.3604,6.9491,14.9155,16.9158,6952
"p330","ssp585","IPSL-CM6A-LR","2075",0.11,0.55,0,77,114.54,4.0554,0.1833,0,0.65,0,0.17,0,0,0,0,0.2,0,0.35,0,0,0.3,19.0176,6.6862,17.6453,19.7468,6953
"p330","ssp585","IPSL-CM6A-LR","2075",0.29,0.35,0,57,112.41,4.3134,0,0,0.7,0,0.06,0,0,0,0,0,0,0.1,0,0,0.2,17.5812,4.9728,13.277,20.2545,6954
"p330","ssp585","IPSL-CM6A-LR","2075",0.46,0.9,0,79,105.98,4.6085,0.05,0,0.35,0,0.1,0,0,0,0,0,0,0.05,0.05,0,0.8,19.2813,10.583,16.1888,18.5602,6955
"p330","ssp585","IPSL-CM6A-LR","2075",0.23,0.45,0,77,106.47,4.7396,0.1333,0,0.05,0,0.07,0,0,0,0,0,0,0.55,0,0,0.05,19.3769,9.1572,14.4265,21.037,6956
"p330","ssp585","IPSL-CM6A-LR","2075",0.12,0.7,0,64,103.16,4.6619,0.1333,0,0,0,0.06,0,0,0,0,0,0,0.15,0,0,0.8,18.49,12.4106,12.097,19.0412,6957
"p330","ssp585","IPSL-CM6A-LR","2075",0.38,0.55,0.15,53,110.45,4.8987,0.1,0,0.25,0,0.13,0,0,0.3,0,0,0,0,0.1,0,0.7,16.676,9.413,19.6263,19.2065,6958
"p330","ssp585","IPSL-CM6A-LR","2075",0.12,0.35,0.15,63,105.99,4.5489,0.0667,0,0.2,0,0.08,0,0,0,0,0.15,0,0.1,0,0,0.4,18.9346,8.0352,14.5943,20.2086,6959
"p330","ssp585","IPSL-CM6A-LR","2075",0.38,1,0,60,109.45,4.5595,0.0833,0,0.65,0,0.1,0,0,0,0,0.15,0,0.15,0,0,0.8,18.9381,6.928,14.7243,20.4756,6960
"p330","ssp585","IPSL-CM6A-LR","2075",0.37,0.55,0,71,97.23,5.0625,0.0667,0,0.15,0,0.15,0,0,0,0,0,0,0.05,0.05,0,0.6,19.6916,8.7712,14.2668,18.2446,6961
"p330","ssp585","IPSL-CM6A-LR","2075",0.29,0.55,0,62,103.96,4.9373,0.2,0,0,0,0.09,0,0,0,0,0,0,0,0,0,0.7,17.6659,11.2964,14.8337,15.8865,6962
"p330","ssp585","IPSL-CM6A-LR","2075",0.33,0.15,0.1,39,102.09,4.7988,0.05,0,0.15,0,0.1,0,0,0,0,0.1,0,0.3,0,0,0.45,15.0064,8.0274,16.3545,19.9798,6963
"p330","ssp585","IPSL-CM6A-LR","2075",0.36,0.1,0,50,105.37,4.8466,0.0833,0,0,0,0.06,0,0,0,0,0.1,0,0.05,0,0,0.25,16.1704,10.5302,14.5628,20.2623,6964
"p330","ssp585","IPSL-CM6A-LR","2075",0.15,0.45,0,58,112.87,4.3956,0.0833,0,0,0,0.05,0,0,0,0,0,0,0.85,0,0,0.15,18.1427,9.2692,13.567,23.8725,6965
"p330","ssp585","IPSL-CM6A-LR","2075",0.16,0.15,0.3,62,110.46,4.8662,0.1,0,0.25,0,0,0,0,0,0,0.2,0,0.2,0,0,0.2,17.9564,8.3718,17.6127,21.6465,6966
"p330","ssp585","IPSL-CM6A-LR","2075",0.35,0.5,0,68,102.51,4.3662,0.05,0,0,0,0.17,0,0,0,0,0,0,0.2,0,0,0.4,18.3515,9.1019,14.732,20.2991,6967
"p330","ssp585","IPSL-CM6A-LR","2075",0.14,0.4,0.1,72,100.89,4.7534,0.1,0,0.6,0,0.12,0,0,0,0,0,0,0.2,0.05,0,0.5,19.3039,8.2036,12.5355,20.7976,6968
"p330","ssp585","IPSL-CM6A-LR","2075",0.31,0.65,0,64,95.76,4.4651,0.05,0,0.05,0,0.1,0,0,0,0,0,0,0.3,0,0,0.45,18.3969,10.4819,14.8738,21.7047,6969
"p330","ssp585","IPSL-CM6A-LR","2075",0.51,0.7,0,77,97.67,4.6441,0.2167,0,0.15,0,0.14,0,0,0,0,0,0,0,0,0,0.4,20.235,9.4449,15.3938,19.3367,6970
"p330","ssp585","IPSL-CM6A-LR","2075",0.22,0.1,0,69,102.63,4.5101,0.2,0,0.4,0,0.12,0,0,0,0,0.1,0,0.1,0,0,0.2,18.0035,7.8148,14.0528,18.4164,6971
"p330","ssp585","IPSL-CM6A-LR","2075",0.23,0.5,0,71,111.88,4.2848,0.0833,0,0.1,0,0,0,0,0,0,0,0,0.4,0.05,0,0.45,18.5797,9.9382,12.9243,20.5886,6972
"p330","ssp585","IPSL-CM6A-LR","2075",0.23,0.55,0,65,114.74,4.7658,0.0167,0,0.65,0,0.13,0,0,0,0,0,0,0.3,0,0,1,19.4234,7.011,16.8895,21.8404,6973
"p330","ssp585","IPSL-CM6A-LR","2075",0.33,0.7,0,66,105.57,4.5977,0.1667,0,0.05,0,0.12,0,0,0,0,0,0,0.4,0,0,0.7,19.9881,10.8988,15.8713,21.2618,6974
"p330","ssp585","IPSL-CM6A-LR","2075",0.3,0.55,0,66,104.34,4.5203,0.15,0,0,0,0.13,0,0,0,0,0.15,0,0.05,0,0,0.2,18.6468,10.3709,15.9353,17.7898,6975
"p330","ssp585","IPSL-CM6A-LR","2075",0.12,0.15,0,80,105.34,5.1007,0.1,0,0.05,0,0.07,0,0,0,0,0,0,0.05,0,0,0.7,18.0324,9.3762,16.2655,18.5658,6976
"p330","ssp585","IPSL-CM6A-LR","2075",0.2,0.6,0,68,100.55,4.6219,0.1167,0,0,0,0.06,0,0,0,0,0.3,0,0.25,0.05,0,0.2,19.3152,9.3038,15.1283,18.5387,6977
"p330","ssp585","IPSL-CM6A-LR","2075",0.43,0.8,0,70,107.75,4.564,0.0167,0,0.3,0,0.12,0,0,0,0,0.15,0,0.3,0.05,0,0.6,19.1483,8.9672,15.1973,20.1717,6978
"p330","ssp585","IPSL-CM6A-LR","2075",0.38,0.55,0,55,104.72,4.3213,0.0833,0,0.3,0,0,0,0,0,0,0.15,0,0.15,0,0,0.45,16.9826,9.1402,14.4957,20.895,6979
"p330","ssp585","IPSL-CM6A-LR","2075",0.24,0.3,0.1,68,88.92,4.6638,0.25,0,0,0,0.18,0,0,0,0,0,0,0.1,0.05,0,0.8,19.104,11.98,14.5005,18.7715,6980
"p330","ssp585","IPSL-CM6A-LR","2075",0.26,0.35,0,68,107.31,4.3815,0.1333,0,0,0,0.05,0,0,0,0,0,0,0.2,0,0,0.2,19.8535,11.8904,15.1795,18.3503,6981
"p330","ssp585","IPSL-CM6A-LR","2075",0.3,0.65,0,73,94.75,4.7021,0.0833,0,0.7,0,0.05,0,0,0,0,0,0,0.35,0,0,0.35,20.2276,6.7332,13.586,21.333,6982
"p330","ssp585","IPSL-CM6A-LR","2075",0.37,0.65,0,70,105.71,4.7742,0.0667,0,0.3,0,0.12,0,0,0,0,0.1,0,0.7,0.05,0,0.15,18.2247,8.1614,13.9738,19.8848,6983
"p330","ssp585","IPSL-CM6A-LR","2075",0.29,0.4,0,47,102.09,4.9433,0.1833,0,0.1,0,0.05,0,0,0,0,0,0,0.2,0,0.15,0.9,16.7851,9.5018,12.3715,21.6067,6984
"p330","ssp585","IPSL-CM6A-LR","2075",0.24,0.75,0,56,105.44,4.6578,0.1167,0,0.25,0,0.08,0,0,0.6,0,0,0,0.15,0,0,0.3,19.4247,7.8799,16.6167,19.2403,6985
"p330","ssp585","IPSL-CM6A-LR","2075",0.23,0.1,0,64,100.53,4.5248,0.0833,0,0.6,0,0.15,0,0,0,0,0.1,0,0.25,0.05,0,0.15,19.2618,8.1709,15.4857,19.75,6986
"p330","ssp585","IPSL-CM6A-LR","2075",0.42,1,0,69,110.83,4.916,0.15,0,0.3,0,0.09,0,0,0,0,0,0,0.05,0.05,0,0.55,18.4569,8.2455,15.8658,20.3912,6987
"p330","ssp585","IPSL-CM6A-LR","2075",0.33,0.95,0,61,108.22,4.6397,0.15,0,0.05,0,0.1,0,0,0,0,0.1,0,0.1,0,0,0.15,19.9076,10.1688,15.3755,19.7189,6988
"p330","ssp585","IPSL-CM6A-LR","2075",0.33,0.1,0,68,102.56,5.0835,0.15,0,0.1,0,0.11,0,0,0,0,0,0,0,0,0,0.7,18.1353,9.5547,14.311,18.5454,6989
"p330","ssp585","IPSL-CM6A-LR","2075",0.21,0.65,0,52,111.27,4.6127,0.0167,0,0.6,0,0.1,0,0,0.15,0,0.1,0,0,0,0,0.65,16.8896,6.1533,14.5853,18.263,6990
"p330","ssp585","IPSL-CM6A-LR","2075",0.22,0.5,0,67,113.14,4.7109,0.1,0,0.15,0,0.06,0,0,0,0,0,0,0,0.05,0,0.3,19.0213,8.3723,15.4858,16.807,6991
"p330","ssp585","IPSL-CM6A-LR","2075",0.18,0.25,0,57,102.51,4.5406,0.0833,0,0.3,0,0.16,0,0,0,0,0,0,0.3,0,0,0.3,16.7834,8.4733,14.6017,20.0253,6992
"p330","ssp585","IPSL-CM6A-LR","2075",0.11,0.4,0,56,106.86,5.0692,0.3167,0,0.15,0,0.14,0,0,0,0,0,0,0,0,0,0.65,17.1305,11.5991,13.6525,18.1737,6993
"p330","ssp585","IPSL-CM6A-LR","2075",0.27,1,0,76,106.72,4.536,0.0833,0,0.05,0,0.14,0,0,0,0,0,0,0,0,0,0.5,19.4232,9.0807,13.673,17.7574,6994
"p330","ssp585","IPSL-CM6A-LR","2075",0,0.4,0.1,69,108.67,4.7321,0.1833,0,0.3,0,0.13,0,0,0,0,0,0,0.05,0,0.3,0.75,18.6708,10.5297,16.5408,20.0138,6995
"p330","ssp585","IPSL-CM6A-LR","2075",0.32,1,0,70,106.46,4.6706,0.0667,0,0.75,0,0.11,0,0,0,0,0,0,0.05,0,0,0.25,20.2235,6.8465,17.4403,20.7429,6996
"p330","ssp585","IPSL-CM6A-LR","2075",0.13,0.2,0,78,112.94,4.6729,0.1167,0,0.35,0,0.08,0,0,0,0,0.1,0,0.05,0,0,0.15,19.2767,7.6653,18.0707,18.3597,6997
"p330","ssp585","IPSL-CM6A-LR","2075",0.2,0.5,0,57,105.91,4.6923,0.15,0,0.05,0,0.15,0,0,0,0,0,0,0,0,0,1,17.9237,10.485,15.7445,16.4121,6998
"p330","ssp585","IPSL-CM6A-LR","2075",0.27,0,0,84,94.66,4.3907,0.0833,0,0.5,0,0.05,0,0,0,0,0,0,0.1,0,0,0.75,19.7229,9.7747,12.233,19.9432,6999
"p330","ssp585","IPSL-CM6A-LR","2075",0.36,0.7,0,82,105.33,4.6554,0.0333,0,0.05,0,0.1,0,0,0,0,0,0,0,0,0,0.65,20.4904,8.7021,14.4765,16.6903,7000
"p330","ssp585","MIROC-ES2L","2075",0.11,0.2,0.2,60,109.01,4.5493,0.1,0,0,0,0,0,0,0,0,0.1,0,0,0,0,0.25,17.1029,9.568,12.9965,16.4319,7001
"p330","ssp585","MIROC-ES2L","2075",0.05,0.55,0.1,64,105.24,4.7737,0.05,0,0,0,0.08,0,0,0,0,0.1,0,0,0,0,0.6,16.945,10.6154,14.6847,17.7094,7002
"p330","ssp585","MIROC-ES2L","2075",0.05,0.2,0,57,110.24,4.6101,0.2,0,0.5,0,0.24,0,0,0,0,0.1,0,0,0,0,0.25,16.5592,9.6308,17.483,17.4262,7003
"p330","ssp585","MIROC-ES2L","2075",0.31,0,0.2,57,103.43,4.579,0.1833,0,0,0,0.08,0,0,0,0,0.2,0,0,0,0,0.35,15.5002,11.4638,12.7227,16.8108,7004
"p330","ssp585","MIROC-ES2L","2075",0.18,0,0,63,104.71,4.6954,0.1667,0,0.05,0,0.05,0,0,0,0,0,0,0,0,0,0.45,17.1315,10.2673,16.0998,16.3346,7005
"p330","ssp585","MIROC-ES2L","2075",0.25,0.1,0.1,55,103.51,4.7846,0.1,0,0.25,0,0,0,0,0,0,0,0,0,0,0,0.4,16.0653,9.9673,10.884,16.2339,7006
"p330","ssp585","MIROC-ES2L","2075",0.1,0.2,0,54,106.9,4.6398,0.1167,0,0.1,0,0.12,0,0,0,0,0,0,0,0,0,0.15,16.9605,9.4096,12.7018,14.4623,7007
"p330","ssp585","MIROC-ES2L","2075",0.33,0.3,0,38,101.28,4.7482,0.1,0,0.2,0,0.06,0,0,0,0,0,0,0.15,0.05,0,0.6,15.699,10.3306,13.8632,20.7365,7008
"p330","ssp585","MIROC-ES2L","2075",0.41,0,0,79,105.61,4.067,0.05,0,0.2,0,0.1,0,0,0,0,0,0,0.05,0.05,0,0.2,18.243,7.9095,16.0888,16.6181,7009
"p330","ssp585","MIROC-ES2L","2075",0.24,0.55,0,60,106.51,4.87,0.2,0,0.35,0,0.16,0,0,0,0,0,0,0,0,0,0.25,17.6196,8.9021,15.7207,16.6809,7010
"p330","ssp585","MIROC-ES2L","2075",0.13,0.2,0.2,73,105.73,4.6101,0.1,0,0.1,0,0.14,0,0,0,0,0,0,0,0,0,0.35,18.3242,11.3463,16.707,17.118,7011
"p330","ssp585","MIROC-ES2L","2075",0.21,0,0.1,33,98.85,4.5746,0.05,0,0.2,0,0,0,0,0,0,0.1,0,0,0,0,0.2,14.4459,9.9714,14.1553,18.5568,7012
"p330","ssp585","MIROC-ES2L","2075",0.17,0.3,0,65,106.03,4.7142,0.2667,0,0.15,0,0.1,0,0,0.1,0,0.25,0,0,0,0,0.25,17.7987,12.2948,16.9132,15.7841,7013
"p330","ssp585","MIROC-ES2L","2075",0.25,0,0,52,102.92,4.9732,0.2833,0,0,0,0.12,0,0,0,0,0.15,0,0,0,0,0.35,15.8266,12.2438,16.1407,16.8447,7014
"p330","ssp585","MIROC-ES2L","2075",0.1,0.1,0,60,108.16,4.633,0.1333,0,0.05,0,0.05,0,0,0,0,0.3,0,0.2,0,0,0.3,16.4441,10.3574,15.6353,19.9873,7015
"p330","ssp585","MIROC-ES2L","2075",0.11,0,0.15,54,104.71,4.6004,0.1333,0,0.05,0,0.12,0,0,0.1,0,0.35,0,0.05,0,0,0.65,16.091,10.0138,17.1673,17.9786,7016
"p330","ssp585","MIROC-ES2L","2075",0.13,0.1,0,53,109.12,4.5251,0.1333,0,0.1,0,0.11,0,0,0,0,0,0,0.05,0,0,0.25,16.1798,11.4998,17.402,16.9669,7017
"p330","ssp585","MIROC-ES2L","2075",0.14,0.35,0,48,104.69,4.3955,0.05,0,0.55,0,0,0,0,0,0,0.1,0,0,0,0,0.15,15.3084,7.3632,11.3618,15.725,7018
"p330","ssp585","MIROC-ES2L","2075",0.32,0.4,0,51,107.24,4.3456,0.0833,0,0.65,0,0.07,0,0,0,0,0.1,0,0,0,0,0.25,16.4319,8.5198,12.5822,16.5045,7019
"p330","ssp585","MIROC-ES2L","2075",0.17,0.45,0,62,101.35,4.9829,0.0333,0,0.8,0,0,0,0,0,0,0,0,0,0,0,0.7,17.6837,8.6554,14.9968,19.3208,7020
"p330","ssp585","MIROC-ES2L","2075",0.2,0.25,0,64,102.09,4.2128,0.1,0,0.05,0,0.07,0,0,0,0,0.1,0,0,0.05,0,0.85,17.5515,9.6528,15.2862,18.3484,7021
"p330","ssp585","MIROC-ES2L","2075",0.16,0,0,36,98.19,4.472,0.1167,0,0,0,0.06,0,0,0.1,0,0,0,0,0,0,0.35,14.7873,11.4192,17.9947,19.5695,7022
"p330","ssp585","MIROC-ES2L","2075",0.1,0.35,0,49,107.51,4.4844,0.1667,0,0.05,0.05,0.06,0,0,0,0,0,0,0,0,0,0.25,15.9692,11.4703,12.119,14.9268,7023
"p330","ssp585","MIROC-ES2L","2075",0.36,0,0,58,110.56,4.1148,0.0333,0,0,0,0,0,0,0,0,0.1,0,0.1,0,0.15,0.3,15.9641,9.04,14.4817,18.9585,7024
"p330","ssp585","MIROC-ES2L","2075",0.16,0,0,43,112.82,4.7577,0.0833,0,0.15,0,0,0,0,0,0,0.25,0,0,0,0,0.2,16.6125,9.5912,12.614,16.0366,7025
"p330","ssp585","MIROC-ES2L","2075",0.15,0.15,0,58,105.56,4.5277,0.1333,0,0.05,0,0.06,0,0,0,0,0.15,0,0,0,0,0.45,18.2302,9.3261,16.4182,17.1733,7026
"p330","ssp585","MIROC-ES2L","2075",0.27,0,0,49,100.87,4.6472,0.15,0,0.4,0,0.11,0,0,0,0,0.1,0,0.05,0,0,0.65,15.2326,8.7789,17.0595,19.0967,7027
"p330","ssp585","MIROC-ES2L","2075",0,0,0,47,105.28,4.5753,0.0833,0,0,0,0.05,0,0,0,0,0.15,0,0,0,0,0.15,15.5366,11.6234,12.8818,17.0415,7028
"p330","ssp585","MIROC-ES2L","2075",0.22,0.25,0,59,109.29,4.7393,0.1167,0,0.1,0,0,0,0,0,0,0.1,0,0,0,0,0.15,16.9135,9.4905,14.2192,15.4421,7029
"p330","ssp585","MIROC-ES2L","2075",0.29,0,0.15,45,102.97,4.5896,0.0667,0,0.85,0,0.12,0,0,0.15,0,0,0,0,0,0,0.25,15.4025,6.129,15.4648,17.9597,7030
"p330","ssp585","MIROC-ES2L","2075",0.15,0,0.1,55,108.81,4.6525,0.0833,0,0.25,0,0,0,0,0,0,0.1,0,0,0,0,0.2,16.3859,7.5091,15.958,14.0908,7031
"p330","ssp585","MIROC-ES2L","2075",0.41,0,0,64,99.82,4.7111,0.1167,0,0,0,0.11,0,0,0,0,0,0,0,0,0,0.4,17.5574,9.7643,11.1868,16.1282,7032
"p330","ssp585","MIROC-ES2L","2075",0.32,0.3,0,60,105.74,4.8238,0.1667,0,0.15,0,0,0,0,0,0,0.15,0,0,0,0,0.5,16.6797,10.5878,17.9605,17.1979,7033
"p330","ssp585","MIROC-ES2L","2075",0.2,0,0,57,89.86,4.6334,0.1333,0,0,0,0.12,0,0,0,0,0.2,0,0,0.05,0.15,0.45,15.933,11.9339,15.786,18.1979,7034
"p330","ssp585","MIROC-ES2L","2075",0.35,0.15,0,58,103.31,4.8091,0.1333,0,0,0,0.06,0,0,0,0,0,0,0,0,0,0.5,16.6538,9.7708,12.1862,17.1747,7035
"p330","ssp585","MIROC-ES2L","2075",0.32,0.4,0,55,112.76,4.8439,0.1167,0,0.25,0,0.12,0,0,0,0,0,0,0,0,0,0,17.1615,9.6331,14.552,12.8506,7036
"p330","ssp585","MIROC-ES2L","2075",0.25,0.45,0,51,102.8,4.435,0.1833,0,0.2,0,0.07,0,0,0,0,0.35,0,0.05,0.05,0,0.35,16.0833,10.6343,16.5773,17.03,7037
"p330","ssp585","MIROC-ES2L","2075",0.15,0.15,0,46,113.74,3.9597,0.0167,0,0.35,0,0.06,0,0,0,0,0.25,0,0.05,0,0,0.25,15.6521,7.3123,15.0405,18.7276,7038
"p330","ssp585","MIROC-ES2L","2075",0.2,0.5,0,52,102.8,4.3638,0.05,0,1,0,0.05,0,0,0.2,0,0,0,0,0,0,0.55,16.5408,5.019,17.7917,18.8576,7039
"p330","ssp585","MIROC-ES2L","2075",0.19,0,0,55,106.12,4.7627,0.0833,0,0.1,0,0.21,0,0,0.15,0,0.1,0,0,0,0,0.2,15.2298,10.8222,18.0188,17.6339,7040
"p330","ssp585","MIROC-ES2L","2075",0.28,0.3,0,70,98.83,4.5162,0.15,0,0.05,0,0.05,0,0,0,0,0,0,0.05,0,0.15,0.25,17.7729,9.8347,12.7407,17.9635,7041
"p330","ssp585","MIROC-ES2L","2075",0.16,0,0,58,93.42,4.6531,0.1833,0,0.1,0,0,0,0,0,0,0,0,0.2,0,0,0.25,16.3097,9.633,15.1145,16.7267,7042
"p330","ssp585","MIROC-ES2L","2075",0.16,0.2,0,42,109.96,4.3634,0.1667,0,0.4,0,0,0,0,0,0,0,0,0.15,0,0,0.25,15.7636,8.8866,12.7595,16.8488,7043
"p330","ssp585","MIROC-ES2L","2075",0.2,0.65,0,77,104.9,4.7674,0.1,0,0.1,0,0.07,0,0,0,0,0.35,0,0,0,0,0.25,18.1695,10.332,13.6143,14.8783,7044
"p330","ssp585","MIROC-ES2L","2075",0.15,0.45,0,41,113.05,4.5269,0.0333,0,0.5,0,0.06,0,0,0,0,0.35,0,0,0,0,0.2,14.6241,6.3575,14.7155,14.8204,7045
"p330","ssp585","MIROC-ES2L","2075",0.18,0.3,0,51,106.66,4.843,0.15,0,0,0,0.05,0,0,0,0,0,0,0,0,0,0.45,16.4291,10.5809,11.9452,16.0208,7046
"p330","ssp585","MIROC-ES2L","2075",0.26,0.2,0,65,101.45,4.7819,0.2667,0,0.05,0,0.06,0,0,0,0,0.15,0,0,0,0,0.2,16.7426,11.9951,14.5408,16.3982,7047
"p330","ssp585","MIROC-ES2L","2075",0.18,0.4,0,49,106.93,4.8932,0.0833,0,0,0,0.05,0,0,0,0,0,0,0.1,0.05,0,0.55,16.3227,10.6246,13.6492,17.9936,7048
"p330","ssp585","MIROC-ES2L","2075",0.08,0,0,52,112.22,4.7719,0.1,0,0,0,0.17,0,0,0,0,0.1,0,0,0,0,0.2,16.569,10.9285,15.417,16.5321,7049
"p330","ssp585","MIROC-ES2L","2075",0.06,0,0,55,106.95,4.5579,0.1333,0,1,0,0.17,0,0,0,0,0.1,0,0.15,0.05,0,0.3,16.2491,4.715,13.9502,19.7792,7050
"p330","ssp585","MIROC-ES2L","2075",0.42,0,0,56,109.46,4.3793,0.0167,0,0.6,0,0.1,0.05,0,0,0,0.15,0,0.1,0,0,0.2,15.7188,6.8078,16.399,18.0959,7051
"p330","ssp585","MIROC-ES2L","2075",0.12,0.15,0,46,107.93,4.4075,0.05,0,0.15,0,0.05,0,0,0,0,0.35,0,0,0,0,0.05,15.1503,7.6342,14.702,14.8776,7052
"p330","ssp585","MIROC-ES2L","2075",0.11,0,0,60,114.39,3.9975,0.2,0,0.55,0,0.17,0,0,0,0,0.35,0,0,0,0,0.15,16.8134,7.3689,17.4048,17.6696,7053
"p330","ssp585","MIROC-ES2L","2075",0.23,0.15,0,43,113.79,4.2342,0.0333,0,0.65,0,0.06,0,0,0,0,0,0,0.05,0,0,0.2,15.3755,5.6573,13.048,18.1918,7054
"p330","ssp585","MIROC-ES2L","2075",0.37,0.35,0,64,108.56,4.5603,0.0667,0,0.3,0,0.1,0,0,0,0,0.1,0,0,0.05,0,0.5,17.074,11.2697,15.9703,16.5048,7055
"p330","ssp585","MIROC-ES2L","2075",0.22,0,0,66,105.23,4.6588,0.1167,0,0.05,0,0.07,0,0,0,0,0,0,0.3,0,0,0.15,17.1671,9.8428,14.2117,18.9983,7056
"p330","ssp585","MIROC-ES2L","2075",0.05,0,0,53,102.18,4.6153,0.15,0,0,0,0.06,0,0,0,0,0,0,0,0,0,0.7,16.2863,13.0931,11.8538,16.9626,7057
"p330","ssp585","MIROC-ES2L","2075",0.3,0,0,39,113.39,4.8445,0.1167,0,0.2,0,0.07,0,0,0.3,0,0,0,0,0.05,0,0.6,14.4704,10.0975,19.394,17.1433,7058
"p330","ssp585","MIROC-ES2L","2075",0.12,0.15,0.25,49,106.42,4.4617,0.0833,0,0.15,0,0.08,0,0,0,0,0.35,0,0,0,0,0.5,16.7266,8.7201,14.3737,18.1521,7059
"p330","ssp585","MIROC-ES2L","2075",0.37,0.6,0,57,112.16,4.4703,0.0833,0,0.55,0,0.1,0,0,0,0,0.25,0,0,0,0,0.9,16.7286,7.6134,14.5075,18.4344,7060
"p330","ssp585","MIROC-ES2L","2075",0.32,0.35,0,63,97.59,5.0044,0.1,0,0.15,0.05,0.14,0,0,0,0,0,0,0,0,0,0.4,17.4882,9.4538,14.0225,16.1649,7061
"p330","ssp585","MIROC-ES2L","2075",0.26,0.4,0.1,49,105.09,4.8857,0.1833,0,0,0,0.08,0,0,0,0,0,0,0,0,0,0.15,15.4607,11.9803,14.5992,13.8202,7062
"p330","ssp585","MIROC-ES2L","2075",0.28,0,0.15,22,101.88,4.7277,0.0667,0,0.1,0,0.05,0,0,0,0,0.1,0,0.05,0,0,0.2,12.7991,8.7131,16.131,17.922,7063
"p330","ssp585","MIROC-ES2L","2075",0.36,0,0,36,101.69,4.8061,0.1167,0,0,0,0.06,0,0,0,0,0.1,0,0,0,0,0.3,13.9615,11.2152,14.3428,18.2211,7064
"p330","ssp585","MIROC-ES2L","2075",0.1,0,0,48,115.27,4.3224,0.1167,0,0,0,0,0,0,0,0,0,0,0.3,0,0,0.2,15.9401,9.9511,13.3198,21.7915,7065
"p330","ssp585","MIROC-ES2L","2075",0.15,0,0.15,48,110.63,4.7894,0.1167,0,0.1,0,0,0,0,0,0,0.55,0,0,0,0,0.2,15.7519,9.0554,17.3765,19.5795,7066
"p330","ssp585","MIROC-ES2L","2075",0.38,0.2,0,57,99.2,4.3054,0.0667,0,0,0,0.13,0,0,0,0,0,0,0.05,0.05,0,0.2,16.1449,9.7877,14.5053,18.2391,7067
"p330","ssp585","MIROC-ES2L","2075",0.12,0.1,0.35,58,103.65,4.6752,0.1167,0,0.6,0,0,0,0,0,0,0,0,0.05,0.05,0,0.4,17.0951,8.888,12.3147,18.7545,7068
"p330","ssp585","MIROC-ES2L","2075",0.27,0.35,0,52,97.43,4.3894,0.1,0,0.05,0,0.07,0.05,0,0,0,0,0,0.25,0,0,0.45,16.1943,11.1635,14.6253,19.6231,7069
"p330","ssp585","MIROC-ES2L","2075",0.4,0.15,0,70,101.14,4.6109,0.2333,0,0.15,0,0.14,0,0,0,0,0,0,0,0,0,0.15,18.0302,10.128,15.155,17.2689,7070
"p330","ssp585","MIROC-ES2L","2075",0.18,0,0.1,58,99.96,4.4638,0.1667,0,0.25,0,0.1,0,0,0,0,0.1,0,0,0,0,0.4,15.7973,8.4992,13.825,16.3556,7071
"p330","ssp585","MIROC-ES2L","2075",0.23,0,0.1,57,112.68,4.2436,0.1,0,0.05,0,0,0,0,0,0,0,0,0.05,0.05,0,0.4,16.371,10.6227,12.7,18.543,7072
"p330","ssp585","MIROC-ES2L","2075",0.11,0,0.15,51,115.63,4.6826,0.0167,0,0.45,0,0.13,0,0,0,0,0.2,0,0.15,0,0.15,0.95,17.2216,7.6921,16.6382,19.7566,7073
"p330","ssp585","MIROC-ES2L","2075",0.3,0.55,0,58,107.08,4.5505,0.2,0,0,0,0.12,0,0,0,0,0,0,0.05,0,0,0.35,17.7848,11.5809,15.6313,19.1915,7074
"p330","ssp585","MIROC-ES2L","2075",0.3,0,0,54,101.64,4.4552,0.1333,0,0,0,0.12,0,0,0,0,0.15,0,0,0,0,0.1,16.441,11.0558,15.7065,15.7259,7075
"p330","ssp585","MIROC-ES2L","2075",0.12,0,0,50,106.71,5.0381,0.1167,0,0.05,0,0,0,0,0,0,0,0,0.05,0,0,0.3,15.8246,10.0601,16.0405,16.5189,7076
"p330","ssp585","MIROC-ES2L","2075",0.2,0,0.1,62,101.03,4.5464,0.1833,0,0,0,0.06,0,0,0,0,0.5,0,0.05,0.05,0,0.05,17.1138,9.984,14.8742,16.4549,7077
"p330","ssp585","MIROC-ES2L","2075",0.36,0.2,0,53,107.28,4.4924,0.0833,0,0.2,0,0.1,0,0,0,0,0.15,0,0.05,0.05,0,0.4,16.9448,9.6502,14.9547,18.1002,7078
"p330","ssp585","MIROC-ES2L","2075",0.33,0,0,42,102.51,4.2887,0.1167,0,0.25,0,0,0,0,0,0,0.15,0,0,0,0,0.7,14.777,9.8245,14.2638,18.8311,7079
"p330","ssp585","MIROC-ES2L","2075",0.24,0.15,0.15,53,84.14,4.6006,0.2667,0,0,0,0.17,0,0,0,0,0,0,0,0,0,0.7,16.8964,12.6657,14.279,16.7153,7080
"p330","ssp585","MIROC-ES2L","2075",0.24,0.1,0,62,105.98,4.3208,0.1167,0,0,0,0.05,0,0,0,0,0,0,0,0,0,0.3,17.6545,12.5723,14.9313,16.2626,7081
"p330","ssp585","MIROC-ES2L","2075",0.22,0.15,0,58,99.57,4.6342,0.0833,0,0.65,0,0,0,0,0,0,0.15,0,0.15,0,0,0.25,18.0265,7.4175,13.3468,19.2511,7082
"p330","ssp585","MIROC-ES2L","2075",0.18,0,0,52,109.5,4.7344,0.0667,0,0.1,0,0.05,0,0,0,0,0.1,0,0.25,0.05,0,0.15,16.0215,8.8472,13.7463,17.8108,7083
"p330","ssp585","MIROC-ES2L","2075",0.29,0.1,0,30,99.72,4.8887,0.1667,0,0,0,0.05,0,0,0,0,0,0,0,0,0.15,0.7,14.5802,10.1875,12.1485,19.5477,7084
"p330","ssp585","MIROC-ES2L","2075",0.22,0.9,0,54,105.14,4.617,0.1167,0,0.2,0,0.06,0,0,0.25,0,0,0,0.1,0,0,0.15,17.226,8.5619,16.3652,17.1521,7085
"p330","ssp585","MIROC-ES2L","2075",0.27,0.15,0,51,99.89,4.4604,0.1,0,0.5,0,0.14,0,0,0,0,0.1,0,0.1,0.05,0,0.15,17.0612,8.8546,15.2452,17.6661,7086
"p330","ssp585","MIROC-ES2L","2075",0.29,0,0,54,111.12,4.8383,0.15,0,0.25,0,0.09,0,0,0,0,0.15,0,0,0.05,0,0.8,16.2538,8.9312,15.6363,18.3153,7087
"p330","ssp585","MIROC-ES2L","2075",0.24,0,0,54,109.75,4.5865,0.1667,0,0,0,0.1,0,0,0,0,0.1,0,0,0,0,0.2,17.7031,10.8544,15.1512,17.6592,7088
"p330","ssp585","MIROC-ES2L","2075",0.2,0,0,49,108.3,5.0176,0.1833,0,0.1,0,0.11,0,0,0,0,0,0,0,0,0,0.4,15.9373,10.2368,14.0582,16.4559,7089
"p330","ssp585","MIROC-ES2L","2075",0.13,0,0,38,110.71,4.5364,0.0333,0,0.45,0,0.06,0,0,0,0,0,0,0,0,0,0.4,14.6892,6.837,14.343,16.1785,7090
"p330","ssp585","MIROC-ES2L","2075",0.21,0.25,0,58,115.68,4.6505,0.1333,0,0.1,0,0.06,0,0,0,0,0.1,0,0,0,0,0.25,16.8188,9.0577,15.2545,14.7291,7091
"p330","ssp585","MIROC-ES2L","2075",0.16,0,0,35,100.69,4.4844,0.0833,0,0.2,0,0.15,0,0,0,0,0,0,0.05,0,0,0.25,14.579,9.1581,14.374,17.9642,7092
"p330","ssp585","MIROC-ES2L","2075",0.06,0.2,0,44,104.21,5.0271,0.4333,0,0.05,0,0.1,0,0,0,0,0,0,0,0,0,0.25,14.9332,12.2808,13.3967,16.0831,7093
"p330","ssp585","MIROC-ES2L","2075",0.23,0.4,0,59,107.48,4.4667,0.1,0,0.05,0,0.09,0,0,0,0,0,0,0,0,0,0.15,17.223,9.7638,13.4273,15.6712,7094
"p330","ssp585","MIROC-ES2L","2075",0,0.1,0.1,51,108.02,4.6716,0.2,0,0.2,0,0.13,0,0,0,0,0,0,0,0,0.3,0.6,16.4695,11.2146,16.3078,17.9339,7095
"p330","ssp585","MIROC-ES2L","2075",0.3,0.8,0,65,112.17,4.6018,0.0667,0,0.5,0,0.11,0,0,0,0,0,0,0.05,0,0,0.25,18.0196,7.5308,17.2108,18.6802,7096
"p330","ssp585","MIROC-ES2L","2075",0.05,0,0,72,113.02,4.6032,0.1333,0,0.25,0,0.08,0,0,0,0,0.2,0,0,0,0,0,17.0797,8.3468,17.8123,16.2676,7097
"p330","ssp585","MIROC-ES2L","2075",0.11,0.3,0,48,108.06,4.6175,0.15,0,0.05,0,0.15,0,0,0,0,0,0,0,0,0,0.25,15.724,11.1677,15.4983,14.3242,7098
"p330","ssp585","MIROC-ES2L","2075",0.26,0,0.1,73,96.85,4.3495,0.05,0,0.35,0,0,0,0,0,0,0,0,0,0,0,0.35,17.5214,10.4595,11.9975,17.8629,7099
"p330","ssp585","MIROC-ES2L","2075",0.25,0.25,0,74,108.99,4.5905,0.05,0,0,0,0.05,0,0,0,0,0,0,0,0,0,0.5,18.2868,9.3861,14.2447,14.6261,7100
"p330","ssp585","MIROC6","2075",0.16,0.2,0.15,54,104.05,4.7998,0.1667,0,0.4,0,0.05,0,0,0,0,0,0,0,0,0,0.25,16.6873,8.2899,12.728,16.0419,7101
"p330","ssp585","MIROC6","2075",0.05,0.35,0,57,105.87,5.0407,0.0833,0,0,0,0.2,0,0,0,0,0.1,0,0,0,0,0.55,16.5328,9.3329,14.4147,17.3155,7102
"p330","ssp585","MIROC6","2075",0.15,0.2,0,50,109.78,4.8731,0.1833,0,0.6,0,0.26,0,0,0,0,0.1,0,0,0,0.15,0.25,16.1503,8.3441,17.2112,17.032,7103
"p330","ssp585","MIROC6","2075",0.31,0,0,54,105.55,4.8509,0.2667,0,0,0,0.08,0,0,0,0,0.1,0,0,0.05,0,0.3,15.094,10.1735,12.4473,16.418,7104
"p330","ssp585","MIROC6","2075",0.18,0,0,64,107.24,4.9844,0.1667,0,0.15,0,0.15,0,0,0.15,0,0,0,0,0,0,0.35,16.7152,8.9913,15.8313,15.9454,7105
"p330","ssp585","MIROC6","2075",0.28,0.15,0.1,55,107.68,5.0392,0.1333,0,0.45,0.05,0,0,0,0,0,0,0,0,0,0,0.4,15.653,8.6861,10.6133,15.8402,7106
"p330","ssp585","MIROC6","2075",0.17,0.2,0,49,107.34,4.883,0.1333,0,0.35,0,0.12,0,0,0,0,0,0,0,0,0,0.1,16.5508,8.1241,12.43,14.0682,7107
"p330","ssp585","MIROC6","2075",0.27,0.5,0,38,105.87,5.0232,0.1167,0,0.25,0,0.06,0,0,0,0,0,0,0.1,0.05,0,0.45,15.2929,9.0414,13.5877,20.3453,7108
"p330","ssp585","MIROC6","2075",0.41,0.1,0,79,103.51,4.3018,0.0833,0,0.5,0,0.1,0,0,0,0,0,0,0.05,0.05,0,0.2,17.8261,6.6336,15.8212,16.2278,7109
"p330","ssp585","MIROC6","2075",0.3,0.55,0,56,107.15,5.1367,0.25,0,0.65,0,0.16,0,0,0,0,0,0,0,0,0,0.25,17.2055,7.6218,15.4507,16.2865,7110
"p330","ssp585","MIROC6","2075",0.13,0.2,0.15,71,105.34,4.8819,0.15,0,0.1,0,0.19,0,0,0,0,0,0,0,0,0,0.2,17.9135,10.0618,16.4357,16.7236,7111
"p330","ssp585","MIROC6","2075",0.23,0,0.1,33,101.47,4.8502,0.05,0,0.5,0,0,0,0,0,0,0.1,0,0,0,0,0.25,14.0392,8.6833,13.8802,18.1645,7112
"p330","ssp585","MIROC6","2075",0.24,0.65,0,58,99.08,4.9898,0.3167,0,0.2,0,0.1,0,0,0.1,0,0.15,0,0,0,0,0.25,17.3812,11.0212,16.6445,15.3949,7113
"p330","ssp585","MIROC6","2075",0.26,0,0,50,102.75,5.2491,0.3,0,0,0,0.15,0,0,0,0,0.15,0,0,0,0.15,0.3,15.4122,10.9646,15.873,16.4512,7114
"p330","ssp585","MIROC6","2075",0.1,0.25,0,56,107.24,4.9135,0.1667,0,0.05,0,0.05,0,0,0,0,0.1,0,0.1,0,0,0.3,16.0334,9.0729,15.365,19.5929,7115
"p330","ssp585","MIROC6","2075",0.17,0,0,49,106.42,4.8486,0.1667,0,0.15,0,0.12,0,0,0.15,0,0.15,0,0,0,0.15,0.6,15.6831,8.727,16.8927,17.5873,7116
"p330","ssp585","MIROC6","2075",0.13,0.3,0,51,107,4.7991,0.2,0,0.2,0,0.11,0,0,0.15,0,0,0,0.05,0,0,0.4,15.7616,10.2262,17.1338,16.5779,7117
"p330","ssp585","MIROC6","2075",0.18,0.35,0,47,99.86,4.6538,0.0833,0,0.8,0,0,0,0,0,0,0.1,0,0,0,0,0.15,14.8935,6.0847,11.0928,15.3312,7118
"p330","ssp585","MIROC6","2075",0.37,0.4,0,50,109.62,4.5956,0.15,0,0.85,0,0.07,0,0,0,0,0,0,0,0,0,0.15,16.0202,7.2368,12.312,16.1105,7119
"p330","ssp585","MIROC6","2075",0.17,0.45,0,62,99.71,5.3073,0.1,0,0.95,0,0,0,0,0,0,0,0,0,0,0,0.65,17.2753,7.3692,14.722,18.9294,7120
"p330","ssp585","MIROC6","2075",0.2,0.15,0,64,105.07,4.4705,0.1833,0,0.15,0,0.07,0,0,0,0,0,0,0,0.05,0,0.85,17.1329,8.3801,15.018,17.9591,7121
"p330","ssp585","MIROC6","2075",0.15,0,0,37,97.8,4.7332,0.1667,0,0.1,0,0.06,0,0,0.1,0,0,0,0,0,0,0.4,14.3717,10.1414,17.7253,19.1759,7122
"p330","ssp585","MIROC6","2075",0.16,0.35,0,48,110.3,4.7556,0.2333,0,0.15,0.05,0.07,0,0,0,0,0,0,0,0,0,0.25,15.5572,10.1883,11.8493,14.533,7123
"p330","ssp585","MIROC6","2075",0.43,0,0,55,107.59,4.3446,0.1,0,0.35,0,0,0,0,0,0,0,0,0,0,0.15,0.35,15.5549,7.7545,14.2082,18.5671,7124
"p330","ssp585","MIROC6","2075",0.16,0.15,0,41,109.5,4.9854,0.1,0,0.45,0,0,0,0,0,0,0.2,0,0,0,0,0.2,16.193,8.3198,12.3478,15.6471,7125
"p330","ssp585","MIROC6","2075",0.28,0.45,0,55,108.22,4.7682,0.1667,0,0.1,0,0.06,0,0,0,0,0.15,0,0,0,0.15,0.35,17.8135,8.0492,16.1497,16.7789,7126
"p330","ssp585","MIROC6","2075",0.32,0,0,48,97.51,4.9219,0.15,0,0.5,0,0.15,0,0,0,0,0.1,0,0.05,0,0.15,0.7,14.8196,7.4978,16.7902,18.7032,7127
"p330","ssp585","MIROC6","2075",0,0,0,48,111.27,4.8571,0.1667,0,0,0,0.05,0,0,0,0,0.15,0,0,0,0,0.15,15.1276,10.3388,12.6083,16.6497,7128
"p330","ssp585","MIROC6","2075",0.22,0.4,0,49,108.81,4.9843,0.1,0,0.45,0,0,0,0,0,0,0,0,0,0,0,0.2,16.4928,8.2189,13.9517,15.0529,7129
"p330","ssp585","MIROC6","2075",0.32,0,0,41,102.35,4.8479,0.1333,0,1,0,0.14,0,0,0,0,0,0,0,0,0,0.4,14.9857,4.8537,15.1965,17.5667,7130
"p330","ssp585","MIROC6","2075",0.15,0,0.1,50,111.39,4.9115,0.1167,0,0.65,0,0.05,0,0,0,0,0.1,0,0,0,0.15,0.2,15.9723,6.229,15.6887,13.6964,7131
"p330","ssp585","MIROC6","2075",0.42,0.1,0,61,101.8,4.9944,0.15,0,0,0,0.12,0,0,0,0,0,0,0,0,0,0.3,17.1473,8.4807,10.913,15.7365,7132
"p330","ssp585","MIROC6","2075",0.32,0.3,0,58,107.17,5.1341,0.2167,0,0.4,0,0,0,0,0,0,0.15,0,0,0,0,0.4,16.259,9.3172,17.6948,16.81,7133
"p330","ssp585","MIROC6","2075",0.21,0.1,0,51,96.21,4.9011,0.1833,0,0.25,0,0.12,0,0,0,0,0,0,0,0.05,0.15,0.4,15.5151,10.6594,15.5177,17.8039,7134
"p330","ssp585","MIROC6","2075",0.44,0.15,0,56,102.26,5.09,0.1667,0,0.3,0,0.06,0,0,0,0,0,0,0,0,0.15,0.5,16.2399,8.4913,11.9165,16.7812,7135
"p330","ssp585","MIROC6","2075",0.32,0.65,0,52,112.7,5.1338,0.15,0,0.35,0,0.13,0,0,0,0,0,0,0,0,0,0,16.7504,8.3501,14.2787,12.4582,7136
"p330","ssp585","MIROC6","2075",0.25,0.7,0,52,97.72,4.7178,0.2833,0,0.35,0,0.07,0,0,0,0,0.3,0,0,0.05,0,0.35,15.6623,9.3658,16.311,16.6419,7137
"p330","ssp585","MIROC6","2075",0.15,0.3,0,41,108.47,4.1561,0.05,0,0.7,0,0.06,0,0,0,0,0.1,0,0.05,0,0,0.25,15.2343,6.0384,14.7733,18.3352,7138
"p330","ssp585","MIROC6","2075",0.28,0.5,0,53,102.96,4.5916,0.05,0,1,0,0.06,0,0,0.25,0,0,0,0,0,0,0.6,16.1257,3.7402,17.5233,18.4635,7139
"p330","ssp585","MIROC6","2075",0.33,0,0,50,110.46,5.0329,0.1667,0,0.25,0,0.21,0,0,0.15,0,0,0,0,0,0,0.2,14.8179,9.54,17.747,17.2435,7140
"p330","ssp585","MIROC6","2075",0.29,0.3,0,69,95.03,4.7757,0.1333,0,0.35,0,0.12,0,0,0,0,0,0,0.05,0,0,0.4,17.3514,8.5663,12.4742,17.5754,7141
"p330","ssp585","MIROC6","2075",0.16,0.1,0,48,97.72,4.8976,0.2,0,0.4,0,0,0,0,0,0,0,0,0.1,0,0,0.2,15.8908,8.36,14.8477,16.3332,7142
"p330","ssp585","MIROC6","2075",0.16,0.25,0,37,109.55,4.6033,0.2,0,0.65,0,0.07,0,0,0,0,0,0,0.1,0,0,0.2,15.3475,7.6089,12.4918,16.4552,7143
"p330","ssp585","MIROC6","2075",0.29,0.5,0,72,105.47,5.0625,0.15,0,0.2,0,0.07,0,0,0,0,0.35,0,0,0,0,0.25,17.7576,9.051,13.3412,14.4865,7144
"p330","ssp585","MIROC6","2075",0.15,0.5,0,39,111.1,4.7795,0.0833,0,1,0,0.09,0,0,0,0,0.35,0,0,0,0.15,0.2,14.2013,5.0902,14.4492,14.4313,7145
"p330","ssp585","MIROC6","2075",0.23,0.35,0,47,107.93,5.1222,0.1833,0,0,0,0.05,0,0,0,0,0,0,0,0,0,0.25,16.0101,9.3083,11.6778,15.6285,7146
"p330","ssp585","MIROC6","2075",0.4,0.15,0,65,104.1,5.0693,0.3167,0,0.25,0,0.07,0,0,0,0,0,0,0,0,0,0.25,16.3266,10.7178,14.272,16.0045,7147
"p330","ssp585","MIROC6","2075",0.19,0.4,0,48,109.38,5.1777,0.15,0,0,0,0.05,0,0,0,0,0,0,0.1,0.05,0,0.55,15.9103,9.3446,13.376,17.6029,7148
"p330","ssp585","MIROC6","2075",0.15,0,0,51,114.75,5.0255,0.1333,0,0.05,0,0.17,0,0,0,0,0.1,0,0,0,0,0.2,16.1458,9.6616,15.1518,16.1438,7149
"p330","ssp585","MIROC6","2075",0.05,0,0,50,103.43,4.8181,0.15,0,1,0,0.22,0,0,0,0,0,0,0.05,0.05,0,0.3,15.8293,3.4439,13.6832,19.3874,7150
"p330","ssp585","MIROC6","2075",0.43,0,0,52,103.68,4.6226,0.05,0,0.8,0,0.1,0.05,0,0,0,0,0,0.05,0,0,0.35,15.3017,5.5323,16.1307,17.702,7151
"p330","ssp585","MIROC6","2075",0.12,0.15,0,43,106.09,4.6486,0.0667,0,0.6,0,0.11,0,0,0,0,0.1,0,0,0,0,0.05,14.7368,6.3558,14.43,14.4861,7152
"p330","ssp585","MIROC6","2075",0.11,0.25,0,57,110.64,4.2411,0.2167,0,0.9,0,0.17,0,0,0,0,0.1,0,0,0,0.15,0.15,16.389,6.1036,17.1395,17.2812,7153
"p330","ssp585","MIROC6","2075",0.29,0.2,0,41,108.62,4.4898,0.0333,0,1,0,0.06,0,0,0,0,0,0,0.05,0,0,0.2,14.9547,4.3873,12.7815,17.7994,7154
"p330","ssp585","MIROC6","2075",0.39,0.25,0,56,108.18,4.8277,0.1,0,0.5,0,0.1,0,0,0,0,0,0,0,0.05,0.15,0.5,16.6557,9.9946,15.7025,16.1126,7155
"p330","ssp585","MIROC6","2075",0.22,0,0,61,103.83,4.9493,0.2,0,0.15,0,0.07,0,0,0,0,0,0,0.25,0.05,0,0.15,16.7533,8.5641,13.9395,18.6073,7156
"p330","ssp585","MIROC6","2075",0.07,0,0,45,104.74,4.8814,0.2,0,0,0,0.06,0,0,0,0,0,0,0,0,0,0.6,15.8616,11.828,11.5892,16.5741,7157
"p330","ssp585","MIROC6","2075",0.33,0,0,35,108.78,5.1055,0.1167,0,0.4,0,0.13,0,0,0.3,0,0,0,0,0.05,0.15,0.4,14.0486,8.8282,19.1282,16.7505,7158
"p330","ssp585","MIROC6","2075",0.12,0.3,0.25,49,108.52,4.7515,0.0833,0,0.3,0,0.08,0,0,0,0,0.1,0,0,0,0,0.5,16.3091,7.4473,14.1065,17.7589,7159
"p330","ssp585","MIROC6","2075",0.3,0.65,0,56,105.73,4.7579,0.1,0,0.8,0,0.1,0,0,0,0,0.15,0,0,0,0.15,0.9,16.3136,6.3367,14.235,18.0436,7160
"p330","ssp585","MIROC6","2075",0.37,0.35,0,60,98.28,5.2886,0.1,0,0.25,0.05,0.15,0,0,0,0,0,0,0,0.05,0,0.25,17.0631,8.1901,13.7573,15.7771,7161
"p330","ssp585","MIROC6","2075",0.29,0.45,0,47,108.55,5.1536,0.3,0,0,0.05,0.09,0,0,0,0,0,0,0,0,0,0.2,15.0392,10.7121,14.3335,13.4282,7162
"p330","ssp585","MIROC6","2075",0.33,0,0,22,103.91,5.0275,0.0833,0,0.45,0,0.1,0,0,0,0,0.1,0,0.05,0,0.15,0.25,12.3802,7.4401,15.8642,17.5285,7163
"p330","ssp585","MIROC6","2075",0.36,0,0,34,106.35,5.0769,0.1167,0,0.05,0,0.06,0,0,0,0,0.1,0,0,0,0,0.35,13.5458,9.9392,14.0718,17.8298,7164
"p330","ssp585","MIROC6","2075",0.05,0,0,47,114.22,4.5786,0.15,0,0.1,0,0.05,0,0,0,0,0,0,0.2,0,0,0.2,15.5143,8.6878,13.0548,21.404,7165
"p330","ssp585","MIROC6","2075",0.15,0,0.15,43,112.53,5.0846,0.1333,0,0.35,0,0,0,0,0,0,0.2,0,0,0,0,0.2,15.3291,7.7883,17.1108,19.1871,7166
"p330","ssp585","MIROC6","2075",0.34,0.4,0,52,103.12,4.5805,0.1,0,0,0,0.17,0,0,0,0,0,0,0,0,0.15,0.35,15.7257,8.5154,14.2388,17.8464,7167
"p330","ssp585","MIROC6","2075",0.14,0.2,0.15,57,104.89,4.9546,0.1167,0,0.8,0,0.12,0,0,0,0,0,0,0.05,0.05,0,0.45,16.6788,7.6116,12.044,18.3633,7168
"p330","ssp585","MIROC6","2075",0.29,0.4,0,49,104.54,4.6708,0.1667,0,0.15,0,0.1,0,0,0,0,0,0,0.2,0.05,0,0.4,15.7679,9.9018,14.3607,19.2351,7169
"p330","ssp585","MIROC6","2075",0.45,0.15,0,64,100.8,4.8574,0.2667,0,0.4,0,0.14,0,0,0,0,0,0,0,0,0,0.2,17.6071,8.8617,14.8902,16.8767,7170
"p330","ssp585","MIROC6","2075",0.18,0.1,0,54,99.08,4.7138,0.2167,0,0.75,0,0.13,0,0,0,0,0,0,0,0,0.15,0.4,15.3769,7.2287,13.5592,15.9624,7171
"p330","ssp585","MIROC6","2075",0.23,0,0,56,116.88,4.4925,0.1333,0,0.15,0,0,0,0,0,0,0,0,0.05,0.05,0,0.5,15.9543,9.3483,12.4295,18.1538,7172
"p330","ssp585","MIROC6","2075",0.16,0,0.15,53,112.37,4.9775,0.0667,0,0.8,0,0.13,0,0,0,0,0,0,0.1,0,0,0.95,16.794,6.4317,16.373,19.3696,7173
"p330","ssp585","MIROC6","2075",0.28,0.8,0,55,109.13,4.8015,0.1833,0,0.2,0,0.12,0,0,0,0,0,0,0.05,0,0.15,0.25,17.3604,10.3147,15.3655,18.8002,7174
"p330","ssp585","MIROC6","2075",0.3,0.15,0,48,103.7,4.7416,0.1833,0,0.1,0,0.13,0,0,0,0,0.15,0,0,0,0,0.15,16.0203,9.7855,15.4395,15.3344,7175
"p330","ssp585","MIROC6","2075",0.12,0,0,42,109.79,5.3224,0.1667,0,0.1,0,0.07,0,0,0,0,0,0,0,0,0,0.3,15.4077,8.7864,15.7702,16.1291,7176
"p330","ssp585","MIROC6","2075",0.2,0.1,0,60,100.18,4.8206,0.1833,0,0.1,0,0.06,0,0,0,0,0.3,0,0,0.05,0,0.1,16.6857,8.7243,14.6098,16.0668,7177
"p330","ssp585","MIROC6","2075",0.43,0.3,0,52,104.61,4.7723,0.1,0,0.35,0,0.12,0,0,0,0,0.15,0,0.05,0.05,0,0.5,16.5197,8.3854,14.6895,17.7091,7178
"p330","ssp585","MIROC6","2075",0.38,0,0,39,98.05,4.515,0.15,0,0.35,0,0,0,0,0,0,0.15,0,0,0,0,0.75,14.356,8.5553,13.9977,18.4394,7179
"p330","ssp585","MIROC6","2075",0.24,0.15,0,50,91.72,4.9021,0.35,0,0,0,0.18,0,0,0,0,0,0,0,0,0.15,0.85,16.4782,11.3922,14.0118,16.3224,7180
"p330","ssp585","MIROC6","2075",0.22,0.25,0,62,107.24,4.5779,0.1667,0,0.05,0,0.05,0,0,0,0,0,0,0,0,0,0.3,17.2261,11.3128,14.6693,15.8743,7181
"p330","ssp585","MIROC6","2075",0.3,0.3,0,57,97.97,4.917,0.1,0,0.75,0,0.05,0,0,0,0,0,0,0.15,0,0,0.3,17.6014,6.1528,13.085,18.8571,7182
"p330","ssp585","MIROC6","2075",0.25,0.4,0,47,108.76,4.9921,0.15,0,0.35,0,0.13,0,0,0,0,0.1,0,0.25,0.05,0.15,0.15,15.6009,7.5782,13.4838,17.4152,7183
"p330","ssp585","MIROC6","2075",0.29,0.45,0,26,102.21,5.1904,0.2167,0,0.1,0,0.05,0,0,0,0,0,0,0,0,0.15,0.75,14.1618,8.915,11.8808,19.155,7184
"p330","ssp585","MIROC6","2075",0.24,1,0,51,107.56,4.8788,0.1167,0,0.4,0,0.08,0,0,0.6,0,0,0,0.05,0,0,0.15,16.7968,7.3033,16.1042,16.7637,7185
"p330","ssp585","MIROC6","2075",0.23,0.15,0,49,102.35,4.7242,0.1333,0,0.65,0,0.17,0,0,0,0,0.1,0,0.05,0.05,0,0.15,16.6354,7.5912,14.9838,17.2721,7186
"p330","ssp585","MIROC6","2075",0.41,0,0,47,106.56,5.1407,0.1667,0,0.45,0,0.09,0,0,0,0,0,0,0,0.05,0.15,0.85,15.831,7.6631,15.3735,17.9198,7187
"p330","ssp585","MIROC6","2075",0.33,0.4,0,49,109.86,4.8566,0.2167,0,0.1,0,0.1,0,0,0,0,0.1,0,0,0,0,0.15,17.2841,9.582,14.8843,17.2661,7188
"p330","ssp585","MIROC6","2075",0.25,0,0,46,104.93,5.3295,0.2167,0,0.2,0,0.13,0,0,0,0,0,0,0,0,0,0.35,15.5069,8.9788,13.7968,16.0684,7189
"p330","ssp585","MIROC6","2075",0.21,0,0,36,106.9,4.8303,0.05,0,0.95,0,0.1,0,0,0,0,0,0,0,0,0,0.25,14.2631,5.5747,14.0813,15.7836,7190
"p330","ssp585","MIROC6","2075",0.22,0.15,0,56,110.43,4.9163,0.0833,0,0.5,0,0.06,0,0,0,0,0,0,0,0,0,0.3,16.3957,7.7904,14.9922,14.3344,7191
"p330","ssp585","MIROC6","2075",0.16,0,0,32,102.33,4.7585,0.1167,0,0.55,0,0.16,0,0,0,0,0,0,0.05,0,0,0.45,14.1593,7.8871,14.1068,17.5717,7192
"p330","ssp585","MIROC6","2075",0.11,0.2,0,40,105.02,5.3284,0.5,0,0.3,0,0.14,0,0,0,0,0,0,0,0,0.15,0.25,14.5026,11.0232,13.1365,15.6947,7193
"p330","ssp585","MIROC6","2075",0.27,0.45,0,57,103.83,4.7328,0.1333,0,0.05,0,0.14,0,0,0,0,0,0,0,0,0,0.15,16.7963,8.5021,13.1663,15.2773,7194
"p330","ssp585","MIROC6","2075",0,0.1,0.1,51,105.31,4.9632,0.2333,0,0.65,0,0.13,0,0,0,0,0,0,0,0,0.6,0.45,16.0457,9.9483,16.0448,17.5395,7195
"p330","ssp585","MIROC6","2075",0.32,0.8,0,62,110.96,4.856,0.1333,0,1,0,0.11,0,0,0,0,0,0,0,0,0,0.2,17.5993,6.2608,16.9445,18.2877,7196
"p330","ssp585","MIROC6","2075",0.05,0,0,72,111.55,4.874,0.2167,0,0.55,0,0.08,0,0,0,0,0.1,0,0,0,0,0.05,16.6485,7.0902,17.5523,15.8797,7197
"p330","ssp585","MIROC6","2075",0.2,0.3,0,47,106.51,4.8946,0.25,0,0.05,0,0.15,0,0,0,0,0,0,0,0,0,0.15,15.2958,9.9075,15.2368,13.9305,7198
"p330","ssp585","MIROC6","2075",0.27,0,0,66,94.84,4.5949,0.1167,0,0.55,0,0.05,0,0,0,0,0,0,0,0,0,0.25,17.0971,9.1936,11.7347,17.4677,7199
"p330","ssp585","MIROC6","2075",0.3,0.3,0,70,109.69,4.8809,0.05,0,0.15,0,0.1,0,0,0,0,0,0,0,0,0,0.4,17.8659,8.117,13.9785,14.2339,7200
"p330","ssp585","MPI-ESM1-2-LR","2075",0.16,0.45,0.15,65,104,4.4997,0.0667,0,0.4,0,0,0,0,0,0,0,0,0,0,0,0.25,17.7503,7.52,11.167,14.7763,7201
"p330","ssp585","MPI-ESM1-2-LR","2075",0.1,0.65,0,66,108.05,4.7634,0.05,0,0,0,0.13,0,0,0,0,0,0,0,0,0,0.2,17.5925,8.5668,12.8542,16.0512,7202
"p330","ssp585","MPI-ESM1-2-LR","2075",0.17,0.2,0,67,111.36,4.5607,0.1333,0,0.6,0,0.26,0,0,0,0,0.1,0,0,0,0,0.2,17.2065,7.5812,15.649,15.768,7203
"p330","ssp585","MPI-ESM1-2-LR","2075",0.31,0,0,62,106.22,4.5341,0.15,0,0.05,0,0.08,0,0,0,0,0.2,0,0,0,0,0.15,16.1463,9.4133,10.887,15.1502,7204
"p330","ssp585","MPI-ESM1-2-LR","2075",0.19,0.25,0,68,107.47,4.6583,0.0667,0,0.15,0,0.09,0,0,0,0,0,0,0,0,0,0.15,17.7795,8.22,14.2707,14.6797,7205
"p330","ssp585","MPI-ESM1-2-LR","2075",0.28,0.15,0.1,61,112.01,4.7411,0.05,0,0.5,0.05,0,0,0,0,0,0,0,0,0,0,0.15,16.7131,7.9185,9.053,14.5758,7206
"p330","ssp585","MPI-ESM1-2-LR","2075",0.22,0.7,0,59,102.78,4.564,0.0333,0,0.35,0,0.12,0,0,0,0,0,0,0,0,0,0.05,17.6069,7.36,10.8683,12.8038,7207
"p330","ssp585","MPI-ESM1-2-LR","2075",0.34,0.6,0,47,101.99,4.7269,0.0667,0,0.3,0,0.06,0,0,0,0,0,0,0.05,0,0,0.5,16.3455,8.2808,12.0275,19.0771,7208
"p330","ssp585","MPI-ESM1-2-LR","2075",0.41,0.2,0,84,96.92,4.0592,0.05,0,0.55,0,0.1,0,0,0,0,0,0,0,0,0,0.05,18.8909,5.8618,14.2613,14.9624,7209
"p330","ssp585","MPI-ESM1-2-LR","2075",0.31,0.7,0,62,103.88,4.7907,0.1667,0,0.55,0,0.16,0,0,0,0,0,0,0,0,0,0.1,18.267,6.8538,13.8907,15.0227,7210
"p330","ssp585","MPI-ESM1-2-LR","2075",0.13,0.4,0.15,76,98.66,4.5861,0.0667,0,0.1,0,0.14,0,0,0,0,0,0,0,0,0,0.1,18.9707,9.2968,14.875,15.46,7211
"p330","ssp585","MPI-ESM1-2-LR","2075",0.24,0,0.1,46,102.88,4.5515,0.0333,0,0.45,0,0,0,0,0,0,0,0,0,0,0,0.05,15.0926,7.9216,12.3202,16.8977,7212
"p330","ssp585","MPI-ESM1-2-LR","2075",0.24,0.65,0,66,106.02,4.6923,0.25,0,0.2,0,0.1,0,0,0,0,0.1,0,0,0,0,0.15,18.447,10.2482,15.085,14.1294,7213
"p330","ssp585","MPI-ESM1-2-LR","2075",0.27,0,0,57,102.01,4.917,0.1833,0,0,0,0.12,0,0,0,0,0.15,0,0,0,0,0.15,16.4737,10.1956,14.3112,15.1873,7214
"p330","ssp585","MPI-ESM1-2-LR","2075",0.1,0.35,0,66,108,4.6082,0.0833,0,0.1,0,0.05,0,0,0,0,0.3,0,0.05,0,0,0.35,17.0913,8.3083,13.8033,18.3285,7215
"p330","ssp585","MPI-ESM1-2-LR","2075",0.17,0,0,59,107.81,4.5498,0.0667,0,0.25,0,0.12,0,0,0,0,0.35,0,0,0,0,0.5,16.7375,7.9646,15.333,16.3197,7216
"p330","ssp585","MPI-ESM1-2-LR","2075",0.13,0.3,0,59,106.8,4.5155,0.0667,0,0.2,0,0.11,0,0,0,0,0,0,0,0,0,0.3,16.8279,9.4527,15.574,15.3119,7217
"p330","ssp585","MPI-ESM1-2-LR","2075",0.18,0.25,0,58,93.87,4.3907,0.0167,0,0.8,0,0,0,0,0,0,0,0,0,0,0,0.1,15.9561,5.3149,9.5325,14.0667,7218
"p330","ssp585","MPI-ESM1-2-LR","2075",0.37,0.45,0,59,103.66,4.2899,0.05,0,0.85,0,0.07,0,0,0,0,0,0,0,0,0,0.05,17.0792,6.4712,10.7508,14.8458,7219
"p330","ssp585","MPI-ESM1-2-LR","2075",0.17,0.65,0,73,103.78,4.9944,0.0333,0,0.95,0,0,0,0,0,0,0,0,0,0,0,0.5,18.3303,6.6059,13.1628,17.6614,7220
"p330","ssp585","MPI-ESM1-2-LR","2075",0.2,0.45,0,70,98.7,4.1978,0.0833,0,0.1,0,0.07,0,0,0,0,0.1,0,0,0,0,0.6,18.1998,7.6059,13.4588,16.6941,7221
"p330","ssp585","MPI-ESM1-2-LR","2075",0.16,0.15,0,43,97.73,4.4331,0.0667,0,0.05,0,0.06,0,0,0,0,0,0,0,0,0,0.15,15.4355,9.3712,16.1657,17.9127,7222
"p330","ssp585","MPI-ESM1-2-LR","2075",0.16,0.4,0,53,109.96,4.4503,0.1167,0,0.25,0.05,0.06,0,0,0,0,0,0,0,0,0,0.05,16.6165,9.4222,10.288,13.2695,7223
"p330","ssp585","MPI-ESM1-2-LR","2075",0.49,0,0,61,103.77,4.0763,0,0,0.4,0,0,0,0,0,0,0,0,0,0,0.15,0.15,16.6108,6.9908,12.6483,17.2992,7224
"p330","ssp585","MPI-ESM1-2-LR","2075",0.16,0.2,0,46,109.11,4.698,0.0667,0,0.45,0.05,0,0,0,0,0,0,0,0,0,0,0.1,17.2608,7.5447,10.787,14.3821,7225
"p330","ssp585","MPI-ESM1-2-LR","2075",0.28,0.45,0,70,109.62,4.476,0.1,0,0.1,0,0.06,0,0,0,0,0,0,0,0,0,0.2,18.8778,7.2783,14.5888,15.5153,7226
"p330","ssp585","MPI-ESM1-2-LR","2075",0.32,0.2,0,53,94.06,4.6313,0.0333,0,0.5,0,0.11,0,0,0,0,0,0,0.05,0,0,0.4,15.8797,6.7306,15.229,17.4395,7227
"p330","ssp585","MPI-ESM1-2-LR","2075",0,0,0,55,106.11,4.5697,0.05,0,0,0,0.05,0,0,0,0,0.15,0,0,0,0,0.15,16.1845,9.5742,11.0483,15.3826,7228
"p330","ssp585","MPI-ESM1-2-LR","2075",0.22,0.4,0,64,107.49,4.6595,0.0333,0,0.45,0,0,0,0,0,0,0,0,0,0,0,0.05,17.5618,7.4434,12.3922,13.7878,7229
"p330","ssp585","MPI-ESM1-2-LR","2075",0.32,0,0,54,105.8,4.5996,0.0333,0,1,0,0.12,0,0,0,0,0,0,0,0,0,0.2,16.0509,4.082,13.637,16.3023,7230
"p330","ssp585","MPI-ESM1-2-LR","2075",0.22,0,0,60,110.59,4.6011,0.05,0,0.65,0,0,0,0,0,0,0,0,0,0,0,0,17.0333,5.4605,14.1285,12.4326,7231
"p330","ssp585","MPI-ESM1-2-LR","2075",0.48,0.5,0,69,95.9,4.709,0.05,0,0,0,0.12,0,0,0,0,0,0,0,0,0,0.25,18.2048,7.7152,9.3535,14.47,7232
"p330","ssp585","MPI-ESM1-2-LR","2075",0.32,0.3,0,68,103.92,4.8152,0.05,0,0.35,0,0,0,0,0,0,0.15,0,0,0,0,0.2,17.3282,8.5413,16.135,15.544,7233
"p330","ssp585","MPI-ESM1-2-LR","2075",0.22,0.2,0,61,93.5,4.5848,0.1167,0,0.35,0,0.12,0,0,0,0,0,0,0,0,0,0.4,16.5807,9.8871,13.9572,16.5408,7234
"p330","ssp585","MPI-ESM1-2-LR","2075",0.44,0.25,0,61,102.91,4.7587,0.0833,0,0.25,0,0.06,0,0,0,0,0,0,0,0,0,0.55,17.3016,7.7222,10.3557,15.5168,7235
"p330","ssp585","MPI-ESM1-2-LR","2075",0.39,0.75,0,59,111.12,4.8334,0.0833,0,0.45,0,0.12,0,0,0,0,0,0,0,0,0,0,17.8088,7.5836,12.7197,11.1911,7236
"p330","ssp585","MPI-ESM1-2-LR","2075",0.25,0.55,0,56,97.22,4.4248,0.15,0,0.3,0,0.07,0,0,0,0,0.3,0,0,0,0,0.25,16.732,8.5884,14.7512,15.3768,7237
"p330","ssp585","MPI-ESM1-2-LR","2075",0.15,0.3,0,63,104.64,3.8962,0.0167,0,0.7,0,0.06,0,0,0,0,0.1,0,0,0,0,0.35,16.3,5.2647,13.2135,17.0715,7238
"p330","ssp585","MPI-ESM1-2-LR","2075",0.28,0.55,0,56,96.57,4.3107,0.0167,0,1,0,0.05,0,0,0,0,0,0,0,0,0,0.25,17.1886,2.9711,15.962,17.1995,7239
"p330","ssp585","MPI-ESM1-2-LR","2075",0.33,0,0,65,107.86,4.7096,0.05,0,0.3,0,0.21,0,0,0,0,0,0,0,0,0,0.2,15.8774,8.7731,16.1878,15.9765,7240
"p330","ssp585","MPI-ESM1-2-LR","2075",0.29,0.6,0,69,90.7,4.471,0.0667,0,0.2,0,0.05,0,0,0,0,0,0,0,0,0,0.15,18.422,7.7884,10.915,16.3093,7241
"p330","ssp585","MPI-ESM1-2-LR","2075",0.16,0.1,0,61,92.41,4.6161,0.1333,0,0.35,0,0,0,0,0,0,0,0,0.05,0,0,0.15,16.9577,7.585,13.288,15.0702,7242
"p330","ssp585","MPI-ESM1-2-LR","2075",0.16,0.3,0,44,107.64,4.3045,0.0833,0,0.7,0,0,0,0,0,0,0,0,0,0,0,0,16.4107,6.8393,10.9302,15.1917,7243
"p330","ssp585","MPI-ESM1-2-LR","2075",0.29,1,0,76,102.46,4.7489,0.0667,0,0.2,0,0.07,0,0,0,0,0.35,0,0,0,0,0.05,18.8173,8.2831,11.7825,13.22,7244
"p330","ssp585","MPI-ESM1-2-LR","2075",0.2,0.55,0,52,108.71,4.4905,0.0333,0,1,0,0.06,0,0,0,0,0.2,0,0,0,0,0.2,15.2727,4.3112,12.8905,13.1662,7245
"p330","ssp585","MPI-ESM1-2-LR","2075",0.23,0.7,0,55,103.8,4.807,0.1167,0,0,0,0.05,0,0,0,0,0,0,0,0,0,0.1,17.0774,8.5328,10.1192,14.3655,7246
"p330","ssp585","MPI-ESM1-2-LR","2075",0.4,0.55,0,66,98.07,4.7309,0.2,0,0.15,0,0.07,0,0,0,0,0.1,0,0,0,0,0.1,17.3904,9.9471,12.7122,14.7417,7247
"p330","ssp585","MPI-ESM1-2-LR","2075",0.19,0.75,0,57,108.39,4.8703,0.0667,0,0,0,0.05,0,0,0,0,0,0,0,0,0,0.5,16.9705,8.5758,11.8172,16.3345,7248
"p330","ssp585","MPI-ESM1-2-LR","2075",0.17,0,0,62,112,4.7469,0.05,0,0.05,0,0.17,0,0,0,0,0.1,0,0,0,0,0.1,17.2175,8.8818,13.5927,14.8782,7249
"p330","ssp585","MPI-ESM1-2-LR","2075",0.11,0.3,0,60,99.5,4.5264,0.1,0,1,0,0.17,0,0,0,0,0,0,0,0,0,0.5,16.8971,2.6688,12.1235,18.1229,7250
"p330","ssp585","MPI-ESM1-2-LR","2075",0.44,0,0,58,104.43,4.3585,0,0,0.85,0,0.1,0.05,0,0,0,0.1,0,0,0,0,0.2,16.3667,4.7598,14.5705,16.4385,7251
"p330","ssp585","MPI-ESM1-2-LR","2075",0.12,0.15,0,55,101.59,4.3672,0,0,0.85,0,0.05,0,0,0,0,0.15,0,0,0,0,0.05,15.7979,5.587,12.8713,13.2206,7252
"p330","ssp585","MPI-ESM1-2-LR","2075",0.11,0,0,72,107.5,3.986,0.1333,0,0.9,0,0.17,0,0,0,0,0.25,0,0,0,0,0.1,17.462,5.323,15.58,16.016,7253
"p330","ssp585","MPI-ESM1-2-LR","2075",0.29,0.2,0,55,107.28,4.2441,0,0,1,0,0.06,0,0,0,0,0,0,0,0,0,0.15,16.024,3.6105,11.2225,16.5364,7254
"p330","ssp585","MPI-ESM1-2-LR","2075",0.39,0.35,0,69,103.03,4.5136,0.0333,0,0.5,0,0.1,0,0,0,0,0,0,0,0,0,0.25,17.7215,9.2222,14.142,14.8483,7255
"p330","ssp585","MPI-ESM1-2-LR","2075",0.23,0,0,69,101.16,4.6623,0.0833,0,0.2,0,0.07,0,0,0,0,0,0,0.1,0,0,0.15,17.8151,7.7945,12.381,17.3402,7256
"p330","ssp585","MPI-ESM1-2-LR","2075",0.12,0,0,60,103.81,4.5638,0.1167,0,0,0,0.06,0,0,0,0,0,0,0,0,0,0.3,16.9353,11.047,10.0307,15.3093,7257
"p330","ssp585","MPI-ESM1-2-LR","2075",0.33,0,0.1,49,113.14,4.7958,0.1,0,0.35,0,0.07,0,0,0.1,0,0,0,0,0,0,0.35,15.1185,8.0511,17.5683,15.4867,7258
"p330","ssp585","MPI-ESM1-2-LR","2075",0.17,0.35,0,60,104.36,4.4701,0.0667,0,0.25,0,0.08,0,0,0,0,0,0,0,0,0,0.35,17.3752,6.6736,12.5457,16.495,7259
"p330","ssp585","MPI-ESM1-2-LR","2075",0.37,0.75,0,57,109.3,4.4799,0.0667,0,0.8,0,0.1,0,0,0,0,0,0,0,0,0,0.55,17.3762,5.5654,12.677,16.7768,7260
"p330","ssp585","MPI-ESM1-2-LR","2075",0.37,0.9,0,69,94.42,4.9676,0.0667,0,0.25,0.05,0.14,0,0,0,0,0,0,0,0,0,0.15,18.1371,7.4077,12.1987,14.5129,7261
"p330","ssp585","MPI-ESM1-2-LR","2075",0.3,0.4,0,58,105.75,4.8393,0.1833,0,0,0.05,0.09,0,0,0,0,0,0,0,0,0,0,16.1091,9.9341,12.7742,12.165,7262
"p330","ssp585","MPI-ESM1-2-LR","2075",0.33,0,0,34,98.13,4.7234,0.0333,0,0.55,0,0.05,0,0,0,0,0.1,0,0,0,0,0.3,13.4475,6.6657,14.3042,16.2659,7263
"p330","ssp585","MPI-ESM1-2-LR","2075",0.41,0,0,45,105.81,4.7467,0.0667,0,0.05,0,0.06,0,0,0,0,0.1,0,0,0,0,0.1,14.6094,9.1675,12.5137,16.5638,7264
"p330","ssp585","MPI-ESM1-2-LR","2075",0.1,0,0,52,114.35,4.3162,0.0833,0,0.15,0,0,0,0,0,0,0,0,0.15,0,0,0.25,16.5889,7.9056,11.4963,20.139,7265
"p330","ssp585","MPI-ESM1-2-LR","2075",0.15,0,0.3,58,110.36,4.7936,0.0667,0,0.35,0,0,0,0,0,0,0.2,0,0,0,0,0.15,16.4005,7.0092,15.552,17.9242,7266
"p330","ssp585","MPI-ESM1-2-LR","2075",0.38,0.55,0,63,103.74,4.2916,0.0333,0,0,0,0.13,0,0,0,0,0,0,0,0,0,0.1,16.7935,7.7404,12.6785,16.5835,7267
"p330","ssp585","MPI-ESM1-2-LR","2075",0.14,0.3,0.15,68,104.83,4.6811,0.0667,0,0.8,0,0.11,0,0,0,0,0,0,0,0,0,0.15,17.7427,6.8396,10.4853,17.0964,7268
"p330","ssp585","MPI-ESM1-2-LR","2075",0.29,0.85,0,61,101.96,4.4032,0.05,0,0.15,0,0.07,0.05,0,0,0,0,0,0,0,0,0.3,16.8431,9.118,12.803,17.9694,7269
"p330","ssp585","MPI-ESM1-2-LR","2075",0.45,0.45,0,71,98.98,4.5473,0.1667,0,0.45,0,0.14,0,0,0,0,0,0,0,0,0,0.05,18.6791,8.0819,13.3305,15.6135,7270
"p330","ssp585","MPI-ESM1-2-LR","2075",0.23,0,0,61,94.4,4.4224,0.1,0,0.8,0,0.12,0,0,0,0,0,0,0,0,0,0.4,16.4455,6.4522,11.9993,14.7,7271
"p330","ssp585","MPI-ESM1-2-LR","2075",0.28,0,0,63,111.55,4.1975,0.0667,0,0.15,0,0,0,0,0,0,0,0,0,0.05,0,0.3,17.0196,8.5753,10.8705,16.8873,7272
"p330","ssp585","MPI-ESM1-2-LR","2075",0.17,0.1,0.15,62,111.38,4.6736,0.0167,0,0.85,0,0.13,0,0,0,0,0,0,0.05,0,0,0.45,17.8707,5.6469,14.8158,18.1044,7273
"p330","ssp585","MPI-ESM1-2-LR","2075",0.33,0.8,0,68,106.07,4.4989,0.1,0,0.15,0,0.12,0,0,0,0,0,0,0,0,0,0.1,18.4336,9.5351,13.8078,17.5365,7274
"p330","ssp585","MPI-ESM1-2-LR","2075",0.3,0.4,0,62,101.06,4.4471,0.1,0,0.1,0,0.12,0,0,0,0,0.15,0,0,0,0,0.1,17.0896,9.0086,13.8802,14.0703,7275
"p330","ssp585","MPI-ESM1-2-LR","2075",0.17,0,0,68,107.82,5.0032,0.1,0,0.1,0,0.05,0,0,0,0,0,0,0,0,0,0.05,16.4729,8.0128,14.2125,14.863,7276
"p330","ssp585","MPI-ESM1-2-LR","2075",0.2,0.1,0,67,100.07,4.549,0.1167,0,0.1,0,0.06,0,0,0,0,0.2,0,0,0,0,0.15,17.7626,7.9387,13.0532,14.8016,7277
"p330","ssp585","MPI-ESM1-2-LR","2075",0.43,0.75,0,61,100.21,4.4902,0,0,0.35,0,0.1,0,0,0,0,0.15,0,0,0,0,0.5,17.5934,7.6042,13.131,16.4456,7278
"p330","ssp585","MPI-ESM1-2-LR","2075",0.44,0,0,52,98.33,4.2313,0.0667,0,0.4,0,0,0,0,0,0,0.15,0,0,0,0,0.4,15.4257,7.7778,12.4385,17.1759,7279
"p330","ssp585","MPI-ESM1-2-LR","2075",0.24,0.25,0.1,58,84.42,4.5579,0.1167,0,0,0,0.17,0,0,0,0,0,0,0,0,0,0.35,17.5451,10.6189,12.4523,15.0588,7280
"p330","ssp585","MPI-ESM1-2-LR","2075",0.24,0.75,0,63,106.43,4.2967,0.1167,0,0.05,0,0.05,0,0,0,0,0,0,0,0,0,0.4,18.3041,10.5282,13.11,14.6059,7281
"p330","ssp585","MPI-ESM1-2-LR","2075",0.3,0.6,0,61,96.3,4.6204,0.0667,0,0.85,0,0.05,0,0,0,0,0.15,0,0.05,0,0,0.15,18.6757,5.3718,11.5242,17.5961,7282
"p330","ssp585","MPI-ESM1-2-LR","2075",0.25,0.25,0,61,111.6,4.6783,0.0667,0,0.3,0,0.1,0,0,0,0,0.1,0,0.15,0.05,0,0.1,16.6712,6.8004,11.9218,16.1547,7283
"p330","ssp585","MPI-ESM1-2-LR","2075",0.29,0.65,0,45,97.86,4.8458,0.15,0,0.25,0,0.05,0,0,0,0,0,0,0,0,0,0.3,15.2289,8.1408,10.3207,17.8918,7284
"p330","ssp585","MPI-ESM1-2-LR","2075",0.24,1,0,61,106.42,4.5656,0.0833,0,0.35,0,0.06,0,0,0,0,0,0,0,0,0,0.05,17.8758,6.5174,14.5448,15.4959,7285
"p330","ssp585","MPI-ESM1-2-LR","2075",0.28,0.15,0,63,99.54,4.4415,0.0667,0,0.65,0,0.14,0,0,0,0,0.1,0,0.05,0.05,0,0.05,17.7107,6.8093,13.4235,16.012,7286
"p330","ssp585","MPI-ESM1-2-LR","2075",0.41,0.35,0,61,107.25,4.8265,0.0833,0,0.5,0,0.09,0,0,0,0,0,0,0,0,0,0.6,16.9027,6.8853,13.8118,16.6598,7287
"p330","ssp585","MPI-ESM1-2-LR","2075",0.35,0.65,0,57,109.74,4.5534,0.1,0,0.1,0,0.1,0,0,0,0,0,0,0,0,0,0.2,18.352,8.8073,13.324,16.0027,7288
"p330","ssp585","MPI-ESM1-2-LR","2075",0.32,0,0,66,108.11,4.9896,0.1167,0,0.15,0,0.11,0,0,0,0,0,0,0,0,0,0.15,16.5861,8.1928,12.238,14.8004,7289
"p330","ssp585","MPI-ESM1-2-LR","2075",0.21,0,0,45,105.42,4.5374,0,0,0.95,0,0.06,0,0,0,0,0,0,0,0,0,0.1,15.3388,4.7919,12.5212,14.5239,7290
"p330","ssp585","MPI-ESM1-2-LR","2075",0.22,0.3,0,59,108.26,4.6169,0.05,0,0.45,0,0.06,0,0,0,0,0,0,0,0,0,0.15,17.4684,7.0116,13.4317,13.0739,7291
"p330","ssp585","MPI-ESM1-2-LR","2075",0.16,0,0,49,99.29,4.4557,0.0833,0,0.55,0,0.16,0,0,0,0,0,0,0,0,0,0.3,15.2279,7.1112,12.5483,16.308,7292
"p330","ssp585","MPI-ESM1-2-LR","2075",0.11,0.3,0,53,101.52,4.9479,0.2333,0,0.3,0,0.1,0,0,0,0,0,0,0,0,0,0.1,15.5827,10.2359,11.5768,14.4271,7293
"p330","ssp585","MPI-ESM1-2-LR","2075",0.32,1,0,62,105.28,4.4563,0.05,0,0.05,0,0.09,0,0,0,0,0,0,0,0,0,0.05,17.8724,7.7191,11.607,14.0173,7294
"p330","ssp585","MPI-ESM1-2-LR","2075",0,0.1,0.1,59,108.12,4.6234,0.1667,0,0.65,0,0.13,0,0,0,0,0,0,0,0,0.15,0.15,17.1181,9.1684,14.4845,16.2794,7295
"p330","ssp585","MPI-ESM1-2-LR","2075",0.32,0.9,0,66,110.13,4.5691,0.0333,0,1,0,0.11,0,0,0,0,0,0,0,0,0,0.15,18.6688,5.4846,15.3853,17.0244,7296
"p330","ssp585","MPI-ESM1-2-LR","2075",0.13,0,0,79,110.59,4.5774,0.1,0,0.5,0,0.08,0,0,0,0,0.1,0,0,0,0,0.05,17.7295,6.3019,15.993,14.6119,7297
"p330","ssp585","MPI-ESM1-2-LR","2075",0.26,0.55,0,52,108.44,4.6049,0.1167,0,0.05,0,0.15,0,0,0,0,0,0,0,0,0,0,16.373,9.1236,13.6775,12.67,7298
"p330","ssp585","MPI-ESM1-2-LR","2075",0.27,0,0,78,88.47,4.2987,0.0667,0,0.55,0,0,0,0,0,0,0,0,0,0,0,0.1,18.1703,8.4134,10.174,16.2083,7299
"p330","ssp585","MPI-ESM1-2-LR","2075",0.3,0.6,0,74,103.94,4.5815,0,0,0.25,0,0.1,0,0,0,0,0,0,0,0,0,0.35,18.9357,7.3397,12.4192,12.9708,7300
"p330","ssp585","MRI-ESM2-0","2075",0.16,0.25,0.15,56,101.81,5.0381,0.15,0,0.7,0,0,0,0,0,0,0,0,0,0,0,0.25,16.5857,7.1857,11.6305,16.1624,7301
"p330","ssp585","MRI-ESM2-0","2075",0.05,0.6,0,60,104.97,5.303,0.0667,0,0,0,0.13,0,0,0,0,0,0,0,0,0,0.55,16.4298,8.2283,13.3107,17.4558,7302
"p330","ssp585","MRI-ESM2-0","2075",0.15,0,0,55,107.84,5.1159,0.1667,0,0.8,0,0.26,0,0,0,0,0,0,0,0,0,0.25,16.0452,7.2401,16.0998,17.1747,7303
"p330","ssp585","MRI-ESM2-0","2075",0.31,0,0,56,105.5,5.0672,0.25,0,0.1,0,0.08,0,0,0,0,0.2,0,0,0,0,0.3,14.9872,9.0687,11.3363,16.55,7304
"p330","ssp585","MRI-ESM2-0","2075",0.18,0,0,65,105.41,5.2288,0.1333,0,0.45,0,0.09,0,0,0,0,0,0,0,0,0,0.4,16.6138,7.8869,14.7355,16.0653,7305
"p330","ssp585","MRI-ESM2-0","2075",0.28,0.1,0.1,55,112.79,5.315,0.0833,0,0.55,0.05,0,0,0,0,0,0,0,0,0,0,0.4,15.5495,7.5817,9.5105,15.9798,7306
"p330","ssp585","MRI-ESM2-0","2075",0.22,0.2,0,53,98.97,5.1154,0.0667,0,0.7,0,0.12,0,0,0,0,0,0,0,0,0,0.1,16.4458,7.0192,11.32,14.2108,7307
"p330","ssp585","MRI-ESM2-0","2075",0.34,0.5,0,37,106.84,5.2638,0.1167,0,0.3,0,0.06,0,0,0,0,0,0,0.1,0.05,0,0.55,15.1859,7.9363,12.4775,20.4764,7308
"p330","ssp585","MRI-ESM2-0","2075",0.41,0,0,78,95,4.5227,0.0667,0,0.8,0,0.1,0,0,0,0,0,0,0,0.05,0,0.2,17.7252,5.5292,14.726,16.3471,7309
"p330","ssp585","MRI-ESM2-0","2075",0.3,0.55,0,58,102.09,5.3912,0.2167,0,0.9,0,0.16,0,0,0,0,0,0,0,0,0,0.25,17.1034,6.5177,14.3497,16.4265,7310
"p330","ssp585","MRI-ESM2-0","2075",0.13,0.2,0.15,68,97.87,5.1268,0.1167,0,0.3,0,0.14,0,0,0,0,0,0,0,0,0,0.3,17.8091,8.9569,15.3273,16.8658,7311
"p330","ssp585","MRI-ESM2-0","2075",0.23,0,0.1,33,101.05,5.0962,0.05,0,0.7,0,0,0,0,0,0,0,0,0,0,0,0.2,13.9329,7.5782,12.7713,18.2955,7312
"p330","ssp585","MRI-ESM2-0","2075",0.24,0.55,0,57,102.87,5.2485,0.3,0,0.2,0,0.1,0,0,0,0,0.1,0,0,0,0,0.25,17.2812,9.9158,15.5518,15.5132,7313
"p330","ssp585","MRI-ESM2-0","2075",0.26,0,0,50,101.35,5.5032,0.2333,0,0.05,0,0.12,0,0,0,0,0.15,0,0,0,0,0.3,15.3098,9.8602,14.7717,16.5905,7314
"p330","ssp585","MRI-ESM2-0","2075",0.1,0.25,0,56,105.92,5.1642,0.1,0,0.3,0,0.05,0,0,0,0,0.3,0,0.2,0,0,0.3,15.9291,7.9689,14.2573,19.7339,7315
"p330","ssp585","MRI-ESM2-0","2075",0.17,0,0,55,107.92,5.1034,0.1333,0,0.35,0,0.12,0,0,0,0,0.25,0,0,0,0,0.6,15.5769,7.6213,15.7853,17.7173,7316
"p330","ssp585","MRI-ESM2-0","2075",0.13,0.2,0,52,103.01,5.0597,0.1667,0,0.2,0,0.11,0,0,0,0,0,0,0.05,0,0,0.3,15.6617,9.1214,16.0418,16.6956,7317
"p330","ssp585","MRI-ESM2-0","2075",0.18,0.1,0,48,92.11,4.8948,0.0167,0,1,0,0,0,0,0,0,0,0,0,0,0,0.15,14.7914,4.9798,9.9943,15.4711,7318
"p330","ssp585","MRI-ESM2-0","2075",0.37,0.4,0,50,101.48,4.8047,0.1333,0,1,0.05,0.07,0,0,0,0,0,0,0,0,0,0.15,15.9165,6.132,11.2063,16.2514,7319
"p330","ssp585","MRI-ESM2-0","2075",0.17,0.45,0,60,101.28,5.5811,0.1,0,1,0,0,0,0,0,0,0,0,0,0,0,0.65,17.1698,6.2643,13.6167,19.0588,7320
"p330","ssp585","MRI-ESM2-0","2075",0.2,0.25,0,63,96.97,4.7031,0.15,0,0.25,0,0.07,0,0,0,0,0.1,0,0,0.05,0,0.7,17.0329,7.2757,13.9283,18.0771,7321
"p330","ssp585","MRI-ESM2-0","2075",0.15,0,0,37,96.26,4.9682,0.1667,0,0.1,0,0.06,0,0,0,0,0,0,0,0,0,0.3,14.2708,9.0368,16.6283,19.3147,7322
"p330","ssp585","MRI-ESM2-0","2075",0.16,0.35,0,48,109.28,4.996,0.2,0,0.4,0.05,0.06,0,0,0,0,0,0,0,0,0,0.25,15.4537,9.0835,10.7452,14.6735,7323
"p330","ssp585","MRI-ESM2-0","2075",0.43,0,0,55,100.19,4.5566,0.0667,0,0.75,0,0,0,0,0,0,0,0,0.1,0,0.15,0.3,15.4498,6.6494,13.1033,18.6964,7324
"p330","ssp585","MRI-ESM2-0","2075",0.16,0.15,0,41,106.77,5.2636,0.1,0,0.6,0.05,0,0,0,0,0,0.1,0,0,0,0,0.2,16.0935,7.2155,11.2577,15.7641,7325
"p330","ssp585","MRI-ESM2-0","2075",0.28,0.6,0,59,106.69,5.0219,0.15,0,0.3,0,0.06,0,0,0,0,0,0,0,0,0,0.4,17.7126,6.9446,15.0525,16.9173,7326
"p330","ssp585","MRI-ESM2-0","2075",0.32,0,0,47,91.86,5.1603,0.1,0,0.8,0,0.11,0,0,0,0,0,0,0.05,0,0,0.65,14.7166,6.393,15.6868,18.8438,7327
"p330","ssp585","MRI-ESM2-0","2075",0,0,0,47,106.06,5.1152,0.1667,0,0.2,0,0.05,0,0,0,0,0.15,0,0,0,0,0.15,15.0226,9.2328,11.5042,16.7792,7328
"p330","ssp585","MRI-ESM2-0","2075",0.22,0.4,0,50,103.53,5.2266,0.1,0,0.65,0,0,0,0,0,0,0,0,0,0,0,0.15,16.394,7.1145,12.8642,15.1687,7329
"p330","ssp585","MRI-ESM2-0","2075",0.32,0,0,44,107.01,5.1144,0.0667,0,1,0,0.12,0,0,0,0,0,0,0,0,0,0.3,14.8854,3.749,14.1017,17.7036,7330
"p330","ssp585","MRI-ESM2-0","2075",0.15,0,0.1,52,108.8,5.1528,0.1167,0,0.85,0,0.05,0,0,0,0,0,0,0,0,0,0.2,15.8699,5.1235,14.587,13.8355,7331
"p330","ssp585","MRI-ESM2-0","2075",0.42,0,0,60,95.3,5.2511,0.0833,0,0.1,0,0.12,0,0,0,0,0,0,0,0,0,0.35,17.0431,7.3752,9.8123,15.8662,7332
"p330","ssp585","MRI-ESM2-0","2075",0.32,0.25,0,59,103.78,5.4023,0.2,0,0.7,0,0,0,0,0,0,0.15,0,0,0,0,0.45,16.1602,8.2128,16.6082,16.9249,7333
"p330","ssp585","MRI-ESM2-0","2075",0.21,0,0,54,93.47,5.1415,0.1667,0,0.4,0,0.12,0,0,0,0,0,0,0,0.05,0.15,0.4,15.4151,9.555,14.4235,17.9409,7334
"p330","ssp585","MRI-ESM2-0","2075",0.44,0.15,0,56,100.81,5.3505,0.1167,0,0.55,0,0.06,0,0,0,0,0,0,0,0,0,0.5,16.1376,7.3868,10.8157,16.92,7335
"p330","ssp585","MRI-ESM2-0","2075",0.37,0.65,0,53,109.91,5.3972,0.1167,0,0.55,0,0.12,0,0,0,0,0,0,0,0,0,0,16.6462,7.2455,13.1787,12.5865,7336
"p330","ssp585","MRI-ESM2-0","2075",0.25,0.45,0,54,92.19,4.9524,0.2667,0,0.6,0,0.07,0,0,0,0,0.3,0,0,0.05,0,0.35,15.5636,8.2604,15.2265,16.7569,7337
"p330","ssp585","MRI-ESM2-0","2075",0.15,0.25,0,43,99.15,4.3664,0.05,0,0.9,0,0.06,0,0,0,0,0.1,0,0.05,0,0,0.25,15.1338,4.9338,13.6818,18.4711,7338
"p330","ssp585","MRI-ESM2-0","2075",0.28,0.5,0,54,94.77,4.8346,0.0333,0,1,0,0.05,0,0,0.2,0,0,0,0,0,0,0.55,16.0243,2.6363,16.4238,18.6021,7339
"p330","ssp585","MRI-ESM2-0","2075",0.33,0,0,52,108.17,5.2758,0.1333,0,0.4,0,0.21,0,0,0,0,0,0,0,0,0,0.2,14.7147,8.4355,16.6477,17.3708,7340
"p330","ssp585","MRI-ESM2-0","2075",0.29,0.3,0,69,85.24,5.0123,0.1333,0,0.5,0,0.05,0,0,0,0,0,0,0.05,0,0,0.3,17.2535,7.4622,11.391,17.6887,7341
"p330","ssp585","MRI-ESM2-0","2075",0.16,0,0,54,93.33,5.1529,0.1667,0,0.6,0,0,0,0,0,0,0,0,0.1,0,0,0.25,15.7909,7.2547,13.7568,16.4691,7342
"p330","ssp585","MRI-ESM2-0","2075",0.16,0.15,0,39,105.58,4.8262,0.1667,0,0.7,0,0,0,0,0,0,0,0,0.05,0,0,0.25,15.2462,6.505,11.3932,16.5941,7343
"p330","ssp585","MRI-ESM2-0","2075",0.29,0.5,0,70,102.84,5.322,0.15,0,0.3,0,0.07,0,0,0,0,0.35,0,0,0,0,0.15,17.6543,7.9457,12.2442,14.6148,7344
"p330","ssp585","MRI-ESM2-0","2075",0.15,0.5,0,39,107.5,5.0371,0.0667,0,1,0,0.06,0,0,0,0,0.3,0,0,0,0,0.2,14.1032,3.9854,13.3678,14.5454,7345
"p330","ssp585","MRI-ESM2-0","2075",0.23,0.35,0,49,102.41,5.3823,0.15,0,0.15,0,0.05,0,0,0,0,0,0,0,0,0,0.35,15.9106,8.2042,10.5895,15.7632,7346
"p330","ssp585","MRI-ESM2-0","2075",0.4,0.25,0,64,93.81,5.3138,0.3167,0,0.4,0,0.07,0,0,0,0,0.1,0,0,0,0,0.2,16.2253,9.6131,13.1763,16.143,7347
"p330","ssp585","MRI-ESM2-0","2075",0.19,0.2,0,48,108.71,5.443,0.1167,0,0,0,0.05,0,0,0,0,0,0,0.1,0.05,0,0.7,15.8069,8.2392,12.2798,17.7285,7348
"p330","ssp585","MRI-ESM2-0","2075",0.15,0,0,51,110.63,5.3064,0.1333,0,0.2,0,0.17,0,0,0,0,0.1,0,0,0,0,0.2,16.0485,8.5567,14.0715,16.2578,7349
"p330","ssp585","MRI-ESM2-0","2075",0.11,0,0,51,98.02,5.0717,0.1333,0,1,0,0.17,0,0,0,0,0,0,0.05,0.05,0,0.3,15.7297,2.3395,12.5955,19.5211,7350
"p330","ssp585","MRI-ESM2-0","2075",0.43,0,0,53,100.34,4.8794,0.0333,0,1,0,0.1,0.05,0,0,0,0.1,0,0.1,0,0,0.2,15.201,4.4276,15.0353,17.8391,7351
"p330","ssp585","MRI-ESM2-0","2075",0.12,0.15,0,46,97.97,4.8828,0.0333,0,0.95,0,0.05,0,0,0,0,0.15,0,0,0,0,0.05,14.6341,5.2503,13.3348,14.6132,7352
"p330","ssp585","MRI-ESM2-0","2075",0.11,0,0,58,103.33,4.4679,0.1833,0,1,0,0.17,0,0,0,0,0.25,0,0,0,0,0.15,16.2925,4.9993,16.061,17.394,7353
"p330","ssp585","MRI-ESM2-0","2075",0.29,0.2,0,42,103.25,4.736,0.0167,0,1,0,0.06,0,0,0,0,0,0,0.05,0,0,0.2,14.8558,3.2827,11.6955,17.9338,7354
"p330","ssp585","MRI-ESM2-0","2075",0.39,0.3,0,59,101.79,5.0656,0.1,0,0.8,0,0.1,0,0,0,0,0,0,0,0,0,0.4,16.5558,8.8904,14.6078,16.2486,7355
"p330","ssp585","MRI-ESM2-0","2075",0.22,0,0,60,97.63,5.2157,0.2,0,0.45,0,0.07,0,0,0,0,0,0,0.3,0,0,0.15,16.6508,7.4593,12.8465,18.7336,7356
"p330","ssp585","MRI-ESM2-0","2075",0.07,0,0,48,100.14,5.1147,0.2,0,0.05,0,0.06,0,0,0,0,0,0,0,0,0,0.6,15.7655,10.7233,10.5115,16.6863,7357
"p330","ssp585","MRI-ESM2-0","2075",0.33,0,0,38,110.42,5.3781,0.1,0,0.55,0,0.07,0,0,0.3,0,0,0,0,0.05,0,0.35,13.9507,7.7237,18.0432,16.8844,7358
"p330","ssp585","MRI-ESM2-0","2075",0.12,0.3,0.25,50,101.65,5.0032,0.0833,0,0.4,0,0.08,0,0,0,0,0.1,0,0,0,0,0.5,16.2091,6.3428,13.0145,17.8953,7359
"p330","ssp585","MRI-ESM2-0","2075",0.37,0.4,0,57,107.4,5.0185,0.0833,0,1,0,0.1,0,0,0,0,0.1,0,0,0,0,0.9,16.2124,5.2312,13.1433,18.1703,7360
"p330","ssp585","MRI-ESM2-0","2075",0.37,0.35,0,59,92.48,5.5552,0.0833,0,0.55,0.05,0.15,0,0,0,0,0,0,0,0,0,0.4,16.9665,7.0852,12.6813,15.8879,7361
"p330","ssp585","MRI-ESM2-0","2075",0.29,0.3,0,49,105.7,5.3993,0.25,0,0.05,0.05,0.09,0,0,0,0,0,0,0,0,0,0.1,14.9407,9.6078,13.2502,13.5605,7362
"p330","ssp585","MRI-ESM2-0","2075",0.33,0,0,24,98.15,5.266,0.0667,0,0.75,0,0.05,0,0,0,0,0.1,0,0.05,0,0,0.25,12.281,6.3355,14.7735,17.6645,7363
"p330","ssp585","MRI-ESM2-0","2075",0.36,0,0,36,103.3,5.3228,0.1167,0,0.05,0,0.06,0,0,0,0,0.1,0,0,0,0,0.3,13.4442,8.8336,12.9815,17.9548,7364
"p330","ssp585","MRI-ESM2-0","2075",0.1,0,0,45,111.55,4.8236,0.1333,0,0.25,0,0,0,0,0,0,0,0,0.2,0,0,0.2,15.418,7.5835,11.9803,21.5147,7365
"p330","ssp585","MRI-ESM2-0","2075",0.15,0,0.15,46,108.48,5.3515,0.0833,0,0.7,0,0,0,0,0,0,0.2,0,0,0,0,0.2,15.2313,6.6829,16.029,19.3202,7366
"p330","ssp585","MRI-ESM2-0","2075",0.37,0.4,0,50,100.01,4.8124,0.0667,0,0.35,0,0.13,0,0,0,0,0,0,0,0.05,0,0.2,15.6261,7.411,13.1503,17.9811,7367
"p330","ssp585","MRI-ESM2-0","2075",0.14,0.2,0.15,54,103.4,5.2385,0.0833,0,0.9,0,0.12,0,0,0,0,0,0,0.05,0.05,0,0.4,16.5775,6.5068,10.9548,18.4891,7368
"p330","ssp585","MRI-ESM2-0","2075",0.29,0.35,0,49,102.1,4.9217,0.1333,0,0.25,0,0.07,0.05,0,0,0,0,0,0.1,0,0,0.4,15.6724,8.7972,13.2878,19.345,7369
"p330","ssp585","MRI-ESM2-0","2075",0.45,0.15,0,63,101.12,5.0893,0.2667,0,0.75,0,0.14,0,0,0,0,0,0,0,0,0,0.15,17.5101,7.7568,13.8088,17.0077,7370
"p330","ssp585","MRI-ESM2-0","2075",0.18,0,0,57,91.73,4.9495,0.1667,0,1,0,0.12,0,0,0,0,0,0,0,0,0,0.4,15.2784,6.1241,12.4705,16.0974,7371
"p330","ssp585","MRI-ESM2-0","2075",0.23,0,0,60,110.29,4.7034,0.1167,0,0.25,0,0,0,0,0,0,0,0,0.05,0.05,0,0.4,15.8534,8.2428,11.3423,18.2773,7372
"p330","ssp585","MRI-ESM2-0","2075",0.16,0,0.15,52,106.79,5.245,0.0167,0,0.95,0,0.13,0,0,0,0,0,0,0.15,0,0,0.95,16.6987,5.3267,15.3023,19.4787,7373
"p330","ssp585","MRI-ESM2-0","2075",0.33,0.8,0,53,105.34,5.0424,0.1833,0,0.35,0,0.12,0,0,0,0,0,0,0.05,0,0,0.2,17.2636,9.2114,14.287,18.9309,7374
"p330","ssp585","MRI-ESM2-0","2075",0.3,0.15,0,50,98.41,4.9803,0.1833,0,0.2,0,0.12,0,0,0,0,0.15,0,0,0,0,0.1,15.9214,8.6808,14.353,15.468,7375
"p330","ssp585","MRI-ESM2-0","2075",0.12,0,0,46,106.76,5.5906,0.1333,0,0.35,0,0.05,0,0,0,0,0,0,0,0,0,0.3,15.3064,7.6812,14.6837,16.2524,7376
"p330","ssp585","MRI-ESM2-0","2075",0.2,0.1,0,62,98.05,5.0799,0.1833,0,0.4,0,0.06,0,0,0,0,0.2,0,0,0.05,0,0.1,16.5908,7.6197,13.541,16.1756,7377
"p330","ssp585","MRI-ESM2-0","2075",0.43,0.3,0,52,96.9,5.0132,0.0667,0,0.45,0,0.1,0,0,0,0,0.15,0,0.05,0.05,0,0.5,16.4229,7.2811,13.6117,17.8392,7378
"p330","ssp585","MRI-ESM2-0","2075",0.38,0,0,40,94.51,4.726,0.15,0,0.45,0,0,0,0,0,0,0.15,0,0,0,0,0.7,14.2573,7.4508,12.9135,18.5726,7379
"p330","ssp585","MRI-ESM2-0","2075",0.24,0.15,0,50,86.2,5.1307,0.35,0,0,0,0.17,0,0,0,0,0,0,0,0,0,0.65,16.3785,10.2877,12.9193,16.4586,7380
"p330","ssp585","MRI-ESM2-0","2075",0.24,0.25,0,61,102.85,4.823,0.1667,0,0.2,0,0.05,0,0,0,0,0,0,0,0,0,0.3,17.1314,10.2089,13.5945,15.981,7381
"p330","ssp585","MRI-ESM2-0","2075",0.3,0.3,0,55,92.83,5.175,0.0667,0,1,0,0.05,0,0,0,0,0.15,0,0.15,0,0,0.2,17.5058,5.0486,12.0022,18.9995,7382
"p330","ssp585","MRI-ESM2-0","2075",0.25,0,0,47,108.18,5.2646,0.0833,0,0.55,0.05,0.1,0,0,0,0,0.1,0,0.25,0.05,0,0.15,15.5027,6.4742,12.3923,17.5611,7383
"p330","ssp585","MRI-ESM2-0","2075",0.29,0.2,0,28,96.61,5.4482,0.1833,0,0.4,0,0.05,0,0,0,0,0,0,0,0,0.15,0.7,14.0623,7.8103,10.7905,19.2915,7384
"p330","ssp585","MRI-ESM2-0","2075",0.24,0.9,0,52,103.44,5.1181,0.1,0,0.5,0,0.06,0,0,0.1,0,0,0,0.1,0,0,0.1,16.7026,6.1988,15.0303,16.8696,7385
"p330","ssp585","MRI-ESM2-0","2075",0.28,0.15,0,51,94.94,4.9761,0.1333,0,0.8,0,0.14,0,0,0,0,0.1,0,0.1,0.05,0,0.15,16.5401,6.4869,13.902,17.4145,7386
"p330","ssp585","MRI-ESM2-0","2075",0.41,0,0,47,104.46,5.4023,0.1167,0,0.7,0,0.09,0,0,0,0,0,0,0,0.05,0,0.8,15.7345,6.5591,14.2847,18.0655,7387
"p330","ssp585","MRI-ESM2-0","2075",0.35,0.4,0,52,108.22,5.1023,0.2,0,0.2,0,0.1,0,0,0,0,0,0,0,0,0,0.2,17.1851,8.4778,13.795,17.4012,7388
"p330","ssp585","MRI-ESM2-0","2075",0.25,0,0,48,106.08,5.5879,0.2,0,0.35,0,0.11,0,0,0,0,0,0,0,0,0,0.35,15.4135,7.8744,12.7247,16.1732,7389
"p330","ssp585","MRI-ESM2-0","2075",0.21,0,0,35,101.2,5.0851,0.05,0,1,0,0.06,0,0,0,0,0,0,0,0,0,0.4,14.1674,4.4702,13.001,15.9253,7390
"p330","ssp585","MRI-ESM2-0","2075",0.22,0.3,0,57,103.93,5.1687,0.0667,0,0.9,0,0.06,0,0,0,0,0,0,0,0,0,0.25,16.2986,6.6859,13.9048,14.4789,7391
"p330","ssp585","MRI-ESM2-0","2075",0.16,0,0,34,95.02,5.0091,0.1,0,0.75,0,0.16,0,0,0,0,0,0,0.05,0,0,0.25,14.0605,6.7824,13.0193,17.7061,7392
"p330","ssp585","MRI-ESM2-0","2075",0.11,0.2,0,41,98.02,5.5717,0.45,0,0.45,0,0.1,0,0,0,0,0,0,0,0,0,0.25,14.4092,9.9186,12.0658,15.7994,7393
"p330","ssp585","MRI-ESM2-0","2075",0.27,0.4,0,56,102.14,4.9829,0.1167,0,0.1,0,0.09,0,0,0,0,0,0,0,0,0,0.15,16.7009,7.3977,12.088,15.4191,7394
"p330","ssp585","MRI-ESM2-0","2075",0,0.1,0.1,49,104.47,5.204,0.2,0,0.65,0,0.13,0,0,0,0,0,0,0,0,0.3,0.55,15.9486,8.8439,14.9585,17.6836,7395
"p330","ssp585","MRI-ESM2-0","2075",0.32,0.6,0,64,108.83,5.1266,0.0667,0,1,0,0.11,0,0,0,0,0,0,0.05,0,0,0.2,17.501,5.1566,15.8587,18.422,7396
"p330","ssp585","MRI-ESM2-0","2075",0.05,0,0,68,107.58,5.1319,0.15,0,0.85,0,0.08,0,0,0,0,0.1,0,0,0,0,0,16.5557,5.9864,16.4835,15.9834,7397
"p330","ssp585","MRI-ESM2-0","2075",0.2,0.3,0,48,107.63,5.1631,0.25,0,0.15,0,0.15,0,0,0,0,0,0,0,0,0,0.15,15.2014,8.8036,14.1602,14.0706,7398
"p330","ssp585","MRI-ESM2-0","2075",0.27,0,0,69,88.35,4.8254,0.1,0,0.7,0,0,0,0,0,0,0,0,0,0,0,0.35,17.0002,8.0892,10.6505,17.6118,7399
"p330","ssp585","MRI-ESM2-0","2075",0.3,0.3,0,71,103.89,5.1291,0.05,0,0.45,0,0.1,0,0,0,0,0,0,0,0,0,0.4,17.7674,7.0127,12.8937,14.3676,7400
"p330","ssp585","NESM3","2075",0.16,1,0.1,75,105.38,4.712,0.0667,0,0.3,0,0,0,0,0,0,0.1,0,0,0,0,0.3,21.0562,8.3487,13.3693,17.3853,7401
"p330","ssp585","NESM3","2075",0.1,1,0,75,107.38,4.9781,0.05,0,0,0,0.08,0,0,0,0,0.1,0,0.05,0,0,0.85,20.9035,9.3902,15.0535,18.6473,7402
"p330","ssp585","NESM3","2075",0.19,1,0,79,111.89,4.7554,0.15,0,0.6,0,0.26,0,0,0,0,0.1,0,0,0,0,0.25,20.5227,8.4002,17.8465,18.3612,7403
"p330","ssp585","NESM3","2075",0.36,0.9,0,75,108.78,4.7164,0.15,0,0,0,0.08,0,0,0,0,0.2,0,0,0,0,0.35,19.4681,10.2298,13.0838,17.7395,7404
"p330","ssp585","NESM3","2075",0.21,1,0,75,105.93,4.8503,0.1,0,0.15,0,0.09,0,0,0,0,0,0,0,0,0,0.45,21.0834,9.05,16.4743,17.2893,7405
"p330","ssp585","NESM3","2075",0.28,1,0.1,78,110.81,4.9593,0.1,0,0.3,0,0,0,0,0,0,0,0,0,0,0,0.15,20.0231,8.7438,11.2532,17.1723,7406
"p330","ssp585","NESM3","2075",0.27,1,0,70,104.97,4.7644,0.0667,0,0.25,0,0.12,0,0,0,0,0,0,0,0,0,0.2,20.9225,8.1798,13.0668,15.3971,7407
"p330","ssp585","NESM3","2075",0.34,0.8,0,66,102.96,4.9203,0.0833,0,0.25,0,0.06,0,0,0,0,0.1,0,0.15,0.05,0,0.55,19.6663,9.0976,14.2252,21.6674,7408
"p330","ssp585","NESM3","2075",0.41,1,0,87,98.66,4.2248,0.05,0,0.5,0,0.1,0,0,0,0,0,0,0.1,0,0,0.15,22.1935,6.6928,16.465,17.5729,7409
"p330","ssp585","NESM3","2075",0.31,1,0,73,105.15,4.9994,0.1833,0,0.55,0,0.16,0,0,0,0,0,0,0,0,0,0.3,21.5755,7.68,16.0907,17.6209,7410
"p330","ssp585","NESM3","2075",0.13,0.5,0,84,102.47,4.7936,0.1,0,0.1,0,0.14,0,0,0,0,0,0,0,0,0,0.2,22.2851,10.1175,17.073,18.0533,7411
"p330","ssp585","NESM3","2075",0.24,0.3,0.1,76,102.69,4.7414,0.05,0,0.45,0,0,0,0,0,0,0.1,0,0,0,0,0.3,18.4126,8.7397,14.518,19.4879,7412
"p330","ssp585","NESM3","2075",0.24,0.65,0,68,109.15,4.9073,0.2833,0,0.2,0,0.1,0,0,0.1,0,0.15,0,0,0,0,0.35,21.7486,11.0798,17.289,16.7403,7413
"p330","ssp585","NESM3","2075",0.27,1,0,73,102.76,5.1352,0.2,0,0,0,0.12,0,0,0,0,0.15,0,0,0,0,0.45,19.7814,11.0221,16.5122,17.7858,7414
"p330","ssp585","NESM3","2075",0.1,1,0,71,108.55,4.808,0.0833,0,0.05,0,0.05,0,0,0.1,0,0.4,0,0.25,0.05,0,0.3,20.4044,9.1296,16.0023,20.923,7415
"p330","ssp585","NESM3","2075",0.17,0.55,0,75,107.81,4.7567,0.1167,0,0.1,0,0.12,0,0,0.1,0,0.35,0,0.05,0,0,0.5,20.0558,8.7837,17.5312,18.9109,7416
"p330","ssp585","NESM3","2075",0.13,1,0,71,109.49,4.7134,0.1,0,0.2,0,0.11,0,0,0,0,0,0,0.05,0,0,0.2,20.1292,10.286,17.7785,17.924,7417
"p330","ssp585","NESM3","2075",0.2,1,0,69,96.71,4.564,0.0333,0,0.8,0,0,0,0,0,0,0.1,0,0,0,0,0.2,19.2626,6.1423,11.734,16.6673,7418
"p330","ssp585","NESM3","2075",0.38,1,0,71,104.48,4.4605,0.05,0,0.85,0,0.07,0,0,0,0,0.1,0,0,0,0,0.3,20.391,7.2938,12.95,17.4415,7419
"p330","ssp585","NESM3","2075",0.17,1,0,73,104.89,5.2103,0.0333,0,0.9,0,0,0,0,0,0,0.1,0,0.1,0,0,0.75,21.6479,7.426,15.3608,20.2529,7420
"p330","ssp585","NESM3","2075",0.2,1,0,78,98.66,4.3723,0.1,0,0.1,0,0.07,0,0,0,0,0.1,0,0.05,0,0,0.9,21.4995,8.4407,15.6625,19.3069,7421
"p330","ssp585","NESM3","2075",0.16,0.7,0,62,99.89,4.6232,0.0833,0,0.05,0,0.06,0,0,0.1,0,0,0,0,0,0,0.35,18.7404,10.1999,18.3675,20.5124,7422
"p330","ssp585","NESM3","2075",0.16,0.55,0,72,110.38,4.646,0.15,0,0.15,0.05,0.06,0,0,0,0,0,0,0,0,0,0.25,19.9279,10.2455,12.4883,15.8659,7423
"p330","ssp585","NESM3","2075",0.49,1,0,78,108.55,4.2542,0,0,0.3,0,0,0,0,0,0,0.1,0,0.15,0,0.15,0.3,19.9273,7.8123,14.8475,19.8923,7424
"p330","ssp585","NESM3","2075",0.16,0.7,0,61,111.09,4.9137,0.0833,0,0.35,0,0,0,0,0,0,0.25,0,0,0,0,0.2,20.5596,8.3802,12.992,16.9956,7425
"p330","ssp585","NESM3","2075",0.28,0.85,0,73,108.28,4.6725,0.1333,0,0.1,0,0.06,0,0,0,0,0.15,0,0,0,0,0.45,22.1817,8.1086,16.792,18.1168,7426
"p330","ssp585","NESM3","2075",0.33,1,0,63,98.17,4.8317,0.05,0,0.5,0,0.11,0,0,0,0,0.1,0,0.1,0,0,0.75,19.1897,7.5556,17.429,20.0365,7427
"p330","ssp585","NESM3","2075",0.05,0.5,0,69,104.64,4.7619,0.0667,0,0,0,0.05,0,0,0,0,0.15,0,0,0,0,0.15,19.4991,10.3966,13.2483,17.9762,7428
"p330","ssp585","NESM3","2075",0.23,0.9,0,79,108.5,4.8612,0.05,0,0.25,0,0,0,0,0,0,0,0,0,0,0,0.15,20.8593,8.28,14.5973,16.4015,7429
"p330","ssp585","NESM3","2075",0.32,0.5,0,72,105.26,4.8148,0.0833,0,1,0,0.12,0,0,0.2,0,0,0,0,0,0,0.25,19.3538,4.9128,15.8395,18.9045,7430
"p330","ssp585","NESM3","2075",0.23,0.7,0,74,108.97,4.8044,0.0667,0,0.55,0,0,0,0,0,0,0.1,0,0,0,0,0.2,20.3424,6.2862,16.3283,15.0303,7431
"p330","ssp585","NESM3","2075",0.48,1,0,79,99.05,4.8911,0.05,0,0,0,0.12,0,0,0,0,0,0,0,0,0,0.35,21.519,8.5383,11.5542,17.0644,7432
"p330","ssp585","NESM3","2075",0.32,1,0,77,104.47,5.0149,0.1167,0,0.35,0,0,0,0,0.15,0,0.3,0,0,0,0,0.4,20.6246,9.3784,18.3407,18.1593,7433
"p330","ssp585","NESM3","2075",0.22,1,0,73,94.88,4.7922,0.1167,0,0.1,0,0.12,0,0,0,0,0,0,0.05,0,0,0.3,19.8825,10.7189,16.1603,19.1429,7434
"p330","ssp585","NESM3","2075",0.45,1,0,77,103.63,4.967,0.1,0,0.15,0,0.06,0,0,0,0,0,0,0,0,0,0.3,20.6091,8.5495,12.5568,18.1162,7435
"p330","ssp585","NESM3","2075",0.39,1,0,70,113.05,5.0401,0.0833,0,0.3,0,0.12,0,0,0,0,0,0,0,0,0,0,21.1219,8.4087,14.9198,13.7865,7436
"p330","ssp585","NESM3","2075",0.25,0.8,0,69,99.02,4.6111,0.1667,0,0.25,0,0.07,0,0,0,0,0.35,0,0.05,0,0,0.45,20.0273,9.4267,16.9587,17.9922,7437
"p330","ssp585","NESM3","2075",0.2,0.7,0,73,107.96,4.082,0.0167,0,0.65,0,0.06,0,0,0,0,0.25,0,0.1,0,0,0.25,19.601,6.0979,15.4175,19.6741,7438
"p330","ssp585","NESM3","2075",0.41,1,0,71,96.84,4.5018,0.05,0,1,0,0.05,0,0,0.2,0,0,0,0,0,0,0.55,20.4953,3.7987,18.1635,19.7991,7439
"p330","ssp585","NESM3","2075",0.33,1,0,72,109.41,4.9075,0.05,0,0.25,0,0.21,0,0,0.15,0,0,0,0,0,0,0.15,19.1891,9.5987,18.3887,18.5717,7440
"p330","ssp585","NESM3","2075",0.34,1,0,82,96.02,4.6715,0.0667,0,0.15,0,0.05,0,0,0,0,0,0,0.05,0,0,0.2,21.7156,8.6282,13.1213,18.9259,7441
"p330","ssp585","NESM3","2075",0.16,0.75,0,83,92.6,4.8071,0.1667,0,0.25,0,0,0,0,0,0,0,0,0.3,0,0,0.25,20.2576,8.4198,15.4927,17.6752,7442
"p330","ssp585","NESM3","2075",0.16,0.25,0.1,49,110.23,4.4964,0.0833,0,0.6,0,0,0,0,0,0,0,0,0.15,0,0,0.3,19.7159,7.6679,13.1328,17.7918,7443
"p330","ssp585","NESM3","2075",0.29,1,0,89,103.13,4.9592,0.0667,0,0.1,0,0.07,0,0,0,0,0.35,0,0,0,0,0.25,22.1283,9.1095,13.9837,15.8168,7444
"p330","ssp585","NESM3","2075",0.31,0.95,0,63,107.54,4.6955,0.0333,0,1,0,0.06,0,0,0,0,0.35,0,0,0,0,0.2,18.5653,5.1518,15.0988,15.784,7445
"p330","ssp585","NESM3","2075",0.23,1,0,69,105.6,5.0124,0.1167,0,0,0,0.05,0,0,0,0,0,0,0,0,0,0.5,20.3759,9.3691,12.3238,16.97,7446
"p330","ssp585","NESM3","2075",0.43,1,0,75,97.83,4.9197,0.2,0,0.1,0,0.06,0,0,0,0,0.1,0,0,0,0,0.25,20.6949,10.7771,14.9145,17.3418,7447
"p330","ssp585","NESM3","2075",0.2,1,0,68,106.23,5.0892,0.1,0,0,0,0.05,0,0,0,0,0,0,0.1,0,0,0.5,20.2802,9.4032,14.0198,18.9321,7448
"p330","ssp585","NESM3","2075",0.22,0.3,0,77,113.05,4.9601,0.0667,0,0.05,0,0.17,0,0,0,0,0.1,0,0,0,0,0.2,20.5094,9.7241,15.8,17.4978,7449
"p330","ssp585","NESM3","2075",0.16,0.85,0,77,98.48,4.7278,0.1167,0,1,0,0.17,0,0,0,0,0.1,0,0.25,0.05,0,0.25,20.1946,3.5046,14.329,20.7297,7450
"p330","ssp585","NESM3","2075",0.44,0.7,0,72,107.89,4.5666,0.0167,0,0.8,0,0.1,0.05,0,0,0,0.15,0,0.1,0,0,0.2,19.6698,5.5915,16.7738,19.0409,7451
"p330","ssp585","NESM3","2075",0.12,0.8,0,66,105.82,4.5536,0.05,0,0.45,0,0.05,0,0,0,0,0.4,0,0,0,0,0.2,19.1067,6.4148,15.0742,15.8179,7452
"p330","ssp585","NESM3","2075",0.11,1,0,85,110.75,4.1617,0.1833,0,0.85,0,0.17,0,0,0,0,0.3,0,0.05,0,0,0.25,20.7526,6.1658,17.79,18.6351,7453
"p330","ssp585","NESM3","2075",0.31,0.5,0,62,108.55,4.432,0.0167,0,0.8,0,0.06,0,0,0,0,0,0,0.05,0,0,0.2,19.3203,4.4478,13.4277,19.1421,7454
"p330","ssp585","NESM3","2075",0.46,1,0,83,105.17,4.7066,0.0667,0,0.5,0,0.1,0,0,0,0,0,0,0,0.05,0,0.45,21.0238,10.0542,16.345,17.4505,7455
"p330","ssp585","NESM3","2075",0.24,1,0,80,102.71,4.8549,0.1167,0,0.1,0,0.07,0,0,0,0,0,0,0.3,0,0,0.1,21.1227,8.6242,14.5833,19.9398,7456
"p330","ssp585","NESM3","2075",0.17,0.75,0,76,104.42,4.7566,0.15,0,0,0,0.06,0,0,0,0,0,0,0,0,0,0.85,20.2245,11.891,12.2393,17.9297,7457
"p330","ssp585","NESM3","2075",0.38,0.65,0.15,67,114.08,5.0235,0.1,0,0.3,0,0.07,0,0,0.3,0,0,0,0,0.05,0,0.8,18.4136,8.8891,19.7748,18.0942,7458
"p330","ssp585","NESM3","2075",0.17,0.6,0,70,104.48,4.6586,0.0667,0,0.3,0,0.08,0,0,0,0,0.35,0,0.05,0,0,0.35,20.6757,7.5065,14.7505,19.0988,7459
"p330","ssp585","NESM3","2075",0.4,1,0,64,111.78,4.6707,0.0833,0,0.7,0,0.1,0,0,0,0,0.25,0,0.05,0,0,0.9,20.6829,6.3962,14.8807,19.3767,7460
"p330","ssp585","NESM3","2075",0.37,0.85,0,73,96.82,5.1718,0.0833,0,0.2,0,0.14,0,0,0,0,0,0,0,0,0,0.75,21.4251,8.2534,14.4083,17.1324,7461
"p330","ssp585","NESM3","2075",0.3,0.6,0,71,105.5,5.05,0.2,0,0,0,0.09,0,0,0,0,0,0,0,0,0,0.3,19.4027,10.7741,14.9822,14.7727,7462
"p330","ssp585","NESM3","2075",0.34,0.35,0.1,56,101.13,4.9135,0.05,0,0.25,0,0.05,0,0,0,0,0.1,0,0.15,0,0,0.4,16.7469,7.4994,16.5083,18.8694,7463
"p330","ssp585","NESM3","2075",0.41,0.4,0,62,105.11,4.9512,0.0667,0,0,0,0.06,0,0,0,0,0.1,0,0,0,0,0.2,17.9147,9.9994,14.7173,19.1635,7464
"p330","ssp585","NESM3","2075",0.15,0.6,0,68,115.76,4.5112,0.1167,0,0,0,0,0,0,0,0,0,0,0.4,0,0,0.15,19.8758,8.7514,13.7067,22.7609,7465
"p330","ssp585","NESM3","2075",0.24,0.85,0.3,73,110.58,4.9905,0.0667,0,0.25,0,0,0,0,0,0,0.4,0,0.05,0,0,0.2,19.6937,7.8501,17.7587,20.5324,7466
"p330","ssp585","NESM3","2075",0.38,0.9,0,73,100.42,4.4631,0.05,0,0,0,0.13,0,0,0,0,0,0,0.1,0,0,0.3,20.0918,8.5762,14.8838,19.188,7467
"p330","ssp585","NESM3","2075",0.15,0.95,0.1,78,105.36,4.8905,0.1,0,0.75,0,0.11,0,0,0,0,0,0,0.05,0.05,0,0.4,21.0474,7.6729,12.6888,19.6976,7468
"p330","ssp585","NESM3","2075",0.31,0.6,0,72,100.47,4.5823,0.1,0,0.1,0,0.07,0.05,0,0,0,0,0,0.25,0,0,0.5,20.1293,9.9659,15.0122,20.5924,7469
"p330","ssp585","NESM3","2075",0.51,1,0,81,99.52,4.7585,0.2,0,0.25,0,0.14,0,0,0,0,0,0,0,0,0,0.3,21.9707,8.9238,15.5388,18.2227,7470
"p330","ssp585","NESM3","2075",0.24,1,0,74,96.94,4.6136,0.1667,0,0.55,0,0.1,0,0,0,0,0.1,0,0,0,0,0.4,19.7431,7.2892,14.2047,17.3052,7471
"p330","ssp585","NESM3","2075",0.3,1,0,73,112.17,4.3681,0.1167,0,0.1,0,0,0,0,0,0,0,0,0.15,0.05,0,0.45,20.3225,9.4091,13.0767,19.4886,7472
"p330","ssp585","NESM3","2075",0.3,0.6,0,73,113.06,4.8762,0.0167,0,0.8,0,0.13,0,0,0,0,0,0,0.25,0,0,1,21.1551,6.4958,17.0268,20.7272,7473
"p330","ssp585","NESM3","2075",0.33,0.3,0,68,107.63,4.7001,0.15,0,0.15,0,0.12,0,0,0,0,0,0,0.1,0,0,0.7,21.7238,10.3784,16.0148,20.1467,7474
"p330","ssp585","NESM3","2075",0.3,0.85,0,72,102.28,4.6215,0.0833,0,0,0,0.12,0,0,0,0,0.15,0,0,0,0,0.15,20.3858,9.8463,16.0862,16.6777,7475
"p330","ssp585","NESM3","2075",0.2,0.35,0,88,107.77,5.2195,0.1167,0,0.1,0,0.05,0,0,0,0,0,0,0.05,0,0,0.25,19.7746,8.8479,16.4177,17.4653,7476
"p330","ssp585","NESM3","2075",0.2,0.6,0,73,99.09,4.7438,0.15,0,0.1,0,0.06,0,0,0,0,0.4,0,0.1,0,0,0.1,21.0465,8.7889,15.2635,17.4259,7477
"p330","ssp585","NESM3","2075",0.43,1,0,74,102.51,4.6751,0.0333,0,0.3,0,0.1,0,0,0,0,0.15,0,0.1,0,0,0.4,20.8824,8.4482,15.3393,19.057,7478
"p330","ssp585","NESM3","2075",0.54,0.8,0,71,101.91,4.4119,0.1,0,0.35,0,0,0,0,0,0,0.15,0,0.05,0,0,0.6,18.7212,8.6163,14.6448,19.7833,7479
"p330","ssp585","NESM3","2075",0.24,0.9,0,77,87.11,4.7427,0.15,0,0,0,0.17,0,0,0,0,0,0,0.05,0,0,0.75,20.8455,11.4521,14.6558,17.662,7480
"p330","ssp585","NESM3","2075",0.24,1,0,76,108.84,4.4883,0.1333,0,0,0,0.05,0,0,0,0,0,0,0,0,0,0.2,21.5887,11.3762,15.3202,17.23,7481
"p330","ssp585","NESM3","2075",0.36,0.9,0,82,97.15,4.822,0.0667,0,0.75,0,0.05,0,0,0,0,0.15,0,0.2,0,0,0.25,21.9666,6.2145,13.7318,20.2086,7482
"p330","ssp585","NESM3","2075",0.37,0.65,0,85,108.17,4.889,0.0833,0,0.3,0,0.1,0,0,0,0,0.1,0,0.55,0.05,0,0.1,19.9675,7.6374,14.1273,18.7629,7483
"p330","ssp585","NESM3","2075",0.29,0.65,0,60,100.34,5.0452,0.1667,0,0.1,0,0.05,0,0,0,0,0,0,0,0,0,0.7,18.5308,8.9747,12.5255,20.495,7484
"p330","ssp585","NESM3","2075",0.24,0.7,0,57,104.92,4.7594,0.1167,0,0.35,0,0.06,0,0,0.25,0,0,0,0.1,0,0,0.25,21.1591,7.366,16.754,18.1201,7485
"p330","ssp585","NESM3","2075",0.34,0.4,0,65,97.93,4.6388,0.1167,0,0.65,0,0.14,0,0,0,0,0.1,0,0.15,0.05,0,0.1,21.0004,7.6533,15.6317,18.6238,7486
"p330","ssp585","NESM3","2075",0.42,1,0,80,109.1,5.0397,0.1,0,0.35,0,0.09,0,0,0,0,0,0,0,0.05,0,0.8,20.1981,7.7234,16.0182,19.2682,7487
"p330","ssp585","NESM3","2075",0.35,0.85,0,62,110.68,4.7485,0.1,0,0.1,0,0.1,0,0,0,0,0.1,0,0,0,0,0.2,21.6531,9.6426,15.5302,18.6079,7488
"p330","ssp585","NESM3","2075",0.33,0.3,0,75,107.99,5.2001,0.1333,0,0.2,0,0.11,0,0,0,0,0,0,0,0,0,0.45,19.8693,9.043,14.4492,17.4254,7489
"p330","ssp585","NESM3","2075",0.22,0.85,0,68,106.88,4.7387,0.05,0,0.85,0,0.06,0,0,0.15,0,0.1,0,0,0,0,0.7,18.6269,5.6361,14.7297,17.1376,7490
"p330","ssp585","NESM3","2075",0.22,0.7,0,73,110.54,4.8286,0.0667,0,0.35,0,0.06,0,0,0,0,0.1,0,0,0,0,0.2,20.7624,7.8503,15.6373,15.6827,7491
"p330","ssp585","NESM3","2075",0.23,0.85,0,71,99.57,4.6428,0.0667,0,0.4,0,0.16,0,0,0,0,0,0,0.05,0,0,0.35,18.5278,7.9478,14.7535,18.9141,7492
"p330","ssp585","NESM3","2075",0.11,0.6,0,68,104.42,5.1562,0.3167,0,0.3,0,0.1,0,0,0,0,0,0,0,0,0,0.35,18.8642,11.0873,13.788,17.0532,7493
"p330","ssp585","NESM3","2075",0.32,1,0,78,106.8,4.6566,0.0833,0,0.05,0,0.09,0,0,0,0,0,0,0,0,0,0.3,21.1602,8.5646,13.816,16.6315,7494
"p330","ssp585","NESM3","2075",0.05,0.95,0.1,79,110.34,4.8297,0.15,0,0.55,0,0.13,0,0,0,0,0,0,0,0,0.15,0.8,20.4112,10.0091,16.6907,18.8894,7495
"p330","ssp585","NESM3","2075",0.38,1,0,75,108.19,4.7903,0.05,0,0.9,0,0.11,0,0,0,0,0,0,0.05,0,0,0.15,21.9675,6.3218,17.591,19.6317,7496
"p330","ssp585","NESM3","2075",0.13,1,0,82,111.25,4.7913,0.1167,0,0.5,0,0.08,0,0,0.1,0,0.35,0,0,0,0,0,21.0097,7.1547,18.2055,17.2391,7497
"p330","ssp585","NESM3","2075",0.26,0.8,0,68,108.64,4.8144,0.1667,0,0.05,0,0.15,0,0,0.1,0,0,0,0,0,0,0.5,19.6595,9.9692,15.8868,15.2859,7498
"p330","ssp585","NESM3","2075",0.32,0.4,0,88,91.9,4.4952,0.0667,0,0.55,0,0,0,0,0,0,0,0,0,0,0,0.65,21.4624,9.2549,12.381,18.8197,7499
"p330","ssp585","NESM3","2075",0.3,1,0,82,105.75,4.7686,0,0,0.1,0,0.1,0,0,0,0,0,0,0,0,0,0.7,22.2329,8.1786,14.6258,15.5777,7500
"p330","ssp585","UKESM1-0-LL","2075",0.16,0.95,0.1,74,107.48,4.2813,0.15,0,0,0,0,0,0,0,0,0.1,0,0.15,0,0,0.5,20.6918,9.6353,14.2525,20.7399,7501
"p330","ssp585","UKESM1-0-LL","2075",0.1,1,0,72,102.74,4.5416,0.0833,0,0,0,0.13,0,0,0,0,0.1,0,0.5,0,0,0.55,20.5368,10.6798,15.923,22.0059,7502
"p330","ssp585","UKESM1-0-LL","2075",0.17,0.9,0,79,106.91,4.3795,0.2,0,0.5,0,0.26,0,0,0,0,0.1,0,0.55,0,0,0.25,20.1529,9.6928,18.7018,21.7136,7503
"p330","ssp585","UKESM1-0-LL","2075",0.36,0.85,0,73,93.07,4.4354,0.2333,0,0,0,0.08,0,0,0,0,0.2,0,0.5,0,0,0.3,19.0959,11.5236,13.9343,21.0702,7504
"p330","ssp585","UKESM1-0-LL","2075",0.21,0.95,0,75,100.33,4.4982,0.1667,0,0.05,0,0.09,0,0,0.25,0,0,0,0.3,0,0,0.65,20.7201,10.3358,17.3593,20.6454,7505
"p330","ssp585","UKESM1-0-LL","2075",0.28,1,0.1,79,91.56,4.489,0.15,0,0.3,0,0,0,0,0,0,0,0,0.15,0,0,0.2,19.6562,10.0326,12.1248,20.5321,7506
"p330","ssp585","UKESM1-0-LL","2075",0.27,1,0,70,106.09,4.4158,0.1167,0,0.15,0,0.12,0,0,0,0,0,0,0.05,0,0,0.5,20.554,9.4719,13.9242,18.7509,7507
"p330","ssp585","UKESM1-0-LL","2075",0.34,0.7,0,66,90.73,4.5837,0.1,0,0.25,0,0.06,0,0,0,0,0.1,0,0.95,0,0,0.1,19.2948,10.3915,15.0782,24.9982,7508
"p330","ssp585","UKESM1-0-LL","2075",0.41,1,0,88,102.22,3.9148,0.1,0,0.2,0,0.1,0,0,0,0,0,0,0.25,0.05,0,0.45,21.8308,7.9782,17.3527,20.9303,7509
"p330","ssp585","UKESM1-0-LL","2075",0.31,1,0,70,104.66,4.6418,0.2667,0,0.35,0,0.16,0,0,0,0,0,0,0.35,0,0,0.4,21.2097,8.9682,16.9652,20.9806,7510
"p330","ssp585","UKESM1-0-LL","2075",0.13,0.75,0,86,108.2,4.3777,0.15,0,0.1,0,0.14,0,0,0,0,0,0,0.1,0,0,0.4,21.9165,11.4096,17.934,21.4082,7511
"p330","ssp585","UKESM1-0-LL","2075",0.24,0,0.1,75,92.32,4.3802,0.05,0,0.2,0,0,0,0,0,0,0.1,0,0.55,0.05,0,0.25,18.0413,10.0326,15.3733,22.8206,7512
"p330","ssp585","UKESM1-0-LL","2075",0.24,0.7,0,71,103.75,4.4512,0.3,0,0.15,0,0.1,0,0,0.1,0,0.15,0,0.1,0,0,0.5,21.3869,12.3652,18.1802,20.0978,7513
"p330","ssp585","UKESM1-0-LL","2075",0.27,0.95,0,71,97.84,4.7301,0.3,0,0,0,0.12,0,0,0.1,0,0.15,0,0.15,0,0,0.5,19.4159,12.3107,17.3905,21.147,7514
"p330","ssp585","UKESM1-0-LL","2075",0.1,1,0,71,108.26,4.4052,0.1667,0,0.05,0,0.05,0,0,0.1,0,0.4,0,1,0.05,0,0.3,20.0367,10.421,16.866,24.2788,7515
"p330","ssp585","UKESM1-0-LL","2075",0.17,0.45,0,76,99.75,4.3193,0.15,0,0.05,0,0.12,0,0,0.1,0,0.25,0,0.55,0.05,0,0.35,19.6853,10.0763,18.3892,22.2447,7516
"p330","ssp585","UKESM1-0-LL","2075",0.13,1,0,69,111.25,4.2713,0.1667,0,0.1,0,0.11,0.05,0,0.15,0,0,0,0.5,0,0,0.25,19.7669,11.5702,18.6725,21.2826,7517
"p330","ssp585","UKESM1-0-LL","2075",0.18,0.85,0,67,105.24,4.2144,0.0667,0,0.55,0,0,0,0,0,0,0.1,0,0.1,0,0,0.25,18.898,7.4306,12.6145,20.0286,7518
"p330","ssp585","UKESM1-0-LL","2075",0.38,0.95,0,71,105.2,4.2095,0.15,0,0.65,0,0.07,0,0,0,0,0.15,0,0.1,0,0,0.35,20.0233,8.5847,13.8167,20.7986,7519
"p330","ssp585","UKESM1-0-LL","2075",0.17,1,0,73,94.79,4.7721,0.0833,0,0.85,0,0,0,0,0,0,0.1,0,0.7,0,0,0.35,21.2781,8.7181,16.2223,23.5874,7520
"p330","ssp585","UKESM1-0-LL","2075",0.2,0.8,0,79,96.98,4.0187,0.1667,0,0.05,0,0.07,0,0,0,0,0.1,0,0.25,0.1,0,0.45,21.1383,9.7237,16.5598,22.6654,7521
"p330","ssp585","UKESM1-0-LL","2075",0.16,0.6,0,60,96.26,4.2724,0.1667,0,0,0,0.06,0,0,0.1,0,0,0,0.5,0,0,0.3,18.3769,11.4867,19.2505,23.8753,7522
"p330","ssp585","UKESM1-0-LL","2075",0.16,0.55,0,71,103.9,4.2687,0.2167,0,0.05,0.05,0.06,0,0,0,0,0,0,0.1,0,0,0.6,19.5612,11.5351,13.3567,19.2223,7523
"p330","ssp585","UKESM1-0-LL","2075",0.49,1,0,77,112.96,3.927,0.0833,0,0,0,0,0,0,0,0,0.1,0,0.55,0.05,0.15,0.35,19.5575,9.1027,15.7117,23.228,7524
"p330","ssp585","UKESM1-0-LL","2075",0.16,0.35,0,57,107.57,4.4547,0.1,0,0.15,0,0,0,0,0,0,0.2,0,0,0,0,0.25,20.199,9.663,13.893,20.3556,7525
"p330","ssp585","UKESM1-0-LL","2075",0.28,0.8,0,73,98.77,4.3068,0.1667,0,0.05,0,0.06,0,0,0,0,0.15,0,0.15,0.05,0,0.7,21.8183,9.3938,17.6782,21.4803,7526
"p330","ssp585","UKESM1-0-LL","2075",0.32,1,0,65,102.78,4.4545,0.15,0,0.4,0,0.11,0,0,0,0,0.1,0,0.5,0,0,0.4,18.8234,8.8446,18.3012,23.3948,7527
"p330","ssp585","UKESM1-0-LL","2075",0,0.55,0,68,93.23,4.3689,0.15,0,0,0,0.05,0,0,0,0,0.15,0,0.25,0,0,0.4,19.1304,11.6869,14.1145,21.3126,7528
"p330","ssp585","UKESM1-0-LL","2075",0.22,0.65,0,79,108.6,4.5115,0.1167,0,0.1,0,0,0,0,0,0,0,0,0.3,0,0,0.3,20.4989,9.5621,15.5018,19.7622,7529
"p330","ssp585","UKESM1-0-LL","2075",0.32,0.3,0,70,92.92,4.3343,0.1167,0,0.85,0,0.12,0,0,0.3,0,0,0,0.55,0.05,0,0.35,18.9908,6.198,16.7278,22.2685,7530
"p330","ssp585","UKESM1-0-LL","2075",0.23,0.7,0,74,98.39,4.4166,0.1,0,0.45,0,0.05,0,0,0,0,0.1,0,0,0.1,0,1,19.9763,7.5746,17.2032,18.3902,7531
"p330","ssp585","UKESM1-0-LL","2075",0.48,1,0,79,100.7,4.565,0.15,0,0,0,0.12,0,0,0,0,0,0,0.25,0,0,0.45,21.1508,9.8282,12.4235,20.4026,7532
"p330","ssp585","UKESM1-0-LL","2075",0.32,1,0,78,97.2,4.6081,0.2167,0,0.15,0,0,0,0,0.15,0,0.25,0,0.2,0,0,0.45,20.2648,10.6603,19.2477,21.52,7533
"p330","ssp585","UKESM1-0-LL","2075",0.22,1,0,70,89.93,4.4036,0.1833,0,0,0,0.12,0,0,0,0,0,0,0.4,0,0,0.35,19.5206,12.0036,17.053,22.508,7534
"p330","ssp585","UKESM1-0-LL","2075",0.45,0.85,0,78,106.27,4.5483,0.15,0,0,0,0.06,0,0,0,0,0,0,0.45,0,0,0.35,20.244,9.8368,13.4353,21.477,7535
"p330","ssp585","UKESM1-0-LL","2075",0.39,1,0,70,110.47,4.6249,0.15,0,0.25,0,0.12,0,0,0,0,0,0,0,0,0,0.3,20.7535,9.6976,15.7927,17.1253,7536
"p330","ssp585","UKESM1-0-LL","2075",0.25,0.85,0,67,103.48,4.2395,0.2667,0,0.2,0,0.07,0,0,0,0,0.3,0,0.4,0.05,0,0.35,19.6686,10.7072,17.8675,21.354,7537
"p330","ssp585","UKESM1-0-LL","2075",0.2,0.6,0,73,114.43,3.7222,0.05,0,0.4,0,0.06,0,0,0,0,0.25,0,0.65,0,0,0.2,19.2391,7.3823,16.312,23.0408,7538
"p330","ssp585","UKESM1-0-LL","2075",0.41,1,0.1,68,94.01,4.1113,0.05,0,1,0,0.05,0,0,0.35,0,0,0,0.4,0.05,0,0.35,20.131,5.086,19.0437,23.1597,7539
"p330","ssp585","UKESM1-0-LL","2075",0.33,0.75,0,72,105.89,4.5608,0.15,0,0.1,0,0.21,0,0,0.15,0,0,0,0.4,0,0,0.25,18.8219,10.8874,19.2642,21.9118,7540
"p330","ssp585","UKESM1-0-LL","2075",0.39,1,0,81,104.3,4.2711,0.15,0,0.05,0,0.05,0,0,0,0,0,0,0.35,0,0,0.4,21.358,9.9086,14.0338,22.2885,7541
"p330","ssp585","UKESM1-0-LL","2075",0.16,0.25,0,82,95.29,4.4435,0.2,0,0.1,0,0,0,0,0,0,0,0,0.6,0,0,0.5,19.8964,9.7036,16.3898,21.042,7542
"p330","ssp585","UKESM1-0-LL","2075",0.16,0.15,0,51,107.11,4.1494,0.2167,0,0.4,0,0,0,0,0.1,0,0,0,0.5,0,0,0.55,19.3524,8.9543,14.016,21.1545,7543
"p330","ssp585","UKESM1-0-LL","2075",0.29,1,0,90,101.13,4.536,0.1167,0,0.1,0,0.07,0,0,0,0.1,0.35,0,0.1,0,0,0.85,21.761,10.3973,14.8618,19.157,7544
"p330","ssp585","UKESM1-0-LL","2075",0.25,0.95,0,61,99.25,4.2502,0.1167,0,0.55,0,0.06,0,0,0,0,0.35,0,0.2,0,0,0.35,18.2076,6.4317,16.014,19.1472,7545
"p330","ssp585","UKESM1-0-LL","2075",0.23,1,0,68,102.19,4.6332,0.1833,0,0,0,0.05,0,0,0,0,0.1,0,0,0,0,0.9,20.0153,10.6518,13.2247,20.3377,7546
"p330","ssp585","UKESM1-0-LL","2075",0.4,1,0,75,98.15,4.6085,0.3167,0,0.05,0,0.07,0,0,0,0,0.1,0,0.25,0,0,0.5,20.3311,12.0627,15.801,20.7055,7547
"p330","ssp585","UKESM1-0-LL","2075",0.19,0.95,0,68,102.61,4.6568,0.15,0,0,0,0.05,0,0,0,0,0,0,0.55,0,0,0.4,19.914,10.6908,14.9005,22.2745,7548
"p330","ssp585","UKESM1-0-LL","2075",0.22,0.1,0,76,105.73,4.4913,0.1333,0,0,0,0.17,0,0,0,0,0.1,0,0.15,0,0,0.35,20.1523,11.003,16.7187,20.861,7549
"p330","ssp585","UKESM1-0-LL","2075",0.11,0.7,0,77,101.48,4.3164,0.15,0,1,0,0.17,0,0,0,0,0.1,0,1,0.15,0,0,19.8345,4.7866,15.2323,24.0974,7550
"p330","ssp585","UKESM1-0-LL","2075",0.44,0.4,0,70,110.32,4.0847,0.05,0,0.6,0,0.1,0.1,0,0,0,0,0,0.75,0,0,0.15,19.3069,6.8765,17.6628,22.4053,7551
"p330","ssp585","UKESM1-0-LL","2075",0.12,0.3,0,65,110.11,4.1867,0.0833,0,0.2,0,0.05,0,0,0,0,0.4,0,0.05,0,0,0.45,18.7405,7.7016,15.9573,19.1611,7552
"p330","ssp585","UKESM1-0-LL","2075",0.11,0.75,0,82,115.09,3.7997,0.2333,0,0.6,0,0.17,0,0,0,0,0.25,0,0.5,0,0,0.4,20.3966,7.4448,18.711,21.9991,7553
"p330","ssp585","UKESM1-0-LL","2075",0.31,0.3,0,62,113.39,4.0075,0.0833,0,0.7,0,0.06,0,0,0,0,0,0,0.45,0,0,0.15,18.961,5.7294,14.3358,22.5126,7554
"p330","ssp585","UKESM1-0-LL","2075",0.46,1,0,84,106.01,4.3548,0.1167,0,0.3,0,0.1,0,0,0.2,0,0,0,0.2,0.1,0,0.9,20.6613,11.339,17.237,20.8158,7555
"p330","ssp585","UKESM1-0-LL","2075",0.24,1,0,79,106.74,4.4545,0.1667,0,0.05,0,0.07,0,0,0,0,0,0,1,0,0,0.05,20.7573,9.91,15.4705,23.2827,7556
"p330","ssp585","UKESM1-0-LL","2075",0.17,0.75,0,74,96.42,4.4133,0.2,0,0,0,0.06,0,0,0,0,0,0,0.3,0,0,0.55,19.8693,13.169,13.1638,21.2944,7557
"p330","ssp585","UKESM1-0-LL","2075",0.38,0.6,0.15,66,108.96,4.5413,0.1333,0,0.2,0,0.07,0,0,0.35,0,0,0,0.3,0.1,0,0.7,18.0551,10.1703,20.6837,21.4644,7558
"p330","ssp585","UKESM1-0-LL","2075",0.17,0.5,0,68,100.75,4.2571,0.0833,0,0.15,0,0.08,0,0,0,0,0.35,0,0.4,0.05,0,0.25,20.314,8.7912,15.6457,22.4641,7559
"p330","ssp585","UKESM1-0-LL","2075",0.39,1,0,63,108.17,4.2324,0.1,0,0.55,0,0.1,0,0,0,0,0.25,0,0.5,0.05,0,0.6,20.3186,7.6815,15.77,22.7206,7560
"p330","ssp585","UKESM1-0-LL","2075",0.37,0.7,0,73,90.98,4.8105,0.1,0,0.15,0.05,0.15,0,0,0,0,0,0,0.35,0.05,0,0.55,21.0704,9.5302,15.3355,20.4979,7561
"p330","ssp585","UKESM1-0-LL","2075",0.3,0.3,0,70,98.46,4.684,0.2667,0,0,0.05,0.09,0.05,0,0,0,0,0,0,0,0,0.9,19.0448,12.0542,15.894,18.1435,7562
"p330","ssp585","UKESM1-0-LL","2075",0.34,0.25,0.1,53,100.48,4.6042,0.1,0,0.15,0,0.05,0.05,0,0,0,0.1,0,0.65,0.05,0,0.15,16.3859,8.7837,17.4065,22.2367,7563
"p330","ssp585","UKESM1-0-LL","2075",0.41,0.3,0,60,100.72,4.597,0.1167,0,0,0,0.06,0,0,0,0,0.2,0,0.55,0,0,0.2,17.5498,11.2842,15.6102,22.5082,7564
"p330","ssp585","UKESM1-0-LL","2075",0.15,0.6,0,67,111.35,4.0903,0.15,0,0,0,0,0,0,0.1,0,0,0,1,0,0,0.1,19.5219,10.028,14.6368,26.1262,7565
"p330","ssp585","UKESM1-0-LL","2075",0.16,0.6,0.3,71,105.18,4.595,0.1667,0,0.15,0,0,0,0,0,0,0.25,0,0.6,0,0,0.05,19.3357,9.1292,18.6748,23.9045,7566
"p330","ssp585","UKESM1-0-LL","2075",0.38,0.7,0,73,100.88,4.1395,0.0833,0,0,0,0.13,0.05,0,0,0,0,0,0.45,0.05,0,0.35,19.7316,9.8586,15.7848,22.5555,7567
"p330","ssp585","UKESM1-0-LL","2075",0.15,0.75,0.1,78,98.78,4.4036,0.1167,0,0.6,0,0.12,0,0,0,0,0,0,0.4,0.05,0,0.4,20.6842,8.9569,13.5855,23.0444,7568
"p330","ssp585","UKESM1-0-LL","2075",0.31,0.7,0,69,90.26,4.202,0.1667,0,0.05,0,0.07,0.1,0,0,0,0,0,0.8,0,0,0.25,19.7752,11.2418,15.9462,23.9584,7569
"p330","ssp585","UKESM1-0-LL","2075",0.51,1,0,81,93.38,4.3786,0.2667,0,0.15,0,0.14,0,0,0,0,0,0,0.35,0,0,0.3,21.6143,10.2026,16.4565,21.5947,7570
"p330","ssp585","UKESM1-0-LL","2075",0.24,0.55,0,74,102.33,4.2589,0.2167,0,0.35,0,0.12,0,0,0.1,0,0.1,0,0.45,0.05,0,0.1,19.3837,8.5712,15.1077,20.6739,7571
"p330","ssp585","UKESM1-0-LL","2075",0.29,1,0,72,101.98,4.0909,0.1333,0,0.1,0,0,0,0,0,0,0,0,0.65,0.05,0,0.25,19.9592,10.6928,13.975,22.8373,7572
"p330","ssp585","UKESM1-0-LL","2075",0.25,0.6,0,71,113.47,4.4328,0.05,0,0.45,0,0.13,0,0,0,0,0,0,0.8,0,0,0.6,20.802,7.7704,17.963,24.095,7573
"p330","ssp585","UKESM1-0-LL","2075",0.33,0.4,0,69,102.26,4.3083,0.2,0,0,0,0.12,0,0,0,0,0,0,0.85,0,0,0.7,21.3677,11.6569,16.9373,23.5202,7574
"p330","ssp585","UKESM1-0-LL","2075",0.3,0.8,0,72,100.61,4.2917,0.1667,0,0,0,0.12,0,0,0,0,0.15,0,0.35,0.05,0,0.25,20.0265,11.1278,16.9927,20.0468,7575
"p330","ssp585","UKESM1-0-LL","2075",0.17,0.2,0,88,98.09,4.8015,0.1667,0,0.05,0,0.05,0,0,0,0,0,0,0.25,0,0,0.7,19.4121,10.1307,17.3183,20.8136,7576
"p330","ssp585","UKESM1-0-LL","2075",0.2,0.6,0,72,99.9,4.3377,0.2167,0,0,0,0.06,0,0,0,0.1,0.5,0,0.4,0.05,0,0.4,20.694,10.0634,16.2028,20.7928,7577
"p330","ssp585","UKESM1-0-LL","2075",0.43,1,0,71,107.49,4.3278,0.1,0,0.2,0,0.1,0,0,0,0,0.15,0,0.65,0,0,0.6,20.5273,9.7262,16.2638,22.4302,7578
"p330","ssp585","UKESM1-0-LL","2075",0.53,0.7,0,70,103.83,4.1036,0.1333,0,0.25,0,0,0,0,0,0,0.15,0,0.6,0.05,0,0.4,18.3624,9.8971,15.5543,23.1532,7579
"p330","ssp585","UKESM1-0-LL","2075",0.24,0.65,0,75,84.27,4.4331,0.3167,0,0,0,0.17,0,0,0,0,0,0,0.2,0.1,0,0.8,20.4842,12.7362,15.5518,21.0279,7580
"p330","ssp585","UKESM1-0-LL","2075",0.26,1,0,75,103.69,4.0695,0.1667,0,0,0,0.05,0,0,0,0,0,0,0.5,0.05,0,0.35,21.2338,12.6513,16.2528,20.6087,7581
"p330","ssp585","UKESM1-0-LL","2075",0.36,0.9,0,85,97.44,4.4098,0.1,0,0.7,0,0.05,0,0,0.1,0,0.15,0,0.85,0,0,0.15,21.609,7.4927,14.6502,23.6002,7582
"p330","ssp585","UKESM1-0-LL","2075",0.37,0.65,0,85,102.83,4.4426,0.15,0,0.15,0,0.1,0,0,0,0,0.1,0,1,0,0,0.05,19.606,8.9194,15.0308,22.1502,7583
"p330","ssp585","UKESM1-0-LL","2075",0.29,0.65,0,60,100.17,4.6787,0.2,0,0,0,0.05,0,0,0,0,0,0,0.7,0,0,0.5,18.1664,10.2582,13.4223,23.8626,7584
"p330","ssp585","UKESM1-0-LL","2075",0.24,0.7,0,57,100.26,4.4268,0.1167,0,0.2,0,0.06,0,0.3,0.5,0,0,0,0.4,0.1,0,0.3,20.8048,8.6409,17.6908,21.4994,7585
"p330","ssp585","UKESM1-0-LL","2075",0.34,0.4,0,64,92.65,4.219,0.15,0,0.5,0,0.14,0,0.1,0,0,0.1,0,0.7,0.05,0,0.25,20.6429,8.9303,16.5522,22.0174,7586
"p330","ssp585","UKESM1-0-LL","2075",0.42,1,0,81,108.71,4.6009,0.1667,0,0.25,0,0.09,0,0,0,0,0,0,0.55,0,0,0.25,19.8375,9.0042,16.924,22.6574,7587
"p330","ssp585","UKESM1-0-LL","2075",0.35,0.8,0,63,103.5,4.3727,0.2,0,0.05,0,0.1,0,0,0,0,0.1,0,0.35,0,0,0.1,21.2895,10.9257,16.4295,21.9761,7588
"p330","ssp585","UKESM1-0-LL","2075",0.33,0.2,0,74,100.82,4.8234,0.2167,0,0.1,0,0.11,0,0,0,0,0,0,0.15,0.05,0,0.55,19.5156,10.3168,15.3887,20.8059,7589
"p330","ssp585","UKESM1-0-LL","2075",0.21,0.7,0,67,112.32,4.311,0.05,0,0.6,0,0.06,0,0,0.2,0,0.15,0,0.1,0.05,0,0.9,18.2701,6.9133,15.6535,20.5308,7590
"p330","ssp585","UKESM1-0-LL","2075",0.22,0.6,0,72,114.59,4.4018,0.1333,0,0.15,0,0.06,0,0,0,0,0,0,0.2,0.05,0,0.55,20.4024,9.1316,16.546,19.0727,7591
"p330","ssp585","UKESM1-0-LL","2075",0.18,0.4,0,71,100.96,4.2689,0.1167,0,0.25,0,0.16,0,0,0,0,0,0,0.5,0,0,0.3,18.1648,9.2304,15.657,22.283,7592
"p330","ssp585","UKESM1-0-LL","2075",0.11,0.4,0,68,103.24,4.8167,0.5167,0,0.05,0,0.1,0,0,0,0,0,0,0,0,0,0.55,18.5112,12.3608,14.7308,20.4331,7593
"p330","ssp585","UKESM1-0-LL","2075",0.32,1,0,78,104.11,4.2417,0.1333,0,0.05,0,0.09,0.05,0,0,0,0.1,0,0.05,0.05,0,0.4,20.8036,9.8408,14.7422,20.0247,7594
"p330","ssp585","UKESM1-0-LL","2075",0,0.5,0.1,79,108.03,4.437,0.2167,0,0.25,0,0.13,0,0,0,0,0,0,0.3,0,0.15,0.85,20.0516,11.2893,17.602,22.28,7595
"p330","ssp585","UKESM1-0-LL","2075",0.38,1,0,77,104.09,4.2732,0.1167,0,0.5,0,0.11,0,0,0,0,0,0,0.55,0,0,0.05,21.605,7.6035,18.4972,23.0005,7596
"p330","ssp585","UKESM1-0-LL","2075",0.13,0.8,0,82,111.04,4.3055,0.2333,0,0.25,0,0.08,0,0,0.2,0,0.2,0,0.35,0,0,0.25,20.6569,8.4273,19.1503,20.6199,7597
"p330","ssp585","UKESM1-0-LL","2075",0.26,0.8,0,65,104.06,4.3542,0.2167,0,0.05,0,0.15,0,0,0.1,0,0,0,0,0.05,0,0.95,19.3038,11.2462,16.8168,18.6797,7598
"p330","ssp585","UKESM1-0-LL","2075",0.32,0.3,0,86,94.92,4.1305,0.0833,0,0.35,0,0,0.05,0,0,0,0,0,0.45,0.05,0,0.6,21.1036,10.5341,13.2962,22.2102,7599
"p330","ssp585","UKESM1-0-LL","2075",0.36,1,0,81,103.79,4.4123,0.05,0,0,0,0.1,0,0,0,0,0,0,0.05,0,0,0.9,21.8714,9.4592,15.5345,18.9483,7600
