"pixel","ssp","gcm","scen_year","drought_stress","insect_risk","disease_risk","photosynhthesis_day","risk_rain","yday_speargrowth","yday_harvest_star","accumulated_chill","frost_risk","diurnal_risk","rainharvest_risk","heatharvest_risk","Tsoil_mean","id"
"p346","historic","historic","2000",0.4,0.13,0,61,0,51,57,75.25,0.3,0,0,0.05,16.4625565628597,1
"p346","historic","historic","2000",0.3,0.11,0,73,0.1,53,66,71.33,0.1,0,0.1,0,16.805342488241,2
"p346","historic","historic","2000",0.46,0.11,0,71,0.1,95,101,111.35,0.1,0,0,0,17.942633917568,3
"p346","historic","historic","2000",0.23,0,0,58,0,90,96,109.95,0,0,0,0,18.5513729012117,4
"p346","historic","historic","2000",0.52,0.21,0,59,0.1,88,94,102.68,0,0,0,0,18.1027924425614,5
"p346","historic","historic","2000",0.18,0.1,0,82,0.1,83,89,98.51,0,0,0.2,0,18.029939450248,6
"p346","historic","historic","2000",0.42,0,0,55,0,76,82,86.98,0.1,0,0,0,17.7122462539546,7
"p346","historic","historic","2000",0.37,0,0,62,0,48,55,77.46,0.1,0,0,0.1,17.0043523671527,8
"p346","historic","historic","2000",0.33,0,0,68,0.1,73,82,98.22,0,0,0,0,18.3466779102647,9
"p346","historic","historic","2000",0.06,0.11,0.3,64,0,100,106,112.33,0,0,0,0,18.1524176139169,10
"p346","historic","historic","2000",0.33,0,0.2,54,0.2,80,86,88.4,0,0,0.1,0,18.564037066798,11
"p346","historic","historic","2000",0.31,0,0,79,0.2,62,68,85.98,0.1,0,0.1,0,16.2835489118098,12
"p346","historic","historic","2000",0.37,0.1,0,58,0,66,72,74.85,0,0,0.1,0,15.867391392786,13
"p346","historic","historic","2000",0.41,0.1,0,66,0.2,84,90,97.85,0.2,0,0.1,0.1,16.7077934091366,14
"p346","historic","historic","2000",0.35,0.21,0,81,0,84,91,99.59,0,0,0,0,17.2206358739415,15
"p346","historic","historic","2000",0.36,0.2,0,80,0,51,57,72,0.3,0,0,0,16.718018483073,16
"p346","historic","historic","2000",0.2,0.11,0.2,76,0.4,71,77,84.14,0,0,0.1,0,16.9358670102687,17
"p346","historic","historic","2000",0.28,0.2,0,83,0,92,98,107.92,0,0,0.1,0,18.385369059536,18
"p346","historic","historic","2000",0.64,0.28,0,80,0.3,59,94,85.73,0,0,0.1,0,19.3578655440884,19
"p346","historic","historic","2000",0.65,0.11,0,52,0.1,86,92,95.96,0,0,0.2,0,19.1686531235882,20
"p346","historic","historic","2000",0.6,0.43,0,87,0.1,65,89,78.97,0,0,0,0,18.456073577373,21
"p346","historic","historic","2000",0.34,0.21,0,61,0.3,86,95,100.53,0,0,0.1,0,18.0297858436187,22
"p346","historic","historic","2000",0.38,0,0,66,0,45,78,76.88,0.2,0,0,0,17.3445604073315,23
"p346","historic","historic","2000",0.25,0,0,78,0.1,46,63,75.5,0,0,0,0,17.4677851143045,24
"p346","historic","historic","2000",0.43,0.39,0,76,0,82,88,79.59,0,0,0.2,0.05,18.1040981144355,25
"p346","historic","historic","2000",0.19,0,0,69,0.1,56,62,83.98,0,0,0,0,17.7811431187218,26
"p346","historic","historic","2000",0.31,0.11,0.25,53,0.1,68,75,81.45,0,0,0.2,0,17.6850926160667,27
"p346","historic","historic","2000",0.4,0.11,0,73,0.2,80,89,97.57,0,0,0,0.05,18.2110039592788,28
"p346","historic","historic","2000",0.47,0.44,0,64,0,50,56,71,0.2,0,0,0,16.738923440723,29
"p346","historic","historic","2000",0.31,0,0,70,0,47,53,72.42,0,0,0.2,0.2,16.469581794209,30
"p346","historic","historic","2000",0.36,0,0,69,0,80,98,100.3,0,0,0,0,17.1831065964893,31
"p346","historic","historic","2000",0.28,0.1,0,74,0.1,61,67,74.78,0,0,0,0,17.5345709255985,32
"p346","historic","historic","2000",0.53,0,0,76,0.2,84,90,93.83,0,0,0.1,0,16.9515475215366,33
"p346","historic","historic","2000",0.48,0.13,0,67,0,54,86,73.16,0,0,0,0,18.2817893439905,34
"p346","historic","historic","2000",0.36,0,0,68,0.15,58,106,79.62,0,0,0,0,19.0683134995566,35
"p346","historic","historic","2000",0.48,0.3,0,80,0,75,81,88.39,0,0,0,0,17.333928781274,36
"p346","historic","historic","2000",0.46,0.32,0,77,0.1,83,125,99.56,0,0,0,0,19.8370632497266,37
"p346","historic","historic","2000",0.25,0.22,0,78,0,46,52,78.48,0,0,0,0,15.9475593926459,38
"p346","historic","historic","2000",0.27,0,0,65,0.1,91,116,108.22,0,0,0,0,19.3277151606228,39
"p346","historic","historic","2000",0.4,0.22,0,61,0,50,95,77.9,0,0,0,0,18.5363117125017,40
"p346","historic","historic","2000",0.45,0.34,0,101,0.1,75,81,98.12,0,0,0,0,17.6114875247534,41
"p346","historic","historic","2000",0.38,0,0,78,0,59,65,77.53,0,0,0,0,17.5140136279779,42
"p346","historic","historic","2000",0.28,0.11,0,79,0,97,103,111.13,0,0,0,0,18.1749243606595,43
"p346","historic","historic","2000",0.24,0.1,0,75,0,88,98,94.4,0,0,0,0,18.1835913471703,44
"p346","historic","historic","2000",0.3,0.33,0.2,89,0,90,96,98.19,0,0,0.1,0,17.8604831938936,45
"p346","historic","historic","2000",0.4,0.11,0,87,0.1,68,74,84.49,0,0,0,0,17.841344693607,46
"p346","historic","historic","2000",0.31,0.1,0,69,0,104,110,110.5,0,0,0,0,19.8604887188267,47
"p346","historic","historic","2000",0.32,0.36,0,76,0,62,90,80.44,0,0,0.1,0,17.9769854892122,48
"p346","historic","historic","2000",0.4,0.14,0,63,0,71,79,86.13,0,0,0.2,0,17.8229390776988,49
"p346","historic","historic","2000",0.24,0,0,37,0.1,119,125,120.32,0,0,0,0,20.0030897918709,50
"p346","historic","historic","2000",0.1,0.17,0,66,0,73,79,94.78,0,0,0,0,17.4758602647655,51
"p346","historic","historic","2000",0.38,0.26,0,56,0,53,59,78.91,0,0,0,0,16.3743492400716,52
"p346","historic","historic","2000",0.32,0.1,0,73,0.25,60,78,85.23,0,0,0,0,17.1515047001555,53
"p346","historic","historic","2000",0.32,0.12,0,66,0,78,89,95.72,0,0,0.2,0.1,17.7851445001586,54
"p346","historic","historic","2000",0.38,0,0,53,0,65,103,81.35,0,0,0.2,0,18.9397049527554,55
"p346","historic","historic","2000",0.27,0,0,72,0.6,83,99,93.21,0,0,0.2,0,18.5675583258012,56
"p346","historic","historic","2000",0.16,0,0,74,0.1,67,85,92.65,0,0,0.1,0,17.9453669384576,57
"p346","historic","historic","2000",0.14,0,0,56,0.2,82,88,90.78,0,0,0,0,18.3217624214911,58
"p346","historic","historic","2000",0.4,0.1,0,84,0,68,74,88.48,0,0,0.1,0,17.4144792609435,59
"p346","historic","historic","2000",0.19,0.18,0,76,0,80,98,97.79,0,0,0,0,18.6378288361744,60
"p346","historic","historic","2000",0.19,0.14,0,59,0,97,103,100.53,0,0,0.2,0,18.3428299402795,61
"p346","historic","historic","2000",0.26,0,0,54,0,54,67,72.71,0.1,0,0,0,16.0864645750531,62
"p346","historic","historic","2000",0.26,0.1,0,51,0,76,83,93.55,0,0,0.3,0,18.3165874289643,63
"p346","historic","historic","2000",0.29,0.1,0,72,0,90,96,105.11,0,0,0,0,19.1174332324661,64
"p346","historic","historic","2000",0.22,0,0,55,0,72,78,98.04,0,0,0.1,0,17.3672676164532,65
"p346","historic","historic","2000",0.21,0.1,0,82,0,78,84,88.86,0,0,0,0,18.5975961026193,66
"p346","historic","historic","2000",0.3,0.2,0,55,0.1,69,75,95.02,0,0,0.2,0,17.2773374043098,67
"p346","historic","historic","2000",0.29,0,0,73,0.1,79,85,94.07,0.2,0,0,0,17.3173318219728,68
"p346","historic","historic","2000",0.36,0.1,0,78,0,71,83,89.64,0,0,0.2,0,17.7943101905368,69
"p346","historic","historic","2000",0.33,0.22,0,90,0.1,57,63,78.27,0.1,0,0,0,16.0395312152606,70
"p346","historic","historic","2000",0.15,0,0,71,0.2,52,58,71.12,0,0,0.2,0,16.2366194622489,71
"p346","historic","historic","2000",0.25,0.1,0,65,0.1,93,99,113.26,0,0,0,0,19.2419541089702,72
"p346","historic","historic","2000",0.19,0.13,0,58,0,89,95,89.5,0,0,0,0,19.4181113468626,73
"p346","historic","historic","2000",0.46,0,0,66,0.2,50,56,72.05,0.4,0,0,0,14.9058853937345,74
"p346","historic","historic","2000",0.32,0,0,51,0.1,71,90,97.02,0,0,0,0,17.8279118601249,75
"p346","historic","historic","2000",0.17,0,0,56,0,55,61,72.59,0.1,0,0,0,16.2349197341306,76
"p346","historic","historic","2000",0.41,0,0,58,0.1,70,83,83.78,0,0,0.1,0,17.4254078828411,77
"p346","historic","historic","2000",0.23,0.11,0,68,0,70,76,92.19,0,0,0.1,0,17.6889411437218,78
"p346","historic","historic","2000",0.13,0,0,68,0.1,49,56,78.82,0,0,0.3,0,17.1639922839856,79
"p346","historic","historic","2000",0.23,0.11,0,67,0.1,92,98,103.32,0,0,0.1,0,18.5415658559405,80
"p346","historic","historic","2000",0.3,0,0,67,0,73,79,92.67,0,0,0.1,0,15.6300505741275,81
"p346","historic","historic","2000",0.51,0.16,0,74,0,81,89,98.44,0,0,0.1,0,18.9659330824814,82
"p346","historic","historic","2000",0.25,0,0,73,0,100,106,108.67,0,0,0.1,0,17.291618205401,83
"p346","historic","historic","2000",0.18,0.1,0.2,70,0.1,99,105,105.27,0,0,0.1,0,18.9314956197471,84
"p346","historic","historic","2000",0.34,0.1,0,63,0.35,104,110,111.03,0,0,0,0.05,19.5722109652644,85
"p346","historic","historic","2000",0.24,0.23,0.2,59,0.4,83,89,96.24,0,0,0,0,19.1276942037807,86
"p346","historic","historic","2000",0.36,0.12,0,66,0.1,105,111,112.17,0,0,0,0,18.4598315505854,87
"p346","historic","historic","2000",0.42,0,0,59,0,85,91,101.08,0,0,0,0,18.8688408739901,88
"p346","historic","historic","2000",0.33,0,0,50,0.1,101,107,111.06,0,0,0,0,17.0112214111469,89
"p346","historic","historic","2000",0.11,0.21,0,83,0.3,83,98,93.67,0,0,0.3,0,19.1055237590609,90
"p346","historic","historic","2000",0.24,0.23,0,60,0.1,81,107,96.11,0,0,0,0,18.7096445519077,91
"p346","historic","historic","2000",0.23,0,0,80,0,79,93,95.66,0,0,0.2,0,18.32473821232,92
"p346","historic","historic","2000",0.21,0,0,64,0,108,114,107.83,0,0,0,0,19.3974715509011,93
"p346","historic","historic","2000",0.19,0.32,0,77,0.1,76,82,96.4,0,0,0,0,18.5850683830175,94
"p346","historic","historic","2000",0.28,0,0,79,0,84,113,100.62,0,0,0.1,0,18.9959505011769,95
"p346","historic","historic","2000",0.13,0.11,0.3,59,0.2,102,108,106.72,0,0,0,0,18.3888136082952,96
"p346","historic","historic","2000",0.48,0.12,0,64,0,63,102,80.47,0,0,0.1,0,18.3222692155214,97
"p346","historic","historic","2000",0.36,0.24,0,80,0.1,71,77,93.02,0,0,0,0,17.2485195087202,98
"p346","historic","historic","2000",0.23,0.15,0,82,0.1,76,82,97.72,0,0,0.1,0,17.7169781955749,99
"p346","historic","historic","2000",0.32,0,0,66,0,92,98,104.5,0,0,0,0,18.8446221930561,100
"p346","historic","historic","2010",0.4,0.13,0,63,0,51,57,73.86,0.2,0,0,0.05,16.6815708598377,101
"p346","historic","historic","2010",0.3,0.11,0,76,0.2,65,71,80.14,0.1,0,0,0,16.9494677907772,102
"p346","historic","historic","2010",0.43,0.11,0,71,0.1,95,101,112.15,0.1,0,0,0,18.2497964592495,103
"p346","historic","historic","2010",0.34,0,0,60,0.1,90,96,109.91,0,0,0.1,0,18.7476556119741,104
"p346","historic","historic","2010",0.51,0.22,0,61,0.1,88,94,102.68,0,0,0,0,18.1581990361175,105
"p346","historic","historic","2010",0.18,0,0,87,0,83,89,98.07,0,0,0.2,0,18.1782085770339,106
"p346","historic","historic","2010",0.5,0,0,57,0.1,76,82,87.01,0.1,0,0.1,0,17.7665727166758,107
"p346","historic","historic","2010",0.36,0,0,62,0.1,83,89,101.61,0,0,0,0.15,18.9820475062326,108
"p346","historic","historic","2010",0.33,0,0,71,0,74,83,98.37,0,0,0,0,18.6457946304966,109
"p346","historic","historic","2010",0.11,0.11,0.3,67,0,99,105,111.37,0,0,0,0,18.422269024429,110
"p346","historic","historic","2010",0.36,0,0.4,56,0.2,80,86,86.42,0,0,0.1,0.05,18.8167288353967,111
"p346","historic","historic","2010",0.27,0,0,78,0.2,65,72,87.45,0.1,0,0,0,16.4839963071409,112
"p346","historic","historic","2010",0.41,0.1,0,54,0,67,73,73.92,0,0,0.1,0,16.1301694130764,113
"p346","historic","historic","2010",0.41,0.1,0.2,66,0.2,85,92,98.56,0.2,0,0.1,0.1,17.0886943807387,114
"p346","historic","historic","2010",0.35,0.21,0,80,0,84,90,99.94,0,0,0,0,17.5020174704713,115
"p346","historic","historic","2010",0.34,0.2,0,84,0,52,62,72.23,0.3,0,0,0,16.9099001341925,116
"p346","historic","historic","2010",0.2,0.11,0.2,77,0.3,72,78,83.96,0,0,0.1,0,17.1650402449644,117
"p346","historic","historic","2010",0.27,0.45,0,86,0.25,92,98,107.05,0,0,0.1,0,18.4181785655743,118
"p346","historic","historic","2010",0.61,0.29,0,83,0.5,92,98,109.42,0,0,0.1,0,19.4430723470205,119
"p346","historic","historic","2010",0.65,0.11,0,54,0.1,86,92,96.42,0,0,0.2,0,19.2230893949333,120
"p346","historic","historic","2010",0.6,0.32,0,89,0.1,66,90,77.11,0,0,0,0,18.7709659052484,121
"p346","historic","historic","2010",0.33,0.21,0,65,0.3,86,94,101.24,0,0,0.1,0,18.0620143155247,122
"p346","historic","historic","2010",0.39,0,0,71,0,46,82,77.7,0.1,0,0,0,17.6937662321993,123
"p346","historic","historic","2010",0.28,0.1,0,79,0.2,63,79,88.18,0,0,0,0,18.3097012004163,124
"p346","historic","historic","2010",0.43,0.27,0,78,0,82,88,78.57,0,0,0.1,0.1,18.2455024887379,125
"p346","historic","historic","2010",0.24,0,0,74,0.1,57,63,83.97,0,0,0,0,17.9809148575243,126
"p346","historic","historic","2010",0.31,0.11,0.25,53,0.2,69,76,83.28,0,0,0.2,0,17.7699529966016,127
"p346","historic","historic","2010",0.47,0.11,0,77,0.4,89,100,104.23,0,0,0,0.05,19.1246534912158,128
"p346","historic","historic","2010",0.47,0.55,0,64,0,50,56,73.08,0.2,0,0,0,16.8570148537065,129
"p346","historic","historic","2010",0.31,0,0,70,0,47,53,72.67,0,0,0.1,0.2,16.4035417342282,130
"p346","historic","historic","2010",0.33,0,0,72,0.1,80,97,100.16,0,0,0,0,17.3487492293253,131
"p346","historic","historic","2010",0.28,0.1,0.25,76,0.2,62,68,75.43,0,0,0.1,0,17.3874276692797,132
"p346","historic","historic","2010",0.53,0,0,79,0.3,84,90,92.73,0,0,0.1,0,17.0773592736421,133
"p346","historic","historic","2010",0.43,0.14,0,62,0,55,89,75.18,0,0,0,0.05,18.5268024759694,134
"p346","historic","historic","2010",0.38,0,0,67,0.1,103,109,110.43,0,0,0,0,19.4230607545409,135
"p346","historic","historic","2010",0.49,0.3,0,80,0.1,76,82,88.58,0,0,0,0,17.4561715486333,136
"p346","historic","historic","2010",0.42,0.22,0,78,0.1,83,123,99.07,0,0,0,0,19.6640112109891,137
"p346","historic","historic","2010",0.25,0.11,0,78,0,48,78,80.87,0,0,0,0,16.7210570179523,138
"p346","historic","historic","2010",0.27,0,0,67,0.2,91,116,108.26,0,0,0,0.05,19.3703539778671,139
"p346","historic","historic","2010",0.39,0.29,0,62,0.15,50,96,77.69,0,0,0,0,18.9016715850411,140
"p346","historic","historic","2010",0.36,0.34,0,101,0,75,81,97.02,0,0,0,0,17.8978415102212,141
"p346","historic","historic","2010",0.43,0,0,84,0.1,62,78,82.1,0,0,0,0,18.282597465517,142
"p346","historic","historic","2010",0.28,0.11,0,81,0.1,97,103,110.59,0,0,0,0,18.4577763751275,143
"p346","historic","historic","2010",0.29,0.24,0,77,0,88,97,93.9,0,0,0,0,18.4484201815422,144
"p346","historic","historic","2010",0.28,0.33,0.3,89,0.1,90,96,97.97,0,0,0.2,0,18.0527138400044,145
"p346","historic","historic","2010",0.46,0.11,0,84,0.2,68,74,84.43,0,0,0,0,17.9396105641931,146
"p346","historic","historic","2010",0.31,0.1,0,69,0.1,104,110,110.1,0,0,0,0,20.1353206714528,147
"p346","historic","historic","2010",0.37,0.34,0,77,0,87,93,99.24,0,0,0.2,0,18.2714106791687,148
"p346","historic","historic","2010",0.4,0.14,0,65,0,72,81,87.01,0,0,0.2,0,17.972361266462,149
"p346","historic","historic","2010",0.29,0,0,39,0.2,118,124,118.45,0,0,0,0,20.1523208945689,150
"p346","historic","historic","2010",0.1,0.17,0,68,0,73,79,94.93,0,0,0,0,17.7395782275946,151
"p346","historic","historic","2010",0.43,0.26,0,54,0,53,59,80.24,0,0,0,0,16.5264427997546,152
"p346","historic","historic","2010",0.24,0.1,0,75,0.1,61,79,85.48,0,0,0,0,17.1582572745258,153
"p346","historic","historic","2010",0.3,0.12,0,67,0,78,89,94.4,0,0,0.2,0.1,17.8608034217109,154
"p346","historic","historic","2010",0.43,0.1,0,53,0,100,106,105.84,0,0,0.2,0,19.0834117097322,155
"p346","historic","historic","2010",0.27,0,0,74,0.7,83,98,93.28,0,0,0.2,0,18.7898042298157,156
"p346","historic","historic","2010",0.2,0,0,73,0.1,82,88,102.4,0,0,0.1,0,18.1621189110814,157
"p346","historic","historic","2010",0.14,0,0,60,0.1,82,88,89.41,0,0,0,0,18.5741649420808,158
"p346","historic","historic","2010",0.4,0.1,0,85,0,68,74,86.6,0,0,0.1,0,17.5982063404654,159
"p346","historic","historic","2010",0.19,0.18,0,79,0.2,80,94,97.45,0,0,0,0,18.6585675252358,160
"p346","historic","historic","2010",0.19,0.14,0,59,0,97,103,99.3,0,0,0.2,0,18.4768553546584,161
"p346","historic","historic","2010",0.26,0,0,56,0,56,102,74.52,0,0,0,0,18.3361907925468,162
"p346","historic","historic","2010",0.26,0.1,0,54,0.1,77,84,95.67,0,0,0.3,0,18.6381714318723,163
"p346","historic","historic","2010",0.29,0,0,71,0,90,96,106.55,0,0,0,0,19.1492392111307,164
"p346","historic","historic","2010",0.26,0,0,56,0,73,79,98.84,0,0,0.1,0,17.5905414889527,165
"p346","historic","historic","2010",0.21,0.1,0,82,0,78,84,88.26,0,0,0,0,18.6429327117581,166
"p346","historic","historic","2010",0.3,0.2,0.2,55,0,69,75,95.02,0,0,0.2,0,17.4256524161542,167
"p346","historic","historic","2010",0.24,0,0.2,74,0.2,79,85,94.25,0.2,0,0,0,17.5704310807694,168
"p346","historic","historic","2010",0.31,0.1,0,80,0,71,83,89.24,0,0,0.2,0,17.9849143857102,169
"p346","historic","historic","2010",0.33,0.22,0,93,0,57,63,79.16,0.1,0,0,0,16.1102956981878,170
"p346","historic","historic","2010",0.25,0,0,74,0.2,52,58,70.01,0,0,0.2,0,16.2767236435351,171
"p346","historic","historic","2010",0.27,0.1,0,68,0,93,99,111.93,0,0,0,0,19.1936404742943,172
"p346","historic","historic","2010",0.19,0.23,0,61,0,89,95,88.38,0,0,0,0,19.4067301612749,173
"p346","historic","historic","2010",0.45,0,0,71,0.2,51,102,74.32,0,0,0,0,17.7374727000479,174
"p346","historic","historic","2010",0.32,0,0,50,0.1,72,91,98.36,0,0,0,0,18.1478206946546,175
"p346","historic","historic","2010",0.16,0,0,57,0,56,104,75.53,0,0,0,0,19.3610640767086,176
"p346","historic","historic","2010",0.41,0,0.2,58,0.1,70,83,82.82,0,0,0.1,0.1,17.7211734944046,177
"p346","historic","historic","2010",0.18,0.11,0,71,0,74,82,94.47,0,0,0.1,0,17.9491515819783,178
"p346","historic","historic","2010",0.13,0,0,68,0.2,50,59,80.47,0,0,0.3,0,17.3972183441916,179
"p346","historic","historic","2010",0.23,0.11,0,68,0.15,92,98,99.94,0,0,0.1,0,18.7185083304901,180
"p346","historic","historic","2010",0.3,0,0,68,0,74,80,91.05,0,0,0.1,0,15.8733066507591,181
"p346","historic","historic","2010",0.51,0.11,0,73,0,81,89,98.43,0,0,0.1,0,18.9972514893202,182
"p346","historic","historic","2010",0.21,0,0,77,0,99,105,108.63,0,0,0.1,0,17.5774097211041,183
"p346","historic","historic","2010",0.2,0,0.2,72,0.2,97,103,102.9,0,0,0.1,0,19.0629622541822,184
"p346","historic","historic","2010",0.34,0.2,0,62,0.45,104,110,109.87,0,0,0,0.1,19.8492126825193,185
"p346","historic","historic","2010",0.3,0.23,0.2,57,0.5,83,89,95.55,0,0,0,0,19.2294962522941,186
"p346","historic","historic","2010",0.44,0.12,0,66,0.1,101,107,107.93,0,0,0,0,18.5958757081287,187
"p346","historic","historic","2010",0.36,0.1,0,60,0,85,91,100.28,0,0,0,0,18.8800630708009,188
"p346","historic","historic","2010",0.31,0,0,50,0.2,101,107,110.36,0,0,0,0,17.3028770569007,189
"p346","historic","historic","2010",0.11,0.21,0.2,88,0.2,83,97,93.06,0,0,0.3,0,19.1831374531303,190
"p346","historic","historic","2010",0.24,0.22,0,63,0,81,105,95.29,0,0,0,0,18.8806991984015,191
"p346","historic","historic","2010",0.23,0,0,81,0.1,80,94,96.05,0,0,0.3,0,18.5948624054936,192
"p346","historic","historic","2010",0.3,0,0,66,0,107,113,104.08,0,0,0,0,19.2773756927558,193
"p346","historic","historic","2010",0.27,0.33,0,78,0.15,77,83,97.4,0,0,0,0,18.8135614995699,194
"p346","historic","historic","2010",0.28,0.1,0,84,0.1,84,113,99.9,0,0,0.1,0,19.0915648773948,195
"p346","historic","historic","2010",0.21,0.11,0.3,65,0.25,102,108,103.33,0,0,0,0,18.4221827051593,196
"p346","historic","historic","2010",0.47,0.12,0,65,0,63,102,80.01,0,0,0.2,0,18.6210132452715,197
"p346","historic","historic","2010",0.36,0.21,0,81,0.1,71,77,92.64,0,0,0,0,17.5069769147914,198
"p346","historic","historic","2010",0.25,0.13,0,82,0.1,77,83,97.01,0,0,0.1,0,18.043996529491,199
"p346","historic","historic","2010",0.38,0.1,0.2,67,0,92,98,104.11,0,0,0,0,19.1294810917187,200
"p346","historic","historic","2020",0.4,0.13,0,68,0,47,53,74.04,0.2,0,0,0.15,16.8876087518783,201
"p346","historic","historic","2020",0.28,0.12,0.25,81,0.1,46,52,68.71,0.1,0,0,0,16.7516806475255,202
"p346","historic","historic","2020",0.47,0.11,0,80,0.1,95,101,116.19,0.1,0,0,0,18.0689994135156,203
"p346","historic","historic","2020",0.28,0,0,76,0,89,95,111.08,0,0,0,0,18.5710578332585,204
"p346","historic","historic","2020",0.52,0.23,0.25,78,0.1,53,85,80.8,0,0,0,0,17.9795630747448,205
"p346","historic","historic","2020",0.18,0.11,0,95,0.1,83,89,102.83,0,0,0.2,0.1,18.1783570221449,206
"p346","historic","historic","2020",0.42,0.1,0,69,0,75,81,93.7,0.1,0,0.1,0,17.8569499297184,207
"p346","historic","historic","2020",0.37,0.2,0,72,0,47,53,78.94,0.1,0,0,0.15,17.1440824506551,208
"p346","historic","historic","2020",0.33,0,0,81,0.1,68,76,96.77,0,0,0,0,18.4054714658066,209
"p346","historic","historic","2020",0.12,0.11,0.3,75,0,99,105,116.21,0,0,0,0,18.6250247569621,210
"p346","historic","historic","2020",0.33,0.11,0,64,0.2,79,85,89.66,0,0,0.1,0.05,18.5536561517592,211
"p346","historic","historic","2020",0.3,0,0,88,0.2,61,67,88.1,0.1,0,0.1,0,16.564138233839,212
"p346","historic","historic","2020",0.37,0.1,0,68,0,64,70,76.08,0,0,0.1,0,16.1124364676176,213
"p346","historic","historic","2020",0.41,0.2,0.2,73,0.1,84,90,101.75,0.2,0,0.1,0.15,16.8176553680167,214
"p346","historic","historic","2020",0.35,0.23,0,85,0,84,90,100.08,0,0,0,0,17.6613204448043,215
"p346","historic","historic","2020",0.36,0.2,0,95,0,49,55,74.93,0.3,0,0,0.1,16.9743075109191,216
"p346","historic","historic","2020",0.2,0.31,0.2,81,0.4,71,77,90.12,0,0,0.1,0,17.1518318607643,217
"p346","historic","historic","2020",0.28,0.55,0,98,0,82,94,104.48,0,0,0.1,0,18.2810426223027,218
"p346","historic","historic","2020",0.64,0.27,0,91,0.3,59,93,89.27,0,0,0.1,0,19.1743183429533,219
"p346","historic","historic","2020",0.68,0.21,0,60,0.1,85,91,98.84,0,0,0.2,0,19.0726826355188,220
"p346","historic","historic","2020",0.6,0.44,0,95,0,64,85,79.88,0,0,0,0.05,18.3607157785064,221
"p346","historic","historic","2020",0.3,0.21,0,84,0.3,72,87,93.86,0,0,0.1,0,17.7241139280672,222
"p346","historic","historic","2020",0.38,0.24,0,77,0,45,77,77.42,0.1,0,0,0,17.5214883971734,223
"p346","historic","historic","2020",0.29,0.12,0,87,0.1,45,51,77.88,0,0,0.1,0,17.3737295745788,224
"p346","historic","historic","2020",0.44,0.43,0,89,0,81,87,86.47,0,0,0.1,0.1,18.2478005720458,225
"p346","historic","historic","2020",0.19,0,0,93,0.1,56,62,87.19,0,0,0,0,18.1108426300915,226
"p346","historic","historic","2020",0.37,0.11,0.25,58,0,68,74,87.89,0,0,0.2,0,17.8076858863157,227
"p346","historic","historic","2020",0.4,0.13,0,83,0.2,80,86,100.78,0,0,0,0.05,18.2029508971398,228
"p346","historic","historic","2020",0.47,0.54,0,69,0,49,55,74.97,0.2,0,0,0,17.1527952361959,229
"p346","historic","historic","2020",0.31,0,0,83,0,46,52,73.87,0,0,0.2,0.25,16.6787901455436,230
"p346","historic","historic","2020",0.31,0,0,78,0,80,97,103.25,0,0,0,0,17.6582249700087,231
"p346","historic","historic","2020",0.27,0.1,0,80,0.1,60,66,78.28,0,0,0,0,17.5729404339375,232
"p346","historic","historic","2020",0.52,0,0,86,0.2,80,86,94.77,0,0,0.1,0,17.3965257156654,233
"p346","historic","historic","2020",0.48,0.14,0,78,0,54,65,78.58,0,0,0,0.05,17.5279829130489,234
"p346","historic","historic","2020",0.31,0,0,86,0.15,54,60,82.04,0.8,0,0,0,15.6933386313693,235
"p346","historic","historic","2020",0.49,0.42,0,89,0,75,81,94.44,0,0,0,0,17.4971637454755,236
"p346","historic","historic","2020",0.46,0.34,0,84,0.1,83,123,101.57,0,0,0,0,20.0075197016932,237
"p346","historic","historic","2020",0.25,0.32,0,90,0,44,50,78.59,0,0,0,0,16.3142251900363,238
"p346","historic","historic","2020",0.27,0,0,77,0.1,61,91,89.67,0.1,0,0,0.05,17.1374325399995,239
"p346","historic","historic","2020",0.41,0.43,0,71,0,49,55,80.62,0.2,0,0,0,16.1530409052836,240
"p346","historic","historic","2020",0.45,0.39,0,109,0.1,73,79,98.91,0,0,0,0,17.7720290958907,241
"p346","historic","historic","2020",0.38,0,0,91,0,57,63,81.66,0,0,0,0.05,17.9159479537235,242
"p346","historic","historic","2020",0.31,0.21,0,85,0,97,103,114.26,0,0,0,0,18.3048020132892,243
"p346","historic","historic","2020",0.29,0.24,0,93,0,74,85,88.57,0,0,0,0.05,17.9558246772475,244
"p346","historic","historic","2020",0.3,0.36,0.2,99,0,77,91,93.34,0,0,0.2,0,17.8245874910675,245
"p346","historic","historic","2020",0.39,0.21,0,95,0.1,67,73,85.48,0,0,0,0,18.2677304324975,246
"p346","historic","historic","2020",0.31,0.3,0,85,0,104,110,115.71,0,0,0,0,20.2697103011298,247
"p346","historic","historic","2020",0.37,0.36,0,82,0,60,86,83.13,0,0,0.2,0,17.9562265413023,248
"p346","historic","historic","2020",0.5,0.14,0,75,0,70,76,91.73,0,0,0.2,0,17.8819474963694,249
"p346","historic","historic","2020",0.24,0,0,53,0.1,118,124,122.82,0,0,0,0,19.9593445534532,250
"p346","historic","historic","2020",0.1,0.3,0,78,0,73,79,97.86,0,0,0,0,17.6977871976588,251
"p346","historic","historic","2020",0.42,0.22,0,69,0,50,56,80.23,0,0,0,0,16.8778200166162,252
"p346","historic","historic","2020",0.32,0.13,0,92,0.25,59,75,86.58,0,0,0,0,17.0848655053391,253
"p346","historic","historic","2020",0.32,0.12,0,81,0,75,86,95.65,0,0,0.2,0.1,17.7600175495722,254
"p346","historic","historic","2020",0.38,0.1,0,67,0,63,69,83.87,0.1,0,0.2,0,17.0238284184135,255
"p346","historic","historic","2020",0.27,0,0,87,0.6,82,97,97.94,0,0,0.2,0,18.6438892831737,256
"p346","historic","historic","2020",0.16,0,0,89,0.1,66,84,94.16,0,0,0.1,0.05,18.0458910171354,257
"p346","historic","historic","2020",0.14,0,0,72,0.2,82,88,96.28,0,0,0,0,18.4843847896624,258
"p346","historic","historic","2020",0.4,0.1,0,94,0,67,73,88.12,0,0,0.1,0,17.7161776365798,259
"p346","historic","historic","2020",0.19,0.19,0.2,84,0,80,93,99.89,0,0,0,0,18.5017265377044,260
"p346","historic","historic","2020",0.19,0.14,0.2,67,0,97,103,106.41,0,0,0.2,0,18.2853302382236,261
"p346","historic","historic","2020",0.26,0.1,0,61,0,47,56,72.3,0.1,0,0,0,16.0996349723535,262
"p346","historic","historic","2020",0.26,0.1,0,68,0,61,75,85.19,0,0,0.3,0,18.3388168463847,263
"p346","historic","historic","2020",0.29,0.23,0,82,0,90,96,109.27,0,0,0,0,19.0996030106184,264
"p346","historic","historic","2020",0.22,0,0,63,0,53,75,87.93,0,0,0.1,0,17.6134447992627,265
"p346","historic","historic","2020",0.15,0.25,0,88,0,78,84,93.86,0,0,0,0,18.7788254546823,266
"p346","historic","historic","2020",0.3,0.21,0,69,0.1,68,74,96.46,0,0,0.2,0,17.443955685451,267
"p346","historic","historic","2020",0.29,0.12,0,83,0.1,78,84,98.24,0.2,0,0,0,17.6236817152592,268
"p346","historic","historic","2020",0.36,0.21,0,87,0,70,76,93.11,0,0,0.2,0,17.6485020891875,269
"p346","historic","historic","2020",0.33,0.42,0,103,0.1,55,61,81.93,0,0,0,0,16.1804928137175,270
"p346","historic","historic","2020",0.15,0,0,83,0.2,51,57,72.8,0,0,0.2,0,16.4839156320939,271
"p346","historic","historic","2020",0.25,0.1,0,78,0.1,60,93,90.7,0,0,0,0,19.2203672905854,272
"p346","historic","historic","2020",0.19,0.25,0,76,0,89,95,94.79,0,0,0,0.05,19.5069372071896,273
"p346","historic","historic","2020",0.46,0,0,80,0.1,45,51,72.83,0.4,0,0.1,0,15.2808735324652,274
"p346","historic","historic","2020",0.32,0,0,63,0.1,71,89,98.55,0,0,0,0,18.2636532322766,275
"p346","historic","historic","2020",0.17,0,0,70,0,54,60,77.72,0.1,0,0,0,16.5724749606381,276
"p346","historic","historic","2020",0.41,0,0,81,0.1,64,70,85.33,0,0,0.1,0.25,17.168195439957,277
"p346","historic","historic","2020",0.23,0.11,0,83,0,70,76,92.27,0,0,0.1,0,17.7200794956492,278
"p346","historic","historic","2020",0.15,0,0,75,0.1,49,55,82.29,0,0,0.3,0,17.3628261383707,279
"p346","historic","historic","2020",0.23,0.11,0,80,0.1,87,93,101.08,0,0,0.1,0,18.381490596873,280
"p346","historic","historic","2020",0.3,0,0,87,0,73,79,94.5,0,0,0.1,0,15.9314708704416,281
"p346","historic","historic","2020",0.51,0.17,0,91,0,79,86,100.26,0,0,0.1,0,19.1073902750464,282
"p346","historic","historic","2020",0.26,0,0,82,0,86,102,103.4,0,0,0.1,0,17.6513368165152,283
"p346","historic","historic","2020",0.11,0.1,0.2,76,0.1,97,103,107.83,0,0,0.1,0,18.9501396731281,284
"p346","historic","historic","2020",0.34,0.2,0,73,0.35,104,110,113.83,0,0,0,0.1,19.919502039284,285
"p346","historic","historic","2020",0.25,0.23,0.2,68,0.4,82,88,98.5,0,0,0,0,19.2328797098624,286
"p346","historic","historic","2020",0.36,0.12,0,75,0.1,75,101,93.24,0,0,0,0,18.1782564306023,287
"p346","historic","historic","2020",0.42,0.1,0,78,0,85,91,103.68,0,0,0,0,18.8880466005812,288
"p346","historic","historic","2020",0.33,0,0,59,0.1,101,107,115.61,0,0,0,0,17.5413736636687,289
"p346","historic","historic","2020",0.11,0.21,0,91,0.3,83,97,98.06,0,0,0.3,0,19.0471874180761,290
"p346","historic","historic","2020",0.24,0.23,0,74,0.1,81,105,100.83,0,0,0,0,18.7543866152231,291
"p346","historic","historic","2020",0.23,0,0,92,0,79,92,99.42,0,0,0.3,0,18.523723986109,292
"p346","historic","historic","2020",0.21,0,0,75,0,107,113,110.63,0,0,0,0.1,19.4893726202394,293
"p346","historic","historic","2020",0.24,0.33,0,84,0.1,76,82,100.26,0,0,0,0,18.9081283944898,294
"p346","historic","historic","2020",0.26,0.1,0,94,0,84,113,102.95,0,0,0.1,0,19.1243858002176,295
"p346","historic","historic","2020",0.21,0.11,0.3,75,0.2,46,103,64.3,0,0,0,0,18.3531291686076,296
"p346","historic","historic","2020",0.47,0.16,0,82,0,62,99,81.98,0,0,0.2,0,18.4750172921872,297
"p346","historic","historic","2020",0.36,0.25,0,87,0.1,59,72,86.19,0,0,0,0,17.2869709816847,298
"p346","historic","historic","2020",0.23,0.27,0,86,0.1,76,82,101.43,0,0,0.1,0,17.9456480248493,299
"p346","historic","historic","2020",0.29,0.1,0,75,0,91,97,107.19,0,0,0,0,19.0993896625213,300
"p346","ssp126","ACCESS-CM2","2075",0.21,0.21,0,92,0.1,45,51,71.57,0,0,0,0.15,17.6350113469211,301
"p346","ssp126","ACCESS-CM2","2075",0.26,0.31,0,100,0.2,46,52,74.61,0,0,0.2,0,17.672444095921,302
"p346","ssp126","ACCESS-CM2","2075",0.34,0.25,0,97,0.2,49,77,84.65,0,0,0,0,18.0590219234641,303
"p346","ssp126","ACCESS-CM2","2075",0.25,0.24,0,91,0.2,60,81,86.38,0,0,0,0,18.7353301622732,304
"p346","ssp126","ACCESS-CM2","2075",0.51,0.42,0,101,0.1,51,57,81.74,0,0,0,0,17.8778830428271,305
"p346","ssp126","ACCESS-CM2","2075",0.39,0.29,0,110,0.1,47,53,80.12,0.1,0,0.2,0.2,17.7283418804307,306
"p346","ssp126","ACCESS-CM2","2075",0.35,0.1,0,93,0.15,45,65,74.95,0.1,0,0.2,0,18.0045029563569,307
"p346","ssp126","ACCESS-CM2","2075",0.3,0.26,0,85,0.2,46,52,78.04,0.1,0,0,0.35,18.2556390877345,308
"p346","ssp126","ACCESS-CM2","2075",0.38,0.39,0,109,0.2,48,67,85.56,0,0,0.1,0,18.7261014678301,309
"p346","ssp126","ACCESS-CM2","2075",0.4,0.17,0,99,0.2,46,99,81.48,0,0,0,0,19.2453130113799,310
"p346","ssp126","ACCESS-CM2","2075",0.45,0.26,0,97,0,53,59,77.94,0.1,0,0.1,0.1,18.0958532453525,311
"p346","ssp126","ACCESS-CM2","2075",0.31,0.38,0,113,0.1,59,65,89.84,0,0,0.1,0,17.4486380857854,312
"p346","ssp126","ACCESS-CM2","2075",0.33,0.39,0,99,0.2,57,64,74.93,0,0,0.3,0,17.1968306109509,313
"p346","ssp126","ACCESS-CM2","2075",0.6,0.26,0,85,0,50,56,81.29,0,0,0.1,0.3,16.8255856917511,314
"p346","ssp126","ACCESS-CM2","2075",0.37,0.15,0,94,0.1,51,57,79.52,0,0,0.3,0.05,17.5569005485584,315
"p346","ssp126","ACCESS-CM2","2075",0.06,0.23,0.25,114,0.2,46,52,74.15,0,0,0.2,0.25,17.7324774778502,316
"p346","ssp126","ACCESS-CM2","2075",0.47,0.67,0,100,0.1,51,69,79.88,0,0,0,0,17.9843826771765,317
"p346","ssp126","ACCESS-CM2","2075",0.24,0.56,0,108,0.3,56,62,85.34,0,0,0.3,0,18.2035061262835,318
"p346","ssp126","ACCESS-CM2","2075",0.18,0.37,0,104,0.1,50,56,80.97,0,0,0.2,0,17.7907504506835,319
"p346","ssp126","ACCESS-CM2","2075",0.6,0.25,0,87,0.2,50,74,81.67,0,0,0,0,18.8036823504968,320
"p346","ssp126","ACCESS-CM2","2075",0.48,0.49,0,107,0.1,60,66,77.75,0,0,0.4,0.15,18.1252512016254,321
"p346","ssp126","ACCESS-CM2","2075",0.54,0.32,0.2,105,0.35,70,76,98.21,0,0,0.1,0.2,18.1901273422726,322
"p346","ssp126","ACCESS-CM2","2075",0.42,0.28,0,114,0.1,44,50,77.03,0.2,0,0.2,0,17.6315459080643,323
"p346","ssp126","ACCESS-CM2","2075",0.36,0.54,0,110,0,45,51,78.15,0,0,0,0,18.5235471521077,324
"p346","ssp126","ACCESS-CM2","2075",0.35,0.48,0,102,0.3,50,56,68.85,0,0,0.1,0.2,18.0171920873851,325
"p346","ssp126","ACCESS-CM2","2075",0.3,0.21,0,112,0.2,51,57,84.56,0,0,0.3,0.05,18.6847893981055,326
"p346","ssp126","ACCESS-CM2","2075",0.27,0.22,0.2,80,0.4,65,71,92.71,0,0,0.2,0.1,18.7839335227338,327
"p346","ssp126","ACCESS-CM2","2075",0.4,0.31,0.35,97,0.85,52,67,80.45,0,0,0.1,0.1,18.271847135779,328
"p346","ssp126","ACCESS-CM2","2075",0.62,0.63,0,88,0,47,53,76.05,0,0,0,0.05,18.5147153620555,329
"p346","ssp126","ACCESS-CM2","2075",0.4,0.1,0,103,0.1,45,51,77.04,0,0,0.1,0.1,17.7047475472382,330
"p346","ssp126","ACCESS-CM2","2075",0.37,0.56,0,102,0,47,53,80.46,0.1,0,0.1,0,16.9936716483077,331
"p346","ssp126","ACCESS-CM2","2075",0.31,0.26,0,102,0.1,57,63,84.29,0,0,0.2,0,18.7086295400354,332
"p346","ssp126","ACCESS-CM2","2075",0.3,0.53,0.3,96,0.5,79,85,98.34,0,0,0.3,0,18.4661166446301,333
"p346","ssp126","ACCESS-CM2","2075",0.39,0.4,0,97,0.1,52,58,78.53,0,0,0,0.2,18.4941099748682,334
"p346","ssp126","ACCESS-CM2","2075",0.45,0.41,0,103,0.1,51,57,81.51,0.2,0,0.1,0,16.767837745042,335
"p346","ssp126","ACCESS-CM2","2075",0.37,0.57,0,105,0.1,63,69,89.38,0,0,0.3,0,18.1154436070653,336
"p346","ssp126","ACCESS-CM2","2075",0.55,0.47,0.25,99,0.35,79,85,100.92,0,0,0.1,0.2,17.4146024397787,337
"p346","ssp126","ACCESS-CM2","2075",0.4,0.48,0,94,0.1,44,50,75.56,0,0,0.1,0,18.2549037673056,338
"p346","ssp126","ACCESS-CM2","2075",0.46,0.21,0,103,0,48,54,81.34,0.1,0,0.3,0.25,16.7261261467718,339
"p346","ssp126","ACCESS-CM2","2075",0.46,0.44,0,91,0.2,47,53,80.8,0,0,0.2,0.05,17.2794183333771,340
"p346","ssp126","ACCESS-CM2","2075",0.22,0.38,0,112,0.1,49,55,77.49,0,0,0.1,0,17.7499106656981,341
"p346","ssp126","ACCESS-CM2","2075",0.42,0.32,0,110,0.3,55,61,84.3,0,0,0.2,0.05,18.9257744613705,342
"p346","ssp126","ACCESS-CM2","2075",0.2,0.29,0.25,97,0.2,55,89,89.53,0,0,0.3,0.1,18.6112628763817,343
"p346","ssp126","ACCESS-CM2","2075",0.34,0.1,0,105,0.4,58,73,83.91,0,0,0.2,0.05,18.4818705314752,344
"p346","ssp126","ACCESS-CM2","2075",0.47,0.59,0,112,0.2,60,77,86.98,0,0,0,0.05,18.0838679354844,345
"p346","ssp126","ACCESS-CM2","2075",0.33,0.48,0,109,0,53,59,80.6,0,0,0.1,0.05,18.3415720218374,346
"p346","ssp126","ACCESS-CM2","2075",0.23,0.36,0,108,0,62,107,93.83,0,0,0.2,0.05,20.150996061785,347
"p346","ssp126","ACCESS-CM2","2075",0.57,0.53,0,90,0.1,52,58,83.25,0,0,0.2,0.05,17.9813878043543,348
"p346","ssp126","ACCESS-CM2","2075",0.49,0.16,0,98,0.1,62,68,89.84,0,0,0.2,0,18.6352128160983,349
"p346","ssp126","ACCESS-CM2","2075",0.33,0,0,98,0.2,47,53,72.53,0.1,0,0.4,0,16.5322337714735,350
"p346","ssp126","ACCESS-CM2","2075",0.63,0.46,0,93,0.1,46,53,71.41,0,0,0.4,0,17.8843635604472,351
"p346","ssp126","ACCESS-CM2","2075",0.38,0.14,0,103,0.1,48,54,80.55,0,0,0.1,0,18.0154318380512,352
"p346","ssp126","ACCESS-CM2","2075",0.61,0.23,0,113,0.1,56,62,86.76,0,0,0.1,0.05,17.655460367844,353
"p346","ssp126","ACCESS-CM2","2075",0.24,0.26,0,99,0.1,54,60,84.01,0,0,0,0.15,18.1277889871278,354
"p346","ssp126","ACCESS-CM2","2075",0.51,0.36,0,95,0.2,54,60,79.95,0,0,0.2,0.05,18.167286994082,355
"p346","ssp126","ACCESS-CM2","2075",0.15,0.37,0,114,0,81,87,103.2,0,0,0.1,0,18.9197070675797,356
"p346","ssp126","ACCESS-CM2","2075",0.32,0.1,0.6,104,0.2,52,58,86.7,0.2,0,0.2,0.05,17.7370327841943,357
"p346","ssp126","ACCESS-CM2","2075",0.22,0,0,86,0.3,46,77,76.3,0,0,0.3,0,19.0032426350068,358
"p346","ssp126","ACCESS-CM2","2075",0.1,0.11,0,107,0.1,53,59,83.31,0,0,0,0,18.2740247668608,359
"p346","ssp126","ACCESS-CM2","2075",0.27,0.1,0,99,0.1,79,85,98.14,0,0,0.2,0.05,18.8083482088109,360
"p346","ssp126","ACCESS-CM2","2075",0.45,0.32,0,96,0.2,58,87,84.66,0,0,0.1,0,18.3259572550863,361
"p346","ssp126","ACCESS-CM2","2075",0.31,0.23,0,82,0,45,51,78.64,0.1,0,0,0,17.1089864893592,362
"p346","ssp126","ACCESS-CM2","2075",0.59,0.24,0,102,0.2,60,66,85.21,0,0,0.2,0.05,18.6991052798994,363
"p346","ssp126","ACCESS-CM2","2075",0.42,0.42,0,101,0.65,45,51,78.27,0,0,0.1,0,17.883875428694,364
"p346","ssp126","ACCESS-CM2","2075",0.35,0.24,0,87,0.15,49,55,84.56,0,0,0.3,0,17.7576291206906,365
"p346","ssp126","ACCESS-CM2","2075",0.28,0.65,0,89,0.1,74,80,96.93,0,0,0,0,19.1617193186789,366
"p346","ssp126","ACCESS-CM2","2075",0.31,0.48,0,92,0.2,46,62,75.4,0,0,0,0,18.616827237095,367
"p346","ssp126","ACCESS-CM2","2075",0.23,0.17,0,96,0.25,77,83,102.58,0.1,0,0.1,0,18.5822737632526,368
"p346","ssp126","ACCESS-CM2","2075",0.26,0.33,0,97,0,68,74,96.2,0,0,0,0.1,18.7598590797566,369
"p346","ssp126","ACCESS-CM2","2075",0.29,0.54,0.2,101,0.15,44,50,72.89,0,0,0.1,0.1,17.4649334955638,370
"p346","ssp126","ACCESS-CM2","2075",0.41,0.38,0,101,0.2,49,55,77.8,0,0,0.2,0,17.656306771512,371
"p346","ssp126","ACCESS-CM2","2075",0.39,0.42,0.2,106,0,57,63,83.28,0,0,0,0,18.024305913576,372
"p346","ssp126","ACCESS-CM2","2075",0.34,0.17,0,106,0.1,57,80,77.29,0,0,0.1,0,18.9850374165663,373
"p346","ssp126","ACCESS-CM2","2075",0.39,0.21,0,94,0,44,50,69.19,0.1,0,0.2,0,16.6382876955459,374
"p346","ssp126","ACCESS-CM2","2075",0.62,0.13,0,81,0,50,56,82.05,0,0,0,0,18.0248118040059,375
"p346","ssp126","ACCESS-CM2","2075",0.53,0.38,0,90,0.1,51,57,84.07,0.1,0,0.1,0,17.2699888153128,376
"p346","ssp126","ACCESS-CM2","2075",0.5,0.42,0,98,0.2,58,64,87.56,0,0,0,0.2,18.2540764097484,377
"p346","ssp126","ACCESS-CM2","2075",0.28,0.26,0.3,101,0.1,55,71,87.32,0,0,0.2,0,18.3037731916354,378
"p346","ssp126","ACCESS-CM2","2075",0.32,0.29,0.3,86,0.55,47,53,79.54,0,0,0,0.25,19.0225432912851,379
"p346","ssp126","ACCESS-CM2","2075",0.26,0.11,0,102,0,67,84,92.44,0,0,0,0,18.7672286651166,380
"p346","ssp126","ACCESS-CM2","2075",0.17,0,0,106,0.3,72,78,98.42,0,0,0.1,0,17.6406802726527,381
"p346","ssp126","ACCESS-CM2","2075",0.39,0.42,0,100,0.1,45,72,77.78,0,0,0,0,19.1917017366267,382
"p346","ssp126","ACCESS-CM2","2075",0.32,0.45,0.2,94,0.1,45,55,76.02,0,0,0.1,0,16.5231204332576,383
"p346","ssp126","ACCESS-CM2","2075",0.43,0.56,0,105,0,93,99,109.86,0,0,0,0,19.2784888865512,384
"p346","ssp126","ACCESS-CM2","2075",0.54,0.6,0,100,0.3,77,90,103.57,0,0,0,0.1,18.9339637493776,385
"p346","ssp126","ACCESS-CM2","2075",0.21,0.3,0.2,92,0.1,48,84,80.57,0,0,0,0.05,19.6988388373695,386
"p346","ssp126","ACCESS-CM2","2075",0.42,0.53,0,92,0.2,71,77,96.34,0,0,0,0,18.0140773824637,387
"p346","ssp126","ACCESS-CM2","2075",0.49,0.4,0,99,0.1,52,82,84.91,0,0,0,0.05,19.1702030318387,388
"p346","ssp126","ACCESS-CM2","2075",0.38,0.14,0,101,0,62,85,90.77,0,0,0.1,0,18.1111089239641,389
"p346","ssp126","ACCESS-CM2","2075",0.41,0.52,0,114,0,48,83,79.24,0,0,0.1,0,18.6215530279325,390
"p346","ssp126","ACCESS-CM2","2075",0.18,0.13,0,94,0.4,73,79,102.45,0,0,0,0,18.3274248817519,391
"p346","ssp126","ACCESS-CM2","2075",0.18,0,0,116,0.1,46,62,73.7,0,0,0,0,18.1906331680294,392
"p346","ssp126","ACCESS-CM2","2075",0.36,0.36,0.2,94,0.1,57,71,81.94,0.1,0,0.1,0.25,16.6105472741138,393
"p346","ssp126","ACCESS-CM2","2075",0.3,0.38,0,112,0,54,60,87.59,0,0,0,0,18.8936770593137,394
"p346","ssp126","ACCESS-CM2","2075",0.54,0.51,0,115,0.1,48,54,78.06,0.2,0,0.3,0,16.4390612335479,395
"p346","ssp126","ACCESS-CM2","2075",0.32,0.29,0,97,0.1,44,50,64.8,0,0,0,0,17.2505117231808,396
"p346","ssp126","ACCESS-CM2","2075",0.24,0.44,0,93,0,53,59,79.36,0,0,0.2,0,17.6131026217133,397
"p346","ssp126","ACCESS-CM2","2075",0.42,0.37,0.25,92,0,58,67,88.61,0,0,0.6,0,18.398612608109,398
"p346","ssp126","ACCESS-CM2","2075",0.39,0.45,0,92,0,74,80,102.95,0,0,0.2,0,19.0436370229978,399
"p346","ssp126","ACCESS-CM2","2075",0.37,0.35,0,86,0.45,60,73,90.73,0,0,0.1,0,18.4189548672407,400
"p346","ssp126","AWI-CM-1-1-MR","2075",0.4,0.22,0,87,0,45,51,72.17,0,0,0,0.05,17.4594286316945,401
"p346","ssp126","AWI-CM-1-1-MR","2075",0.28,0.21,0.25,94,0.2,46,52,72.62,0,0,0.1,0,17.4794049403396,402
"p346","ssp126","AWI-CM-1-1-MR","2075",0.47,0.12,0,93,0.1,77,89,105.48,0,0,0,0,18.2704125083209,403
"p346","ssp126","AWI-CM-1-1-MR","2075",0.23,0.1,0,85,0.2,60,90,90.8,0,0,0,0,19.2814584650887,404
"p346","ssp126","AWI-CM-1-1-MR","2075",0.52,0.27,0.25,91,0.3,52,58,81.52,0,0,0,0,17.2810083999004,405
"p346","ssp126","AWI-CM-1-1-MR","2075",0.18,0.39,0,104,0.2,50,56,79.72,0.1,0,0.3,0,17.5158435793579,406
"p346","ssp126","AWI-CM-1-1-MR","2075",0.42,0.12,0,85,0,47,74,77.02,0,0,0.3,0,18.1562838300296,407
"p346","ssp126","AWI-CM-1-1-MR","2075",0.37,0.33,0,79,0.1,46,52,79.45,0.1,0,0.1,0.15,17.9398857048768,408
"p346","ssp126","AWI-CM-1-1-MR","2075",0.39,0.14,0,92,0.3,48,68,84.37,0,0,0.1,0,18.8024304280627,409
"p346","ssp126","AWI-CM-1-1-MR","2075",0.13,0.11,0,84,0.1,47,101,82.7,0,0,0.1,0,19.0201975274193,410
"p346","ssp126","AWI-CM-1-1-MR","2075",0.34,0.24,0,76,0.2,76,82,92.31,0,0,0.1,0.05,19.2274201766265,411
"p346","ssp126","AWI-CM-1-1-MR","2075",0.3,0,0,105,0.2,60,66,90.44,0,0,0.1,0,17.1757737867954,412
"p346","ssp126","AWI-CM-1-1-MR","2075",0.42,0.1,0.5,89,0,54,61,68.67,0,0,0.2,0,16.9488842134058,413
"p346","ssp126","AWI-CM-1-1-MR","2075",0.41,0.45,0,77,0.2,51,58,78.48,0,0,0.2,0.1,16.4793077591071,414
"p346","ssp126","AWI-CM-1-1-MR","2075",0.35,0.35,0,89,0.1,62,70,87.22,0,0,0,0,17.6792885689328,415
"p346","ssp126","AWI-CM-1-1-MR","2075",0.36,0.36,0,106,0.1,46,52,70.1,0,0,0,0.05,17.7087828880954,416
"p346","ssp126","AWI-CM-1-1-MR","2075",0.16,0.34,0.2,96,0.2,51,70,77.32,0,0,0.1,0,17.7385423566028,417
"p346","ssp126","AWI-CM-1-1-MR","2075",0.33,0.5,0,108,0.1,57,63,85.94,0,0,0.2,0,18.007789038013,418
"p346","ssp126","AWI-CM-1-1-MR","2075",0.67,0.39,0,97,0.1,54,60,83,0,0,0.1,0,17.7230341218531,419
"p346","ssp126","AWI-CM-1-1-MR","2075",0.68,0.37,0,74,0.3,50,77,80.55,0,0,0.3,0,19.1363893932637,420
"p346","ssp126","AWI-CM-1-1-MR","2075",0.6,0.5,0,100,0.1,59,65,74.25,0,0,0,0.05,18.4370130325034,421
"p346","ssp126","AWI-CM-1-1-MR","2075",0.39,0.3,0,92,0.3,71,77,97.03,0,0,0.2,0,17.9052720033616,422
"p346","ssp126","AWI-CM-1-1-MR","2075",0.38,0.13,0,95,0.15,44,50,76.15,0.1,0,0.1,0,17.2713157133378,423
"p346","ssp126","AWI-CM-1-1-MR","2075",0.3,0.34,0,103,0.2,45,51,79.18,0,0,0.1,0,18.29386745754,424
"p346","ssp126","AWI-CM-1-1-MR","2075",0.44,0.44,0,96,0.1,53,62,66.88,0,0,0.4,0.1,18.0615793742521,425
"p346","ssp126","AWI-CM-1-1-MR","2075",0.24,0,0,104,0.1,51,57,84.13,0,0,0,0,18.8802155690373,426
"p346","ssp126","AWI-CM-1-1-MR","2075",0.37,0.21,0,70,0,66,72,91.88,0,0,0.4,0,18.4528907178093,427
"p346","ssp126","AWI-CM-1-1-MR","2075",0.32,0.36,0,89,0.5,53,60,82.49,0,0,0,0.05,17.8477626227842,428
"p346","ssp126","AWI-CM-1-1-MR","2075",0.55,0.57,0,81,0,47,53,76.12,0,0,0.1,0,18.1163918064783,429
"p346","ssp126","AWI-CM-1-1-MR","2075",0.31,0.11,0,96,0,45,51,75.1,0,0,0.2,0.2,17.561246649271,430
"p346","ssp126","AWI-CM-1-1-MR","2075",0.41,0.35,0,87,0.25,47,55,80.56,0.1,0,0,0,16.2807054986051,431
"p346","ssp126","AWI-CM-1-1-MR","2075",0.27,0.22,0,85,0.35,58,64,81.17,0,0,0,0,18.4977724581263,432
"p346","ssp126","AWI-CM-1-1-MR","2075",0.52,0.1,0,98,0.2,70,81,89.55,0,0,0.1,0,17.7794595429631,433
"p346","ssp126","AWI-CM-1-1-MR","2075",0.41,0.18,0,88,0,52,58,77.06,0,0,0,0.05,18.1041649336955,434
"p346","ssp126","AWI-CM-1-1-MR","2075",0.31,0.27,0,93,0.15,52,58,80.34,0,0,0.2,0,16.6832715027055,435
"p346","ssp126","AWI-CM-1-1-MR","2075",0.48,0.54,0,97,0.1,63,69,87.22,0,0,0,0,18.0894156277844,436
"p346","ssp126","AWI-CM-1-1-MR","2075",0.46,0.65,0,97,0,78,84,102.11,0,0,0,0,17.4027923365129,437
"p346","ssp126","AWI-CM-1-1-MR","2075",0.32,0.5,0,92,0,44,50,77.86,0,0,0,0,17.4086540704451,438
"p346","ssp126","AWI-CM-1-1-MR","2075",0.34,0.1,0,92,0.1,51,59,83.32,0.1,0,0.1,0.05,16.729860051534,439
"p346","ssp126","AWI-CM-1-1-MR","2075",0.42,0.49,0,79,0.1,48,54,80.54,0,0,0.2,0,17.1236408077383,440
"p346","ssp126","AWI-CM-1-1-MR","2075",0.51,0.48,0,110,0.1,51,57,82.53,0,0,0.1,0,17.7467490921361,441
"p346","ssp126","AWI-CM-1-1-MR","2075",0.38,0.12,0,103,0.1,56,62,83.68,0,0,0.2,0,18.6039989109184,442
"p346","ssp126","AWI-CM-1-1-MR","2075",0.31,0.45,0,96,0.2,57,93,89.33,0,0,0,0,18.5761451223828,443
"p346","ssp126","AWI-CM-1-1-MR","2075",0.29,0.26,0,101,0.1,59,74,79.55,0,0,0,0,18.1996888207264,444
"p346","ssp126","AWI-CM-1-1-MR","2075",0.3,0.68,0.2,107,0.15,75,81,94.18,0,0,0.3,0,18.1428407705931,445
"p346","ssp126","AWI-CM-1-1-MR","2075",0.39,0.25,0,108,0.1,56,63,80.44,0,0,0.1,0,18.5349625731008,446
"p346","ssp126","AWI-CM-1-1-MR","2075",0.31,0.22,0,94,0.1,103,109,121.52,0,0,0,0,19.7848699127428,447
"p346","ssp126","AWI-CM-1-1-MR","2075",0.33,0.36,0,85,0.1,53,60,82.04,0,0,0.3,0,17.4963742668093,448
"p346","ssp126","AWI-CM-1-1-MR","2075",0.5,0.22,0,87,0,62,68,88.85,0,0,0.3,0,18.3616882579332,449
"p346","ssp126","AWI-CM-1-1-MR","2075",0.28,0,0.3,78,0.1,49,93,70.91,0,0,0,0,17.929700818619,450
"p346","ssp126","AWI-CM-1-1-MR","2075",0.22,0.33,0,87,0.2,53,59,82,0,0,0.2,0,17.8111112014908,451
"p346","ssp126","AWI-CM-1-1-MR","2075",0.37,0.23,0,86,0.1,48,54,80.1,0,0,0.1,0,17.6962008702834,452
"p346","ssp126","AWI-CM-1-1-MR","2075",0.32,0.14,0,99,0.4,57,63,86.38,0,0,0,0,17.6749366252112,453
"p346","ssp126","AWI-CM-1-1-MR","2075",0.35,0.14,0,93,0,55,61,82.13,0,0,0.3,0.1,17.9193681733598,454
"p346","ssp126","AWI-CM-1-1-MR","2075",0.44,0,0,83,0.1,56,63,79.82,0,0,0.4,0,17.8672465257183,455
"p346","ssp126","AWI-CM-1-1-MR","2075",0.27,0.11,0,97,0.6,81,87,98.74,0,0,0.3,0,18.8375076995213,456
"p346","ssp126","AWI-CM-1-1-MR","2075",0.16,0,0,96,0.1,55,64,87.38,0.2,0,0.1,0,17.9052490926502,457
"p346","ssp126","AWI-CM-1-1-MR","2075",0.14,0,0,82,0.2,79,85,97.41,0,0,0,0,19.0477596273331,458
"p346","ssp126","AWI-CM-1-1-MR","2075",0.4,0.23,0,108,0,62,68,88.24,0,0,0.1,0,18.3135732167273,459
"p346","ssp126","AWI-CM-1-1-MR","2075",0.19,0.19,0.2,91,0,65,80,89.19,0,0,0,0,18.5156825964324,460
"p346","ssp126","AWI-CM-1-1-MR","2075",0.26,0.25,0.2,80,0.1,58,96,81.16,0,0,0.2,0,18.8224113187243,461
"p346","ssp126","AWI-CM-1-1-MR","2075",0.26,0.1,0,74,0,46,52,74.46,0.1,0,0,0,17.0457589625218,462
"p346","ssp126","AWI-CM-1-1-MR","2075",0.26,0.2,0,88,0.1,60,66,87.51,0,0,0.3,0,18.8127164193981,463
"p346","ssp126","AWI-CM-1-1-MR","2075",0.29,0.4,0,94,0,45,51,77.62,0,0,0.4,0,17.8096589745932,464
"p346","ssp126","AWI-CM-1-1-MR","2075",0.22,0.24,0,70,0,51,67,86.6,0,0,0.2,0,18.1910448029058,465
"p346","ssp126","AWI-CM-1-1-MR","2075",0.15,0.45,0,91,0.2,74,80,95.15,0,0,0.1,0,19.1860222493282,466
"p346","ssp126","AWI-CM-1-1-MR","2075",0.3,0.22,0,80,0.2,63,69,92.74,0,0,0.2,0,18.396730323008,467
"p346","ssp126","AWI-CM-1-1-MR","2075",0.36,0.11,0,94,0.1,77,83,100.25,0.1,0,0,0,18.211268177745,468
"p346","ssp126","AWI-CM-1-1-MR","2075",0.31,0.33,0,97,0.1,68,74,93.82,0,0,0.3,0,18.3240199071647,469
"p346","ssp126","AWI-CM-1-1-MR","2075",0.35,0.62,0,106,0.1,45,54,73.96,0,0,0.1,0,17.190172410486,470
"p346","ssp126","AWI-CM-1-1-MR","2075",0.15,0.1,0.2,87,0.2,49,55,76.4,0,0,0.2,0,17.5810584211516,471
"p346","ssp126","AWI-CM-1-1-MR","2075",0.25,0.14,0,91,0.1,59,65,87,0,0,0,0,17.8758743623028,472
"p346","ssp126","AWI-CM-1-1-MR","2075",0.19,0.29,0,91,0,78,84,87.83,0,0,0.1,0.05,19.2265035621262,473
"p346","ssp126","AWI-CM-1-1-MR","2075",0.46,0.32,0,90,0.1,44,50,69.41,0.1,0,0.1,0,16.5219372772338,474
"p346","ssp126","AWI-CM-1-1-MR","2075",0.32,0.1,0,72,0.2,50,56,84.96,0,0,0.2,0,17.6646983867553,475
"p346","ssp126","AWI-CM-1-1-MR","2075",0.17,0.1,0,80,0.15,51,57,78.65,0,0,0,0,17.5185797823577,476
"p346","ssp126","AWI-CM-1-1-MR","2075",0.41,0.22,0,91,0.2,60,66,86.46,0,0,0.1,0.15,18.0434274771988,477
"p346","ssp126","AWI-CM-1-1-MR","2075",0.23,0.24,0,98,0.1,68,74,93.1,0,0,0.1,0,18.4519344701776,478
"p346","ssp126","AWI-CM-1-1-MR","2075",0.15,0.3,0,80,0.2,48,54,82.14,0,0,0.5,0,18.4477034161102,479
"p346","ssp126","AWI-CM-1-1-MR","2075",0.21,0.12,0,90,0.1,84,90,105.71,0,0,0.3,0,18.7915835947212,480
"p346","ssp126","AWI-CM-1-1-MR","2075",0.35,0,0,97,0,71,77,95.45,0,0,0.2,0,16.9005136104765,481
"p346","ssp126","AWI-CM-1-1-MR","2075",0.51,0.39,0,95,0,46,72,75.23,0,0,0.1,0,18.8666217068564,482
"p346","ssp126","AWI-CM-1-1-MR","2075",0.26,0.37,0,93,0.1,46,68,75.59,0,0,0.4,0,17.0772753988356,483
"p346","ssp126","AWI-CM-1-1-MR","2075",0.11,0.22,0,83,0.2,93,99,108.14,0,0,0.1,0,19.0577642135914,484
"p346","ssp126","AWI-CM-1-1-MR","2075",0.34,0.21,0,83,0.4,77,101,100.46,0,0,0,0.1,19.7338485436684,485
"p346","ssp126","AWI-CM-1-1-MR","2075",0.24,0.36,0.4,81,0.2,48,84,79.83,0,0,0.2,0,19.8641894641179,486
"p346","ssp126","AWI-CM-1-1-MR","2075",0.42,0.12,0,84,0.1,72,78,93.78,0,0,0.1,0,17.6890427165139,487
"p346","ssp126","AWI-CM-1-1-MR","2075",0.42,0.2,0,93,0,50,58,80.82,0,0,0.1,0,17.7062906353416,488
"p346","ssp126","AWI-CM-1-1-MR","2075",0.34,0,0,78,0.2,63,99,90.62,0,0,0,0,17.9729282104936,489
"p346","ssp126","AWI-CM-1-1-MR","2075",0.11,0.48,0,94,0.2,49,84,77.98,0,0,0.3,0,18.6949767159774,490
"p346","ssp126","AWI-CM-1-1-MR","2075",0.26,0.3,0,84,0.3,73,79,98.65,0,0,0.1,0,17.8383136704837,491
"p346","ssp126","AWI-CM-1-1-MR","2075",0.28,0.23,0,100,0,63,77,86.54,0,0,0.6,0,18.4997000718936,492
"p346","ssp126","AWI-CM-1-1-MR","2075",0.21,0.34,0,91,0,59,107,81.13,0,0,0,0.05,19.495261828294,493
"p346","ssp126","AWI-CM-1-1-MR","2075",0.24,0.43,0,101,0.1,61,73,93.12,0,0,0.1,0,19.1688014164445,494
"p346","ssp126","AWI-CM-1-1-MR","2075",0.2,0.42,0,104,0.2,49,55,77.13,0.2,0,0.1,0,16.1783272226597,495
"p346","ssp126","AWI-CM-1-1-MR","2075",0.13,0.21,0.3,89,0.2,44,66,61.82,0,0,0.1,0,17.242582024108,496
"p346","ssp126","AWI-CM-1-1-MR","2075",0.48,0.29,0,88,0.1,55,63,79.08,0,0,0.3,0,17.4350520254886,497
"p346","ssp126","AWI-CM-1-1-MR","2075",0.37,0.44,0,92,0.1,58,67,87.01,0,0,0,0,18.1915325710446,498
"p346","ssp126","AWI-CM-1-1-MR","2075",0.28,0.51,0,87,0.1,75,81,101.05,0,0,0.1,0,18.64947526693,499
"p346","ssp126","AWI-CM-1-1-MR","2075",0.29,0.3,0,82,0,75,91,101.48,0,0,0,0,19.1359769299585,500
"p346","ssp126","CanESM5","2075",0.4,0.28,0,95,0,45,51,73.41,0,0,0,0.05,17.7638097974752,501
"p346","ssp126","CanESM5","2075",0.28,0.36,0,96,0.2,45,51,73.23,0,0,0.2,0,17.9908533535277,502
"p346","ssp126","CanESM5","2075",0.47,0.26,0,103,0.1,49,61,85.65,0,0,0.1,0,17.5127929234248,503
"p346","ssp126","CanESM5","2075",0.23,0.36,0,97,0.2,59,69,88,0,0,0.2,0,18.1293058159038,504
"p346","ssp126","CanESM5","2075",0.45,0.29,0.25,95,0.3,51,57,81.54,0,0,0.1,0,17.5826345491166,505
"p346","ssp126","CanESM5","2075",0.18,0.55,0,111,0.2,48,54,80.25,0.1,0,0.3,0,17.8012965169838,506
"p346","ssp126","CanESM5","2075",0.42,0.53,0,97,0,46,65,78.8,0,0,0.3,0,18.2991536999607,507
"p346","ssp126","CanESM5","2075",0.37,0.35,0,89,0.2,45,51,77.21,0.1,0,0.1,0.15,18.2002710714617,508
"p346","ssp126","CanESM5","2075",0.33,0.27,0,110,0.3,47,62,82.98,0,0,0,0,18.9015908171529,509
"p346","ssp126","CanESM5","2075",0.13,0,0,97,0.1,46,70,83.24,0.2,0,0.1,0,17.373972041914,510
"p346","ssp126","CanESM5","2075",0.33,0.24,0,97,0.2,53,59,75.77,0.1,0,0.1,0.05,18.1891325406133,511
"p346","ssp126","CanESM5","2075",0.3,0.23,0,109,0.1,59,65,92.08,0,0,0.1,0,17.6312214849713,512
"p346","ssp126","CanESM5","2075",0.42,0.1,0.5,98,0,52,58,72.28,0,0,0.2,0,17.222595721204,513
"p346","ssp126","CanESM5","2075",0.36,0.65,0,82,0.2,49,55,78.29,0,0,0.1,0.1,16.8631873566923,514
"p346","ssp126","CanESM5","2075",0.35,0.38,0,94,0.1,51,57,78.4,0,0,0,0,17.6698873423272,515
"p346","ssp126","CanESM5","2075",0.36,0.58,0,110,0.1,46,52,72.75,0,0,0,0.05,18.1552221693926,516
"p346","ssp126","CanESM5","2075",0.16,0.44,0.2,100,0.4,46,52,76.31,0,0,0.1,0,17.2569086208977,517
"p346","ssp126","CanESM5","2075",0.28,0.5,0,116,0.1,56,62,86.05,0,0,0.1,0,18.1752121014373,518
"p346","ssp126","CanESM5","2075",0.61,0.59,0,107,0.3,52,58,81.96,0,0,0.1,0,18.0027122370332,519
"p346","ssp126","CanESM5","2075",0.67,0.37,0,86,0.3,49,74,80.48,0,0,0.3,0,19.0377391287686,520
"p346","ssp126","CanESM5","2075",0.6,0.72,0,110,0.1,59,65,76.41,0,0,0,0.05,18.7760391008474,521
"p346","ssp126","CanESM5","2075",0.4,0.46,0,100,0.6,71,77,97.66,0,0,0.2,0,18.3514686793604,522
"p346","ssp126","CanESM5","2075",0.32,0.5,0,102,0.15,44,50,75.85,0.1,0,0.1,0,17.6999886270992,523
"p346","ssp126","CanESM5","2075",0.24,0.5,0,106,0.2,45,51,79.23,0,0,0.1,0,18.765932279027,524
"p346","ssp126","CanESM5","2075",0.39,0.52,0,106,0.1,50,56,71.64,0,0,0.5,0.1,18.2474734308871,525
"p346","ssp126","CanESM5","2075",0.22,0.34,0,112,0.1,51,57,85.01,0,0,0,0,19.3018642230306,526
"p346","ssp126","CanESM5","2075",0.38,0.44,0.25,85,0.1,65,71,92.33,0,0,0.3,0,18.9802649060094,527
"p346","ssp126","CanESM5","2075",0.32,0.61,0,97,0.55,52,58,80.58,0,0,0,0.05,18.2171842466673,528
"p346","ssp126","CanESM5","2075",0.54,0.61,0,86,0,47,53,78.58,0,0,0,0,18.5951255220546,529
"p346","ssp126","CanESM5","2075",0.35,0.45,0,101,0,45,51,76.65,0,0,0.2,0.2,18.0188557347803,530
"p346","ssp126","CanESM5","2075",0.41,0.5,0,98,0.25,46,52,79.65,0.1,0,0.1,0,16.7561285878091,531
"p346","ssp126","CanESM5","2075",0.27,0.39,0,102,0.35,57,63,83.44,0,0,0.1,0,18.8135246229485,532
"p346","ssp126","CanESM5","2075",0.51,0.36,0,107,0.2,69,78,91.21,0,0,0.1,0,18.2072173982002,533
"p346","ssp126","CanESM5","2075",0.41,0.4,0,97,0,52,58,79.6,0,0,0,0.05,18.5746763383479,534
"p346","ssp126","CanESM5","2075",0.31,0.17,0,100,0.15,51,57,82.43,0,0,0.2,0,16.9832125856916,535
"p346","ssp126","CanESM5","2075",0.54,0.79,0,106,0.1,62,68,90.35,0,0,0,0,18.2435331142787,536
"p346","ssp126","CanESM5","2075",0.43,0.81,0,102,0.2,76,82,97.34,0,0,0,0,17.7619239509417,537
"p346","ssp126","CanESM5","2075",0.25,0.59,0.2,97,0,44,50,79.15,0,0,0,0,17.8985009026117,538
"p346","ssp126","CanESM5","2075",0.33,0.2,0,102,0.3,48,54,81.57,0.1,0,0.1,0.05,17.0406270553725,539
"p346","ssp126","CanESM5","2075",0.42,0.49,0,93,0.1,47,53,79.59,0,0,0.2,0,17.4716068453686,540
"p346","ssp126","CanESM5","2075",0.46,0.65,0,115,0.1,50,56,80.14,0,0,0,0,18.2005647118413,541
"p346","ssp126","CanESM5","2075",0.38,0.24,0,104,0.1,55,61,85.05,0,0,0.1,0,18.931162643394,542
"p346","ssp126","CanESM5","2075",0.31,0.36,0,101,0.2,57,92,90.27,0,0,0,0,18.8481129160505,543
"p346","ssp126","CanESM5","2075",0.29,0.44,0,105,0.1,58,70,83.23,0,0,0,0,18.5008585217178,544
"p346","ssp126","CanESM5","2075",0.3,0.74,0,110,0.15,60,78,88.13,0,0,0.3,0,18.0671521153325,545
"p346","ssp126","CanESM5","2075",0.39,0.68,0,112,0.1,53,59,80.03,0,0,0.1,0,18.6028506697884,546
"p346","ssp126","CanESM5","2075",0.31,0.42,0,98,0.1,62,106,92.95,0,0,0,0,20.0300084307206,547
"p346","ssp126","CanESM5","2075",0.33,0.49,0,88,0.1,52,58,82.76,0,0,0.3,0,17.941661227727,548
"p346","ssp126","CanESM5","2075",0.44,0.37,0,98,0,61,67,92.17,0,0,0.3,0,18.7613157648405,549
"p346","ssp126","CanESM5","2075",0.23,0.18,0.3,93,0.2,47,53,72.69,0,0,0,0,16.4298197953223,550
"p346","ssp126","CanESM5","2075",0.22,0.34,0,89,0.2,46,52,74.75,0,0,0.2,0,18.1306669692749,551
"p346","ssp126","CanESM5","2075",0.35,0.35,0,111,0.1,48,54,79.98,0,0,0.2,0,18.1172528887144,552
"p346","ssp126","CanESM5","2075",0.26,0.2,0.2,103,0.4,56,62,83.62,0,0,0,0,18.132236334978,553
"p346","ssp126","CanESM5","2075",0.35,0.3,0,109,0,52,58,81.42,0,0,0.3,0.1,18.1646796064351,554
"p346","ssp126","CanESM5","2075",0.44,0.1,0,97,0.1,55,61,80.43,0,0,0.3,0,18.2128099831201,555
"p346","ssp126","CanESM5","2075",0.27,0.32,0,108,0.8,75,81,97.23,0,0,0.4,0,19.0105074454152,556
"p346","ssp126","CanESM5","2075",0.16,0.33,0.2,111,0.1,52,58,84.6,0.2,0,0.1,0,18.1305758508962,557
"p346","ssp126","CanESM5","2075",0.14,0.14,0.2,88,0.2,79,85,102.26,0,0,0.1,0,19.3118586962014,558
"p346","ssp126","CanESM5","2075",0.4,0.28,0,119,0,53,60,79.08,0,0,0.1,0,18.3577453812568,559
"p346","ssp126","CanESM5","2075",0.19,0.44,0.2,103,0,65,76,90.92,0,0,0,0,18.6724032539525,560
"p346","ssp126","CanESM5","2075",0.29,0.36,0,89,0.1,57,67,82.52,0,0,0.3,0,17.6346259727778,561
"p346","ssp126","CanESM5","2075",0.26,0.31,0,83,0,45,51,75.47,0.1,0,0.1,0,17.3198168098329,562
"p346","ssp126","CanESM5","2075",0.26,0.36,0,103,0.1,59,65,83.85,0,0,0.4,0,18.9886838884355,563
"p346","ssp126","CanESM5","2075",0.29,0.57,0,101,0.1,45,51,78.46,0,0,0.3,0,18.0159906000146,564
"p346","ssp126","CanESM5","2075",0.22,0.27,0,81,0,49,55,85.23,0,0,0.2,0,18.0454922460937,565
"p346","ssp126","CanESM5","2075",0.15,0.58,0,101,0.2,74,80,98.03,0,0,0.1,0,19.3259073450325,566
"p346","ssp126","CanESM5","2075",0.31,0.25,0.2,94,0.45,48,63,79.22,0,0,0.2,0,18.7111237117686,567
"p346","ssp126","CanESM5","2075",0.24,0.24,0,102,0.1,56,75,86.46,0.1,0,0.2,0,18.5209726721338,568
"p346","ssp126","CanESM5","2075",0.25,0.61,0,104,0.2,68,74,93.55,0,0,0.2,0,18.6740541614404,569
"p346","ssp126","CanESM5","2075",0.35,0.63,0,106,0.1,44,53,76.52,0,0,0.1,0,17.494192659334,570
"p346","ssp126","CanESM5","2075",0.15,0.43,0.2,100,0.2,49,55,77.16,0,0,0.2,0,17.9512123470878,571
"p346","ssp126","CanESM5","2075",0.25,0.36,0,99,0.2,58,64,85.13,0,0,0,0,18.2104795390935,572
"p346","ssp126","CanESM5","2075",0.14,0.43,0,102,0,77,83,91.24,0,0,0.1,0.05,19.4970179849491,573
"p346","ssp126","CanESM5","2075",0.46,0.41,0,102,0.2,44,50,70.92,0.1,0,0.1,0,16.7513333448481,574
"p346","ssp126","CanESM5","2075",0.32,0.23,0,77,0.2,49,55,82.84,0,0,0.1,0,18.1615686768984,575
"p346","ssp126","CanESM5","2075",0.22,0.34,0,89,0.15,51,57,82.54,0,0,0,0,17.640703290115,576
"p346","ssp126","CanESM5","2075",0.3,0.27,0,100,0.3,58,64,88.54,0,0,0.2,0.15,18.2321220666108,577
"p346","ssp126","CanESM5","2075",0.15,0.25,0,105,0.1,65,71,92.05,0,0,0.1,0,18.7026462659133,578
"p346","ssp126","CanESM5","2075",0.15,0.38,0,92,0.2,47,53,81.18,0,0,0.4,0,18.8991734476917,579
"p346","ssp126","CanESM5","2075",0.14,0.44,0,100,0.1,83,89,104.09,0,0,0.2,0,19.0450259782833,580
"p346","ssp126","CanESM5","2075",0.3,0.21,0,115,0,47,73,79.77,0,0,0.3,0,17.3431704104363,581
"p346","ssp126","CanESM5","2075",0.52,0.56,0.2,101,0,45,64,75.58,0,0,0.2,0,18.9493495001097,582
"p346","ssp126","CanESM5","2075",0.29,0.25,0,98,0.1,46,67,79.13,0,0,0.4,0,17.4299807706109,583
"p346","ssp126","CanESM5","2075",0.11,0.23,0,101,0.1,77,93,99.68,0,0,0.1,0,19.0912938435711,584
"p346","ssp126","CanESM5","2075",0.3,0.56,0,98,0.4,76,83,98.93,0,0,0,0.1,18.7295776972238,585
"p346","ssp126","CanESM5","2075",0.23,0.26,0.2,95,0.3,47,82,79.35,0,0,0.2,0,19.7570512692628,586
"p346","ssp126","CanESM5","2075",0.36,0.28,0,95,0.1,53,73,80.06,0,0,0.1,0,17.995445568171,587
"p346","ssp126","CanESM5","2075",0.39,0.2,0,110,0,49,55,79.83,0,0,0.1,0,18.1305933003897,588
"p346","ssp126","CanESM5","2075",0.33,0.21,0,97,0.2,62,68,93.48,0,0,0,0,17.0664403268405,589
"p346","ssp126","CanESM5","2075",0.11,0.73,0,103,0.2,48,82,78.48,0,0,0.3,0,18.829172222949,590
"p346","ssp126","CanESM5","2075",0.26,0.57,0,98,0.3,73,79,101.56,0,0,0.1,0,18.0940946250055,591
"p346","ssp126","CanESM5","2075",0.23,0.24,0.25,107,0.2,46,63,76.83,0,0,0.8,0,18.3040996808397,592
"p346","ssp126","CanESM5","2075",0.26,0.55,0,100,0,58,73,79.75,0.1,0,0,0,17.0689869758547,593
"p346","ssp126","CanESM5","2075",0.24,0.54,0,107,0.1,57,63,89.62,0,0,0.1,0,18.8756181813778,594
"p346","ssp126","CanESM5","2075",0.26,0.44,0.25,105,0.35,48,54,76.05,0.1,0,0.2,0,16.5804537287368,595
"p346","ssp126","CanESM5","2075",0.13,0.27,0.3,98,0.2,44,50,62.11,0,0,0.1,0,17.177214722802,596
"p346","ssp126","CanESM5","2075",0.45,0.47,0,92,0.1,53,59,78.36,0,0,0.3,0,17.8148171489998,597
"p346","ssp126","CanESM5","2075",0.37,0.66,0,96,0.1,57,65,86.27,0,0,0,0,18.492329835162,598
"p346","ssp126","CanESM5","2075",0.23,0.57,0,92,0.1,74,80,102.94,0,0,0.1,0,18.8455851330679,599
"p346","ssp126","CanESM5","2075",0.29,0.43,0,98,0,60,73,89.1,0,0,0.1,0,18.4054794483407,600
"p346","ssp126","CMCC-ESM2","2075",0.4,0.32,0,95,0,45,51,68.68,0,0,0,0.25,18.1999969090571,601
"p346","ssp126","CMCC-ESM2","2075",0.28,0.46,0.25,96,0.2,45,51,73.61,0,0,0.1,0.05,18.2951256159803,602
"p346","ssp126","CMCC-ESM2","2075",0.47,0.31,0,104,0.1,49,61,82.9,0,0,0.1,0,17.8410197878675,603
"p346","ssp126","CMCC-ESM2","2075",0.23,0.35,0,103,0.1,59,65,86.65,0,0,0.1,0,18.3941815141119,604
"p346","ssp126","CMCC-ESM2","2075",0.52,0.39,0.25,101,0.3,51,57,80.81,0,0,0,0.05,17.9691893628913,605
"p346","ssp126","CMCC-ESM2","2075",0.18,0.63,0,114,0.2,48,54,76.47,0.1,0,0.3,0.25,18.0378788651824,606
"p346","ssp126","CMCC-ESM2","2075",0.42,0.53,0,100,0,47,65,78.53,0,0,0.2,0,18.5244844914192,607
"p346","ssp126","CMCC-ESM2","2075",0.37,0.35,0,97,0.1,45,51,77.9,0.1,0,0.1,0.5,18.5341408348122,608
"p346","ssp126","CMCC-ESM2","2075",0.39,0.24,0,112,0.2,47,62,83.28,0,0,0,0.2,19.0828514188153,609
"p346","ssp126","CMCC-ESM2","2075",0.13,0,0,98,0.1,46,70,81.44,0.2,0,0,0,17.5939179850164,610
"p346","ssp126","CMCC-ESM2","2075",0.34,0.25,0,101,0.2,53,59,74.98,0.1,0,0,0.25,18.6635031147057,611
"p346","ssp126","CMCC-ESM2","2075",0.3,0.47,0,111,0.2,59,65,88.82,0,0,0.1,0.1,17.874255753458,612
"p346","ssp126","CMCC-ESM2","2075",0.42,0.1,0.5,100,0,53,59,68.06,0,0,0.2,0,17.7069395765426,613
"p346","ssp126","CMCC-ESM2","2075",0.41,0.62,0,85,0.1,50,56,75.06,0,0,0.1,0.4,17.4177834953287,614
"p346","ssp126","CMCC-ESM2","2075",0.35,0.63,0,93,0.1,51,59,76.91,0,0,0,0.05,18.0558663856918,615
"p346","ssp126","CMCC-ESM2","2075",0.36,0.6,0,113,0.1,46,52,69.4,0,0,0,0.25,18.5256154607056,616
"p346","ssp126","CMCC-ESM2","2075",0.16,0.55,0.2,101,0.4,46,52,73.25,0.1,0,0.1,0.05,17.6313374844186,617
"p346","ssp126","CMCC-ESM2","2075",0.33,0.58,0,117,0.1,56,62,83.21,0,0,0.1,0,18.6274139489196,618
"p346","ssp126","CMCC-ESM2","2075",0.67,0.47,0,110,0.3,52,58,80.97,0,0,0,0,18.563213385562,619
"p346","ssp126","CMCC-ESM2","2075",0.68,0.35,0,91,0.2,50,74,79.8,0,0,0.2,0,19.4807302495965,620
"p346","ssp126","CMCC-ESM2","2075",0.6,0.85,0,113,0.1,59,65,73.74,0,0,0,0.2,19.1703982276943,621
"p346","ssp126","CMCC-ESM2","2075",0.39,0.46,0,102,0.5,70,76,95.13,0,0,0.1,0.3,18.5149542378234,622
"p346","ssp126","CMCC-ESM2","2075",0.38,0.53,0,103,0.15,44,50,72.6,0.1,0,0.1,0.05,17.9449385982032,623
"p346","ssp126","CMCC-ESM2","2075",0.3,0.49,0,107,0.2,45,51,77.05,0,0,0.1,0,19.044338213393,624
"p346","ssp126","CMCC-ESM2","2075",0.44,0.53,0,107,0.1,52,58,68.72,0,0,0.5,0.3,18.3030685338084,625
"p346","ssp126","CMCC-ESM2","2075",0.24,0.33,0,119,0,51,57,82.48,0,0,0,0.1,19.5166789055857,626
"p346","ssp126","CMCC-ESM2","2075",0.37,0.33,0,92,0.1,65,71,92.01,0,0,0.4,0.05,19.2356966048363,627
"p346","ssp126","CMCC-ESM2","2075",0.4,0.62,0,98,0.3,52,58,80.49,0,0,0,0.15,18.443815254726,628
"p346","ssp126","CMCC-ESM2","2075",0.54,0.65,0,86,0,47,53,75.91,0,0,0,0.05,18.9453041738331,629
"p346","ssp126","CMCC-ESM2","2075",0.37,0.45,0,108,0,45,51,74.98,0,0,0.2,0.45,18.1452746222568,630
"p346","ssp126","CMCC-ESM2","2075",0.41,0.48,0,98,0.25,47,53,79.61,0.1,0,0.1,0,17.2635760177328,631
"p346","ssp126","CMCC-ESM2","2075",0.27,0.24,0,103,0.35,57,63,82.72,0,0,0,0,19.2600542336382,632
"p346","ssp126","CMCC-ESM2","2075",0.52,0.49,0,109,0.2,67,73,87.26,0,0,0.1,0,18.5348395022763,633
"p346","ssp126","CMCC-ESM2","2075",0.41,0.4,0,98,0,52,58,76.4,0,0,0,0.3,18.8366935945331,634
"p346","ssp126","CMCC-ESM2","2075",0.31,0.27,0,105,0.15,52,58,79.39,0,0,0.2,0,17.2736039800421,635
"p346","ssp126","CMCC-ESM2","2075",0.48,0.88,0,105,0.1,62,68,85.31,0,0,0,0.05,18.621020041628,636
"p346","ssp126","CMCC-ESM2","2075",0.46,0.81,0,104,0.1,74,80,96.81,0,0,0,0.15,17.7904192976533,637
"p346","ssp126","CMCC-ESM2","2075",0.32,0.6,0,102,0,44,50,76.47,0,0,0,0,18.4829136516452,638
"p346","ssp126","CMCC-ESM2","2075",0.35,0.1,0,102,0.1,51,58,77.93,0.1,0,0.1,0.45,17.4255275195262,639
"p346","ssp126","CMCC-ESM2","2075",0.42,0.53,0,91,0.1,47,53,79.91,0,0,0.1,0.05,17.9838500169152,640
"p346","ssp126","CMCC-ESM2","2075",0.51,0.75,0,116,0.1,51,57,78.91,0,0,0,0.1,18.5274895896519,641
"p346","ssp126","CMCC-ESM2","2075",0.38,0.37,0,104,0.1,55,61,83.6,0,0,0.1,0.05,19.3565678491033,642
"p346","ssp126","CMCC-ESM2","2075",0.31,0.4,0,101,0.2,57,78,89.04,0,0,0,0.15,18.1517048479877,643
"p346","ssp126","CMCC-ESM2","2075",0.29,0.52,0,109,0.1,58,64,81.08,0,0,0,0.05,18.5437785287208,644
"p346","ssp126","CMCC-ESM2","2075",0.3,0.74,0.2,110,0.15,60,76,83.25,0,0,0.2,0.05,18.3730165346958,645
"p346","ssp126","CMCC-ESM2","2075",0.39,0.69,0,117,0.1,54,60,79.32,0,0,0.1,0.15,19.1050060262214,646
"p346","ssp126","CMCC-ESM2","2075",0.31,0.56,0,101,0.1,62,82,91.44,0,0,0.1,0.1,18.3952093719163,647
"p346","ssp126","CMCC-ESM2","2075",0.33,0.6,0,88,0.1,52,58,80.52,0,0,0.2,0.15,18.3064359105905,648
"p346","ssp126","CMCC-ESM2","2075",0.5,0.47,0,100,0,61,67,88.48,0,0,0.3,0,18.9958249473509,649
"p346","ssp126","CMCC-ESM2","2075",0.23,0.18,0.3,95,0.1,48,54,67.14,0.1,0,0,0,16.6790342741253,650
"p346","ssp126","CMCC-ESM2","2075",0.22,0.34,0,95,0.1,50,56,74.54,0,0,0.2,0.25,18.340685327724,651
"p346","ssp126","CMCC-ESM2","2075",0.37,0.34,0.25,114,0.1,48,54,78.18,0,0,0.2,0,18.4761451410724,652
"p346","ssp126","CMCC-ESM2","2075",0.32,0.28,0.2,105,0.4,56,62,83.77,0,0,0,0.1,18.4510415878808,653
"p346","ssp126","CMCC-ESM2","2075",0.35,0.34,0,112,0,54,60,80.78,0,0,0.3,0.2,18.5713461359477,654
"p346","ssp126","CMCC-ESM2","2075",0.44,0.23,0,97,0.1,55,61,76.52,0,0,0.3,0.15,18.7003120174251,655
"p346","ssp126","CMCC-ESM2","2075",0.27,0.32,0,110,0.6,73,79,92.64,0,0,0.2,0,19.2428583556166,656
"p346","ssp126","CMCC-ESM2","2075",0.16,0.33,0,116,0.1,52,58,84.87,0.2,0,0,0.05,18.453396105171,657
"p346","ssp126","CMCC-ESM2","2075",0.14,0.14,0.2,94,0.2,68,74,91.03,0,0,0,0.05,19.4006891806023,658
"p346","ssp126","CMCC-ESM2","2075",0.4,0.52,0,119,0,57,63,81.55,0,0,0,0,18.7004770141484,659
"p346","ssp126","CMCC-ESM2","2075",0.19,0.48,0.2,104,0,64,70,86.25,0,0,0,0.05,18.6475108631567,660
"p346","ssp126","CMCC-ESM2","2075",0.26,0.37,0.2,94,0.1,57,65,83.4,0,0,0.3,0.05,18.0153016743108,661
"p346","ssp126","CMCC-ESM2","2075",0.26,0.31,0,85,0,45,51,75.15,0.1,0,0,0,17.7692401752557,662
"p346","ssp126","CMCC-ESM2","2075",0.26,0.38,0,105,0.1,59,65,87.62,0,0,0.4,0.35,19.2192697623073,663
"p346","ssp126","CMCC-ESM2","2075",0.29,0.57,0,102,0,45,51,77.86,0,0,0.4,0,18.4756779123985,664
"p346","ssp126","CMCC-ESM2","2075",0.22,0.32,0,85,0,50,56,84.02,0,0,0.2,0,18.4131823411553,665
"p346","ssp126","CMCC-ESM2","2075",0.15,0.58,0,102,0.1,73,79,93.28,0,0,0,0.05,19.3845959942859,666
"p346","ssp126","CMCC-ESM2","2075",0.3,0.25,0.2,101,0.2,48,62,78.28,0,0,0.1,0,18.9898792621986,667
"p346","ssp126","CMCC-ESM2","2075",0.35,0.25,0,105,0.1,57,70,84.72,0.1,0,0,0,18.7688558776709,668
"p346","ssp126","CMCC-ESM2","2075",0.31,0.6,0,103,0.1,68,74,91.74,0,0,0.1,0.15,18.8852497806295,669
"p346","ssp126","CMCC-ESM2","2075",0.35,0.76,0,107,0.1,45,54,73.74,0,0,0.1,0.05,17.837681216881,670
"p346","ssp126","CMCC-ESM2","2075",0.15,0.33,0.2,103,0.2,49,55,77.17,0,0,0.2,0.05,18.22397416614,671
"p346","ssp126","CMCC-ESM2","2075",0.25,0.46,0,104,0.1,58,64,82.57,0,0,0,0,18.6731858509625,672
"p346","ssp126","CMCC-ESM2","2075",0.19,0.43,0,104,0,76,82,86.66,0,0,0.1,0.2,19.4965939030803,673
"p346","ssp126","CMCC-ESM2","2075",0.46,0.46,0,106,0.1,44,50,67.02,0.1,0,0.1,0,17.5042962545346,674
"p346","ssp126","CMCC-ESM2","2075",0.32,0.23,0,79,0.2,50,56,83.54,0,0,0.2,0.1,18.3850261841059,675
"p346","ssp126","CMCC-ESM2","2075",0.17,0.44,0,89,0.15,51,57,80.32,0.1,0,0,0.15,17.8267446848186,676
"p346","ssp126","CMCC-ESM2","2075",0.41,0.27,0,102,0.2,58,64,87.56,0,0,0.2,0.5,18.5283820073846,677
"p346","ssp126","CMCC-ESM2","2075",0.23,0.34,0,107,0.1,63,69,91.65,0,0,0.1,0,18.9517625033935,678
"p346","ssp126","CMCC-ESM2","2075",0.15,0.38,0,98,0.2,47,53,82.2,0,0,0.3,0,19.190966642844,679
"p346","ssp126","CMCC-ESM2","2075",0.23,0.44,0,103,0.1,67,80,92.25,0,0,0.3,0.15,18.7880686339326,680
"p346","ssp126","CMCC-ESM2","2075",0.35,0.24,0,115,0,47,73,76.83,0,0,0.1,0,17.8696325118859,681
"p346","ssp126","CMCC-ESM2","2075",0.51,0.56,0,104,0,45,64,72.51,0,0,0.2,0,19.1531577080245,682
"p346","ssp126","CMCC-ESM2","2075",0.26,0.25,0,106,0.1,46,65,77.15,0,0,0.4,0,17.6125281587843,683
"p346","ssp126","CMCC-ESM2","2075",0.11,0.23,0,102,0.2,76,89,94.39,0,0,0,0.1,19.1640654253357,684
"p346","ssp126","CMCC-ESM2","2075",0.34,0.55,0,104,0.4,75,81,99.12,0,0,0,0.2,18.8542230889811,685
"p346","ssp126","CMCC-ESM2","2075",0.24,0.31,0.2,101,0.4,48,82,77.48,0,0,0.2,0.05,19.6837157442924,686
"p346","ssp126","CMCC-ESM2","2075",0.42,0.5,0,98,0.1,69,75,91.37,0,0,0.1,0,18.3248926078705,687
"p346","ssp126","CMCC-ESM2","2075",0.42,0.46,0,115,0,50,56,80.52,0,0,0.1,0.1,18.2968519373656,688
"p346","ssp126","CMCC-ESM2","2075",0.34,0.25,0,100,0.2,62,68,89.26,0,0,0,0,17.719618182033,689
"p346","ssp126","CMCC-ESM2","2075",0.11,0.72,0,104,0.2,48,72,78.15,0,0,0.2,0,18.7247976803603,690
"p346","ssp126","CMCC-ESM2","2075",0.26,0.57,0,100,0.3,72,78,99.29,0,0,0.1,0,18.4602264867281,691
"p346","ssp126","CMCC-ESM2","2075",0.23,0.24,0,110,0,60,66,81.76,0,0,0.6,0,18.689833991306,692
"p346","ssp126","CMCC-ESM2","2075",0.21,0.55,0,107,0,58,71,78.98,0.1,0,0,0.25,17.406294694684,693
"p346","ssp126","CMCC-ESM2","2075",0.24,0.54,0,109,0.1,57,63,89.27,0,0,0.1,0,18.800546682167,694
"p346","ssp126","CMCC-ESM2","2075",0.2,0.44,0,111,0.2,49,55,74.72,0,0,0.1,0.05,16.916300532305,695
"p346","ssp126","CMCC-ESM2","2075",0.13,0.4,0.3,100,0.2,44,50,61.8,0,0,0.1,0,17.5363433587336,696
"p346","ssp126","CMCC-ESM2","2075",0.48,0.48,0,94,0.1,54,60,76.53,0,0,0.2,0,18.065934501891,697
"p346","ssp126","CMCC-ESM2","2075",0.37,0.44,0,95,0.1,57,63,85.67,0,0,0,0.2,18.8125822525813,698
"p346","ssp126","CMCC-ESM2","2075",0.23,0.62,0,94,0.1,68,74,94.67,0,0,0.1,0.1,19.5453566410888,699
"p346","ssp126","CMCC-ESM2","2075",0.29,0.43,0,100,0,57,63,87.24,0,0,0.1,0,18.3484841906046,700
"p346","ssp126","CNRM-CM6-1-HR","2075",0.37,0.21,0,79,0.25,44,50,72.61,0,0,0,0.1,18.1057696606296,701
"p346","ssp126","CNRM-CM6-1-HR","2075",0.21,0.23,0,85,0.3,44,50,69.48,0,0,0,0,18.1241624945378,702
"p346","ssp126","CNRM-CM6-1-HR","2075",0.25,0.25,0,86,0,46,52,79.19,0,0,0.1,0.05,17.4082999408959,703
"p346","ssp126","CNRM-CM6-1-HR","2075",0.23,0.1,0,79,0.2,49,55,80.62,0,0,0.1,0,17.765421295525,704
"p346","ssp126","CNRM-CM6-1-HR","2075",0.26,0.16,0,89,0.1,49,55,82,0,0,0,0,17.6735353462808,705
"p346","ssp126","CNRM-CM6-1-HR","2075",0.26,0.21,0,100,0.2,46,52,75.65,0.1,0,0.1,0,18.1070743887704,706
"p346","ssp126","CNRM-CM6-1-HR","2075",0.33,0.1,0,89,0,44,50,71.92,0,0,0.4,0,17.3235166071998,707
"p346","ssp126","CNRM-CM6-1-HR","2075",0.41,0.38,0,79,0,45,51,74.35,0,0,0,0.15,18.6017250846384,708
"p346","ssp126","CNRM-CM6-1-HR","2075",0.41,0.3,0.25,99,0,46,52,81.97,0,0,0.2,0,18.5516790454441,709
"p346","ssp126","CNRM-CM6-1-HR","2075",0.48,0.28,0.2,87,0.15,45,51,79.42,0.1,0,0,0,16.4926478000013,710
"p346","ssp126","CNRM-CM6-1-HR","2075",0.52,0.24,0,77,0,44,50,67.19,0,0,0.1,0.05,18.0512442962868,711
"p346","ssp126","CNRM-CM6-1-HR","2075",0.12,0.1,0.4,85,0.4,57,63,88.62,0,0,0.1,0,17.3341670521674,712
"p346","ssp126","CNRM-CM6-1-HR","2075",0.28,0.33,0,84,0,51,57,73.96,0,0,0.1,0,17.26263870607,713
"p346","ssp126","CNRM-CM6-1-HR","2075",0.3,0.31,0.35,73,0.3,44,50,74,0.1,0,0.2,0.15,17.050561922958,714
"p346","ssp126","CNRM-CM6-1-HR","2075",0.32,0.24,0.25,85,0.2,49,55,80.63,0,0,0.1,0,17.6793848008675,715
"p346","ssp126","CNRM-CM6-1-HR","2075",0.68,0.26,0,113,0.1,45,51,71.54,0,0,0,0.1,18.3807128088662,716
"p346","ssp126","CNRM-CM6-1-HR","2075",0.36,0.2,0.2,89,0.1,45,51,75.68,0,0,0.2,0,17.2761110555344,717
"p346","ssp126","CNRM-CM6-1-HR","2075",0.26,0.44,0,107,0.2,47,53,79.35,0,0,0.3,0,18.2350716117486,718
"p346","ssp126","CNRM-CM6-1-HR","2075",0.44,0.46,0,94,0.1,46,52,74.35,0,0,0.2,0,18.0379996721186,719
"p346","ssp126","CNRM-CM6-1-HR","2075",0.29,0.42,0,71,0.2,48,54,78.42,0,0,0.1,0,18.2158060457509,720
"p346","ssp126","CNRM-CM6-1-HR","2075",0.33,0.37,0.2,90,0.25,58,64,78.23,0,0,0,0,18.3298871478885,721
"p346","ssp126","CNRM-CM6-1-HR","2075",0.26,0.15,0,95,0.2,58,70,89.86,0,0,0.2,0,18.0774958163852,722
"p346","ssp126","CNRM-CM6-1-HR","2075",0.28,0.46,0,98,0.15,44,50,73.31,0.2,0,0,0,17.8280979539101,723
"p346","ssp126","CNRM-CM6-1-HR","2075",0.28,0.27,0,102,0.1,44,50,76.4,0,0,0.2,0,18.743025332117,724
"p346","ssp126","CNRM-CM6-1-HR","2075",0.52,0.49,0,97,0,48,54,69.43,0,0,0,0.1,18.267305553155,725
"p346","ssp126","CNRM-CM6-1-HR","2075",0.38,0.32,0,107,0.35,47,53,82.36,0,0,0.1,0,18.8237765844912,726
"p346","ssp126","CNRM-CM6-1-HR","2075",0.27,0.27,0,68,0.35,63,69,93.9,0,0,0.1,0.1,18.7150706936101,727
"p346","ssp126","CNRM-CM6-1-HR","2075",0.41,0.28,0,88,0.1,46,52,77.84,0,0,0.1,0.1,18.1606114258926,728
"p346","ssp126","CNRM-CM6-1-HR","2075",0.48,0.23,0,71,0.1,44,50,73.09,0,0,0.3,0,18.5604885812669,729
"p346","ssp126","CNRM-CM6-1-HR","2075",0.13,0.11,0,97,0,44,50,74.22,0,0,0.1,0.2,18.0083317303881,730
"p346","ssp126","CNRM-CM6-1-HR","2075",0.3,0.26,0,84,0.3,46,52,79.74,0,0,0.1,0,17.039299783119,731
"p346","ssp126","CNRM-CM6-1-HR","2075",0.54,0.32,0,85,0.1,54,60,83.62,0,0,0.2,0,18.9137792521457,732
"p346","ssp126","CNRM-CM6-1-HR","2075",0.4,0.52,0,95,0,54,67,81.26,0,0,0.1,0,17.9427454379385,733
"p346","ssp126","CNRM-CM6-1-HR","2075",0.45,0.3,0,82,0.1,51,57,77.44,0,0,0,0.05,18.6775338927864,734
"p346","ssp126","CNRM-CM6-1-HR","2075",0.63,0.27,0.3,98,0.25,47,53,77.96,0,0,0.1,0,17.1179850153513,735
"p346","ssp126","CNRM-CM6-1-HR","2075",0.23,0.38,0,88,0.4,60,66,88.11,0,0,0,0,18.1057808281104,736
"p346","ssp126","CNRM-CM6-1-HR","2075",0.33,0.44,0,87,0.5,74,80,97.41,0,0,0,0.05,17.3573975706116,737
"p346","ssp126","CNRM-CM6-1-HR","2075",0.42,0.51,0,93,0.1,43,49,72.61,0,0,0.1,0,18.1759732923422,738
"p346","ssp126","CNRM-CM6-1-HR","2075",0.21,0.13,0,92,0.1,46,52,78.57,0.1,0,0.1,0.1,17.2516042823183,739
"p346","ssp126","CNRM-CM6-1-HR","2075",0.42,0.36,0,82,0.2,45,51,75.81,0,0,0,0,17.7852240667257,740
"p346","ssp126","CNRM-CM6-1-HR","2075",0.33,0.29,0,102,0.1,44,50,74.86,0,0,0.1,0,18.0328355308144,741
"p346","ssp126","CNRM-CM6-1-HR","2075",0.41,0.27,0,102,0.1,52,58,82.18,0,0,0.1,0.05,19.1848022818013,742
"p346","ssp126","CNRM-CM6-1-HR","2075",0.3,0.58,0.2,89,0.4,51,57,87.41,0,0,0.2,0.05,16.9422142666708,743
"p346","ssp126","CNRM-CM6-1-HR","2075",0.36,0.1,0,101,0,56,62,83.21,0.1,0,0.1,0.05,17.8022495198558,744
"p346","ssp126","CNRM-CM6-1-HR","2075",0.43,0.31,0,113,0.1,52,58,80.96,0,0,0.1,0,17.5569850196659,745
"p346","ssp126","CNRM-CM6-1-HR","2075",0.35,0.64,0,103,0,47,53,76.1,0,0,0.3,0,18.4911976434039,746
"p346","ssp126","CNRM-CM6-1-HR","2075",0.29,0.28,0,88,0.4,57,63,89.72,0,0,0,0.05,17.6294889436327,747
"p346","ssp126","CNRM-CM6-1-HR","2075",0.42,0.36,0,80,0,50,56,80.84,0,0,0.2,0,17.9661942324269,748
"p346","ssp126","CNRM-CM6-1-HR","2075",0.31,0.12,0,78,0,53,61,84.72,0,0,0.2,0,18.4297024822775,749
"p346","ssp126","CNRM-CM6-1-HR","2075",0.33,0.1,0,85,0,45,51,72.17,0,0,0.1,0,16.4594595196716,750
"p346","ssp126","CNRM-CM6-1-HR","2075",0.4,0.49,0,87,0.2,45,51,67.46,0,0,0.1,0,17.939437523838,751
"p346","ssp126","CNRM-CM6-1-HR","2075",0.24,0,0,78,0.6,46,52,76.61,0,0,0.2,0,18.0308464029483,752
"p346","ssp126","CNRM-CM6-1-HR","2075",0.41,0,0.3,100,0.3,49,55,79.16,0,0,0,0,17.824129119703,753
"p346","ssp126","CNRM-CM6-1-HR","2075",0.41,0.37,0,87,0.2,45,51,77.75,0,0,0.1,0.1,18.3946672824422,754
"p346","ssp126","CNRM-CM6-1-HR","2075",0.39,0.1,0.25,73,0,45,55,72.15,0,0,0.2,0,18.1465599978287,755
"p346","ssp126","CNRM-CM6-1-HR","2075",0.44,0.27,0,98,0.2,44,50,73.59,0,0,0,0,17.0526682124552,756
"p346","ssp126","CNRM-CM6-1-HR","2075",0.34,0.11,0,102,0,45,51,78.3,0.1,0,0,0,18.1429386597258,757
"p346","ssp126","CNRM-CM6-1-HR","2075",0.44,0.1,0,76,0.1,45,51,73.87,0,0,0,0,17.720120744952,758
"p346","ssp126","CNRM-CM6-1-HR","2075",0.29,0.11,0,98,0.2,50,56,81.48,0,0,0.1,0,18.1923276910501,759
"p346","ssp126","CNRM-CM6-1-HR","2075",0.25,0.24,0.4,86,0.1,49,67,80.04,0,0,0.1,0,18.0007165689412,760
"p346","ssp126","CNRM-CM6-1-HR","2075",0.27,0.25,0,77,0.25,56,62,83.02,0,0,0,0,17.0846853668196,761
"p346","ssp126","CNRM-CM6-1-HR","2075",0.3,0.25,0,66,0.2,44,50,74.18,0.1,0,0.3,0,17.5160282663565,762
"p346","ssp126","CNRM-CM6-1-HR","2075",0.21,0.1,0,80,0,58,64,85.08,0,0,0,0.1,18.7734515379867,763
"p346","ssp126","CNRM-CM6-1-HR","2075",0.37,0.35,0,89,0.2,44,50,76.11,0,0,0,0,18.3806790213743,764
"p346","ssp126","CNRM-CM6-1-HR","2075",0.25,0.1,0,65,0,46,52,82.05,0,0,0,0,18.2685767356591,765
"p346","ssp126","CNRM-CM6-1-HR","2075",0.32,0.52,0,91,0.1,73,79,100.26,0,0,0,0,19.1849175659022,766
"p346","ssp126","CNRM-CM6-1-HR","2075",0.31,0.25,0.2,77,0.1,45,51,75.81,0,0,0.2,0,18.4549593142944,767
"p346","ssp126","CNRM-CM6-1-HR","2075",0.38,0.28,0,96,0,53,59,84.16,0.1,0,0,0,17.8936682463937,768
"p346","ssp126","CNRM-CM6-1-HR","2075",0.24,0.34,0.2,89,0.2,66,72,95.09,0,0,0,0.05,18.3682242919003,769
"p346","ssp126","CNRM-CM6-1-HR","2075",0.59,0.48,0,108,0,43,49,69.81,0,0,0,0.05,17.6603764423507,770
"p346","ssp126","CNRM-CM6-1-HR","2075",0.26,0.35,0,88,0,48,54,76.86,0,0,0.3,0,17.6397868369688,771
"p346","ssp126","CNRM-CM6-1-HR","2075",0,0,0,87,0,52,58,81.68,0,0,0,0,18.1215244726538,772
"p346","ssp126","CNRM-CM6-1-HR","2075",0.36,0.39,0,96,0,51,57,75.63,0,0,0.2,0,17.8135855045682,773
"p346","ssp126","CNRM-CM6-1-HR","2075",0.33,0,0,93,0.3,44,50,68.88,0,0,0.2,0,16.8739910002403,774
"p346","ssp126","CNRM-CM6-1-HR","2075",0.64,0.35,0,78,0.1,48,54,81.67,0,0,0,0,18.3001166232144,775
"p346","ssp126","CNRM-CM6-1-HR","2075",0.19,0.1,0,79,0.3,49,55,79.13,0,0,0.1,0,17.6234749877717,776
"p346","ssp126","CNRM-CM6-1-HR","2075",0.33,0.38,0,92,0.25,54,60,85.17,0,0,0.2,0.1,18.1548263757871,777
"p346","ssp126","CNRM-CM6-1-HR","2075",0.38,0.3,0,97,0.1,51,57,82.23,0,0,0.1,0,18.1948470801459,778
"p346","ssp126","CNRM-CM6-1-HR","2075",0.27,0.1,0,89,0,45,51,79.99,0,0,0.2,0.15,18.7644400632736,779
"p346","ssp126","CNRM-CM6-1-HR","2075",0.35,0.13,0,89,0.15,65,71,94.84,0,0,0,0,17.9240819726139,780
"p346","ssp126","CNRM-CM6-1-HR","2075",0.55,0,0,100,0.2,45,51,80.25,0,0,0,0,16.6624667574262,781
"p346","ssp126","CNRM-CM6-1-HR","2075",0.59,0.33,0,90,0.2,44,55,72.44,0,0,0.1,0,18.3373562148541,782
"p346","ssp126","CNRM-CM6-1-HR","2075",0.35,0.23,0,83,0.1,44,50,71.38,0,0,0.3,0,16.8971252080201,783
"p346","ssp126","CNRM-CM6-1-HR","2075",0.5,0.43,0,83,0.15,45,75,75.78,0,0,0,0,17.860637512056,784
"p346","ssp126","CNRM-CM6-1-HR","2075",0.33,0.34,0,81,0.3,50,77,83.25,0,0,0,0.1,18.2549036975539,785
"p346","ssp126","CNRM-CM6-1-HR","2075",0.26,0.49,0,82,0.1,45,51,77.88,0,0,0,0,18.3181315375194,786
"p346","ssp126","CNRM-CM6-1-HR","2075",0.52,0.31,0,86,0.1,49,57,80.25,0,0,0,0,17.3333214224467,787
"p346","ssp126","CNRM-CM6-1-HR","2075",0.4,0.15,0,88,0.1,47,53,81.78,0,0,0,0,18.1953185647442,788
"p346","ssp126","CNRM-CM6-1-HR","2075",0.32,0.11,0,78,0.3,61,67,89.44,0,0,0.1,0,16.8826924867157,789
"p346","ssp126","CNRM-CM6-1-HR","2075",0.23,0.57,0,109,0.2,47,60,79.62,0,0,0.1,0,17.8916731159915,790
"p346","ssp126","CNRM-CM6-1-HR","2075",0.36,0.24,0,81,0.2,46,56,79.98,0,0,0.2,0,17.5551939721227,791
"p346","ssp126","CNRM-CM6-1-HR","2075",0.37,0.12,0,104,0,44,55,72.22,0,0,0.1,0,18.3027055003743,792
"p346","ssp126","CNRM-CM6-1-HR","2075",0.29,0.33,0,92,0.2,56,62,78.59,0.1,0,0.2,0.25,16.2357002269526,793
"p346","ssp126","CNRM-CM6-1-HR","2075",0.31,0.32,0,97,0.1,45,51,81.08,0,0,0.2,0,18.6443773371449,794
"p346","ssp126","CNRM-CM6-1-HR","2075",0.44,0.33,0.2,110,0,47,53,78.09,0,0,0.1,0,16.7209620911221,795
"p346","ssp126","CNRM-CM6-1-HR","2075",0.27,0.1,0.2,84,0.1,43,49,59.23,0,0,0.1,0,17.3696368185524,796
"p346","ssp126","CNRM-CM6-1-HR","2075",0.55,0.27,0,89,0,50,56,78.26,0,0,0,0,17.522775492493,797
"p346","ssp126","CNRM-CM6-1-HR","2075",0.35,0.56,0,89,0.1,45,53,78.45,0,0,0.1,0,18.0800189598725,798
"p346","ssp126","CNRM-CM6-1-HR","2075",0.43,0.15,0,85,0.1,49,55,84.08,0,0,0,0,17.9963216177936,799
"p346","ssp126","CNRM-CM6-1-HR","2075",0.21,0.4,0,81,0.1,55,61,86.99,0,0,0.5,0,18.0007745170637,800
"p346","ssp126","CNRM-ESM2-1","2075",0.41,0.22,0,83,0,45,51,76.11,0,0,0,0.2,17.3539306432356,801
"p346","ssp126","CNRM-ESM2-1","2075",0.28,0.21,0.25,88,0.1,46,52,71.38,0.1,0,0.1,0.05,17.3150150418779,802
"p346","ssp126","CNRM-ESM2-1","2075",0.46,0.24,0,90,0.1,89,96,111.06,0.1,0,0,0,18.2310279608515,803
"p346","ssp126","CNRM-ESM2-1","2075",0.23,0.12,0,84,0.1,60,91,86.11,0,0,0,0,19.1655120953324,804
"p346","ssp126","CNRM-ESM2-1","2075",0.52,0.28,0.25,87,0.2,52,58,81.71,0,0,0,0,16.9870856673601,805
"p346","ssp126","CNRM-ESM2-1","2075",0.18,0.46,0,104,0.2,50,80,80.79,0,0,0.3,0.15,18.5729785561439,806
"p346","ssp126","CNRM-ESM2-1","2075",0.42,0.12,0,81,0,47,75,75.94,0,0,0.2,0,18.1205252802056,807
"p346","ssp126","CNRM-ESM2-1","2075",0.37,0.44,0,80,0.1,45,51,76.54,0.1,0,0.1,0.2,17.8240754553236,808
"p346","ssp126","CNRM-ESM2-1","2075",0.39,0.37,0,93,0.1,47,68,81.76,0,0,0,0,18.5960299805823,809
"p346","ssp126","CNRM-ESM2-1","2075",0.19,0,0.25,87,0.1,46,100,81.26,0,0,0,0,18.7648367550535,810
"p346","ssp126","CNRM-ESM2-1","2075",0.34,0.36,0,73,0,78,84,93.78,0,0,0,0.15,18.7635622797359,811
"p346","ssp126","CNRM-ESM2-1","2075",0.29,0.21,0,101,0.1,60,66,89.75,0.1,0,0.1,0,16.8520934741314,812
"p346","ssp126","CNRM-ESM2-1","2075",0.42,0.14,0.25,88,0,54,61,75.74,0,0,0.2,0,16.8281287188407,813
"p346","ssp126","CNRM-ESM2-1","2075",0.41,0.5,0,77,0.1,51,58,82.04,0.1,0,0,0.2,16.2586571064977,814
"p346","ssp126","CNRM-ESM2-1","2075",0.35,0.35,0,85,0.1,62,72,89.23,0,0,0,0,17.3306939331726,815
"p346","ssp126","CNRM-ESM2-1","2075",0.36,0.47,0,105,0.1,46,52,74.92,0.1,0,0,0.1,17.3835808760766,816
"p346","ssp126","CNRM-ESM2-1","2075",0.16,0.38,0,92,0.2,50,69,78.21,0,0,0.1,0.05,17.5272308753566,817
"p346","ssp126","CNRM-ESM2-1","2075",0.33,0.72,0,103,0.1,57,63,84.96,0,0,0,0,17.6011191131386,818
"p346","ssp126","CNRM-ESM2-1","2075",0.67,0.39,0,95,0.1,54,60,83.29,0.1,0,0,0,17.4620753446037,819
"p346","ssp126","CNRM-ESM2-1","2075",0.65,0.29,0,72,0.1,50,82,78.15,0,0,0.2,0,19.2867109117699,820
"p346","ssp126","CNRM-ESM2-1","2075",0.6,0.51,0,100,0.1,60,66,83.51,0,0,0,0.1,18.1228955794797,821
"p346","ssp126","CNRM-ESM2-1","2075",0.31,0.33,0,92,0.2,71,82,96.91,0,0,0.1,0.05,17.8293380214902,822
"p346","ssp126","CNRM-ESM2-1","2075",0.38,0.36,0,89,0.1,44,50,77.78,0.1,0,0.1,0.05,17.0277095499586,823
"p346","ssp126","CNRM-ESM2-1","2075",0.3,0.36,0,98,0.1,45,51,76.46,0,0,0.1,0,17.9333094659065,824
"p346","ssp126","CNRM-ESM2-1","2075",0.44,0.55,0,93,0.1,53,62,67.46,0,0,0.5,0.1,17.8952652350983,825
"p346","ssp126","CNRM-ESM2-1","2075",0.17,0.2,0,104,0.1,51,57,83.39,0,0,0,0,18.6492636739284,826
"p346","ssp126","CNRM-ESM2-1","2075",0.31,0.21,0,69,0,66,72,89.13,0,0,0.3,0,18.4786612504868,827
"p346","ssp126","CNRM-ESM2-1","2075",0.4,0.47,0,87,0.3,53,67,85.08,0,0,0,0.05,17.8903892747657,828
"p346","ssp126","CNRM-ESM2-1","2075",0.48,0.62,0,72,0,47,53,74.78,0.1,0,0,0.05,17.8798659465961,829
"p346","ssp126","CNRM-ESM2-1","2075",0.29,0.23,0,93,0,45,51,74.93,0,0,0.2,0.3,17.2032650278136,830
"p346","ssp126","CNRM-ESM2-1","2075",0.41,0.45,0,86,0.25,47,55,80.36,0.1,0,0,0,16.164068979655,831
"p346","ssp126","CNRM-ESM2-1","2075",0.27,0.33,0,87,0.25,58,64,80.3,0,0,0,0,18.1001335610789,832
"p346","ssp126","CNRM-ESM2-1","2075",0.52,0.2,0,92,0.1,79,85,99.86,0,0,0.1,0,17.8535166364735,833
"p346","ssp126","CNRM-ESM2-1","2075",0.41,0.29,0,85,0,52,58,78.71,0,0,0,0.1,17.8518468999249,834
"p346","ssp126","CNRM-ESM2-1","2075",0.31,0.37,0,94,0.15,52,58,81.32,0.5,0,0.1,0,16.3968580840101,835
"p346","ssp126","CNRM-ESM2-1","2075",0.48,0.54,0,91,0.1,64,73,87.59,0,0,0,0,17.9158140406146,836
"p346","ssp126","CNRM-ESM2-1","2075",0.46,0.77,0,95,0.1,81,87,104.22,0,0,0,0,17.3975302692678,837
"p346","ssp126","CNRM-ESM2-1","2075",0.32,0.5,0,94,0,44,50,77.63,0,0,0,0,17.078992042522,838
"p346","ssp126","CNRM-ESM2-1","2075",0.34,0.1,0,86,0.1,51,60,84.24,0.1,0,0.1,0.1,16.3913622998817,839
"p346","ssp126","CNRM-ESM2-1","2075",0.43,0.49,0,76,0,48,54,80.6,0,0,0.1,0,16.7763791206854,840
"p346","ssp126","CNRM-ESM2-1","2075",0.45,0.44,0,110,0.1,51,66,84.01,0,0,0,0,17.8228155292082,841
"p346","ssp126","CNRM-ESM2-1","2075",0.38,0.12,0,98,0,56,62,81.64,0,0,0.1,0.05,18.7544148276695,842
"p346","ssp126","CNRM-ESM2-1","2075",0.31,0.5,0,92,0.2,92,98,114.21,0,0,0,0,18.6146349501771,843
"p346","ssp126","CNRM-ESM2-1","2075",0.29,0.28,0,101,0.1,73,79,91.53,0,0,0,0.05,18.1362394285019,844
"p346","ssp126","CNRM-ESM2-1","2075",0.3,0.6,0.2,104,0.15,76,88,98.5,0,0,0.2,0.05,18.100194779651,845
"p346","ssp126","CNRM-ESM2-1","2075",0.39,0.52,0,103,0,57,66,81.25,0,0,0.1,0.05,18.3583311216542,846
"p346","ssp126","CNRM-ESM2-1","2075",0.31,0.33,0,92,0.1,104,110,118.32,0,0,0,0,20.159022759582,847
"p346","ssp126","CNRM-ESM2-1","2075",0.32,0.38,0,80,0.1,53,60,82.28,0,0,0.2,0,17.4004920131759,848
"p346","ssp126","CNRM-ESM2-1","2075",0.5,0.22,0,87,0,62,68,87.77,0,0,0.3,0,18.1025601823889,849
"p346","ssp126","CNRM-ESM2-1","2075",0.33,0,0.3,74,0.1,49,95,75.62,0.1,0,0,0,18.0370980547474,850
"p346","ssp126","CNRM-ESM2-1","2075",0.15,0.32,0,86,0.1,53,59,83,0,0,0.2,0,17.5623664471033,851
"p346","ssp126","CNRM-ESM2-1","2075",0.37,0.24,0,89,0.1,48,54,79.48,0,0,0.2,0,17.4628516268066,852
"p346","ssp126","CNRM-ESM2-1","2075",0.32,0.15,0,98,0.4,57,63,86.17,0,0,0,0,17.3897412312954,853
"p346","ssp126","CNRM-ESM2-1","2075",0.32,0.34,0,91,0,55,61,84.03,0,0,0.3,0.1,17.5505344477088,854
"p346","ssp126","CNRM-ESM2-1","2075",0.38,0.1,0,80,0.1,61,67,85.95,0,0,0.3,0.05,17.5464257970609,855
"p346","ssp126","CNRM-ESM2-1","2075",0.28,0.11,0,95,0.3,81,87,96.85,0,0,0.1,0,18.4666744906952,856
"p346","ssp126","CNRM-ESM2-1","2075",0.16,0.11,0,100,0.2,55,64,88.68,0.2,0,0,0.05,17.5511435094639,857
"p346","ssp126","CNRM-ESM2-1","2075",0.14,0,0,80,0.2,80,86,99.13,0,0,0,0,18.7136479266122,858
"p346","ssp126","CNRM-ESM2-1","2075",0.4,0.34,0,105,0,62,68,90.31,0,0,0,0,17.9089174362614,859
"p346","ssp126","CNRM-ESM2-1","2075",0.2,0.3,0.2,87,0,79,85,101.84,0,0,0,0,18.6022369133009,860
"p346","ssp126","CNRM-ESM2-1","2075",0.26,0.35,0.2,79,0.1,58,96,81.71,0,0,0.2,0,18.6050325849409,861
"p346","ssp126","CNRM-ESM2-1","2075",0.26,0.1,0,70,0,46,52,71.86,0.1,0,0,0,16.8491518850883,862
"p346","ssp126","CNRM-ESM2-1","2075",0.26,0.21,0,91,0.1,60,66,85.5,0,0,0.3,0.05,18.4010691067811,863
"p346","ssp126","CNRM-ESM2-1","2075",0.29,0.43,0,88,0,45,51,74.56,0,0,0.3,0,17.4385156552995,864
"p346","ssp126","CNRM-ESM2-1","2075",0.22,0.24,0,68,0,50,67,85.02,0,0,0.2,0,17.8404572914,865
"p346","ssp126","CNRM-ESM2-1","2075",0.15,0.59,0,91,0.1,75,81,94.75,0,0,0,0,18.9443573885945,866
"p346","ssp126","CNRM-ESM2-1","2075",0.3,0.22,0,81,0.1,63,69,90.32,0,0,0.1,0,18.173382804612,867
"p346","ssp126","CNRM-ESM2-1","2075",0.36,0.25,0,90,0,78,84,100.47,0.2,0,0,0,18.0176241240253,868
"p346","ssp126","CNRM-ESM2-1","2075",0.31,0.37,0,95,0.1,69,75,94.8,0,0,0.1,0.05,18.1389670587272,869
"p346","ssp126","CNRM-ESM2-1","2075",0.34,0.62,0,106,0.1,45,54,74.53,0,0,0.1,0.05,16.7524334396587,870
"p346","ssp126","CNRM-ESM2-1","2075",0.15,0.23,0,89,0.2,49,55,76.22,0,0,0.2,0,17.148332414868,871
"p346","ssp126","CNRM-ESM2-1","2075",0.25,0.1,0,91,0.1,59,65,87.6,0,0,0,0,17.5287314156534,872
"p346","ssp126","CNRM-ESM2-1","2075",0.14,0.35,0,86,0,79,86,92.58,0,0,0.1,0.05,19.0904778720608,873
"p346","ssp126","CNRM-ESM2-1","2075",0.46,0.17,0,93,0,44,50,72.8,0.3,0,0.1,0,16.1983524907111,874
"p346","ssp126","CNRM-ESM2-1","2075",0.35,0.22,0,73,0.1,50,56,84.19,0,0,0.1,0,17.3425473047435,875
"p346","ssp126","CNRM-ESM2-1","2075",0.17,0.2,0,79,0.15,51,57,77.32,0.1,0,0,0.05,17.1431311312223,876
"p346","ssp126","CNRM-ESM2-1","2075",0.36,0.26,0,89,0.1,60,66,85.82,0,0,0.2,0.25,17.6723204531961,877
"p346","ssp126","CNRM-ESM2-1","2075",0.29,0.24,0,95,0.1,68,74,94.55,0,0,0.1,0,18.1020802612917,878
"p346","ssp126","CNRM-ESM2-1","2075",0.13,0.21,0,88,0.1,48,54,78.79,0,0,0.2,0,18.009904459747,879
"p346","ssp126","CNRM-ESM2-1","2075",0.23,0.12,0,89,0.2,87,93,109.4,0,0,0.1,0,18.9353274014281,880
"p346","ssp126","CNRM-ESM2-1","2075",0.35,0,0,94,0,72,78,98.88,0,0,0.1,0,16.7195988148893,881
"p346","ssp126","CNRM-ESM2-1","2075",0.53,0.28,0,98,0,46,74,77.59,0,0,0.1,0,18.6523745427628,882
"p346","ssp126","CNRM-ESM2-1","2075",0.26,0.36,0,93,0.1,46,69,74.09,0.1,0,0.4,0,16.6778897950951,883
"p346","ssp126","CNRM-ESM2-1","2075",0.11,0.11,0,77,0.1,96,102,111.54,0,0,0,0,18.9510696292868,884
"p346","ssp126","CNRM-ESM2-1","2075",0.33,0.22,0,84,0.25,104,110,119.55,0,0,0,0.1,20.074876182762,885
"p346","ssp126","CNRM-ESM2-1","2075",0.24,0.37,0,80,0.2,48,85,80.36,0,0,0.2,0,19.614405959117,886
"p346","ssp126","CNRM-ESM2-1","2075",0.42,0.41,0,82,0.1,72,83,94.25,0,0,0.1,0,17.7150455767443,887
"p346","ssp126","CNRM-ESM2-1","2075",0.42,0.33,0,96,0,50,59,82.53,0,0,0.1,0,17.5615079896093,888
"p346","ssp126","CNRM-ESM2-1","2075",0.34,0,0,78,0.1,100,106,116.45,0,0,0,0,18.3565100610962,889
"p346","ssp126","CNRM-ESM2-1","2075",0.11,0.48,0,95,0.3,49,85,79.42,0,0,0.2,0,18.5161224278927,890
"p346","ssp126","CNRM-ESM2-1","2075",0.26,0.3,0,82,0.3,76,82,99.61,0,0,0.1,0,17.6101611021382,891
"p346","ssp126","CNRM-ESM2-1","2075",0.28,0.25,0,100,0,78,84,100.98,0,0,0.5,0,18.3459855815323,892
"p346","ssp126","CNRM-ESM2-1","2075",0.21,0.45,0,94,0,59,109,85.33,0,0,0,0.15,19.4719095829445,893
"p346","ssp126","CNRM-ESM2-1","2075",0.24,0.4,0,97,0.1,61,75,90.55,0,0,0.1,0,19.2978943864775,894
"p346","ssp126","CNRM-ESM2-1","2075",0.2,0.41,0,101,0.1,49,55,80.44,0.3,0,0.1,0.05,15.8957334405999,895
"p346","ssp126","CNRM-ESM2-1","2075",0.13,0.23,0.25,85,0,44,70,70.17,0,0,0.1,0,17.3672704345384,896
"p346","ssp126","CNRM-ESM2-1","2075",0.48,0.42,0,90,0.1,55,63,81.85,0,0,0.2,0,16.9269254298208,897
"p346","ssp126","CNRM-ESM2-1","2075",0.42,0.54,0,88,0.1,58,68,88.06,0,0,0,0.05,17.9417255293108,898
"p346","ssp126","CNRM-ESM2-1","2075",0.28,0.52,0,89,0,75,81,102.56,0,0,0.1,0,18.6529278558095,899
"p346","ssp126","CNRM-ESM2-1","2075",0.29,0.22,0,80,0,75,92,101.2,0,0,0,0,19.0045564590845,900
"p346","ssp126","EC-Earth3-Veg-LR","2075",0.4,0.16,0,76,0,45,51,73.89,0,0,0,0.15,17.5196317527933,901
"p346","ssp126","EC-Earth3-Veg-LR","2075",0.28,0.23,0.25,87,0.2,45,51,69.23,0,0,0.1,0,17.5602124640415,902
"p346","ssp126","EC-Earth3-Veg-LR","2075",0.46,0.11,0,85,0.1,49,66,82.7,0.1,0,0,0,17.1545838024376,903
"p346","ssp126","EC-Earth3-Veg-LR","2075",0.23,0.1,0,80,0.2,59,70,88.77,0,0,0.1,0,18.0905562874517,904
"p346","ssp126","EC-Earth3-Veg-LR","2075",0.52,0.27,0.25,81,0.3,51,57,80.72,0,0,0,0,17.2435335927021,905
"p346","ssp126","EC-Earth3-Veg-LR","2075",0.18,0.23,0,98,0.2,48,54,78.75,0.2,0,0.2,0,17.525686618159,906
"p346","ssp126","EC-Earth3-Veg-LR","2075",0.42,0.11,0,73,0,47,66,76.49,0,0,0.2,0,17.9497921960432,907
"p346","ssp126","EC-Earth3-Veg-LR","2075",0.37,0.2,0,76,0.1,45,51,77.89,0.1,0,0,0.15,18.0586814739388,908
"p346","ssp126","EC-Earth3-Veg-LR","2075",0.33,0,0,83,0.3,47,65,82.39,0,0,0,0,18.713159121822,909
"p346","ssp126","EC-Earth3-Veg-LR","2075",0.06,0.11,0.3,77,0.1,46,97,81.4,0,0,0,0,18.739436551323,910
"p346","ssp126","EC-Earth3-Veg-LR","2075",0.33,0.11,0.2,63,0.2,54,74,74.62,0,0,0.1,0.05,18.8607955990043,911
"p346","ssp126","EC-Earth3-Veg-LR","2075",0.3,0,0,94,0.2,59,65,88.79,0.1,0,0.1,0,17.1356389352767,912
"p346","ssp126","EC-Earth3-Veg-LR","2075",0.37,0.1,0,77,0,53,59,70.71,0,0,0.2,0,16.8763295180153,913
"p346","ssp126","EC-Earth3-Veg-LR","2075",0.41,0.31,0.2,74,0.3,50,56,78.83,0.1,0,0.1,0.1,16.3716948479424,914
"p346","ssp126","EC-Earth3-Veg-LR","2075",0.35,0.23,0,83,0.1,59,65,85.48,0,0,0,0,17.3926791783823,915
"p346","ssp126","EC-Earth3-Veg-LR","2075",0.36,0.24,0,102,0.1,46,52,72.48,0,0,0,0.1,17.6556804249202,916
"p346","ssp126","EC-Earth3-Veg-LR","2075",0.15,0.22,0.2,85,0.4,46,52,74.67,0.1,0,0.1,0,16.814690921875,917
"p346","ssp126","EC-Earth3-Veg-LR","2075",0.28,0.41,0,100,0.1,56,62,85.29,0,0,0.1,0,17.7719252548338,918
"p346","ssp126","EC-Earth3-Veg-LR","2075",0.64,0.38,0,93,0.3,52,58,82.37,0,0,0.1,0,17.7595384652051,919
"p346","ssp126","EC-Earth3-Veg-LR","2075",0.65,0.22,0,66,0.3,50,75,78.67,0,0,0.3,0,18.9707442838668,920
"p346","ssp126","EC-Earth3-Veg-LR","2075",0.6,0.49,0,95,0.2,59,65,80.24,0,0,0,0.05,18.3197892374268,921
"p346","ssp126","EC-Earth3-Veg-LR","2075",0.33,0.18,0,88,0.5,71,77,96.13,0,0,0.2,0,17.7831856125538,922
"p346","ssp126","EC-Earth3-Veg-LR","2075",0.38,0.13,0,83,0.15,44,50,77.78,0.1,0,0.1,0,17.2054052518484,923
"p346","ssp126","EC-Earth3-Veg-LR","2075",0.25,0.12,0,94,0.2,45,51,76.93,0,0,0.1,0,18.1800708221946,924
"p346","ssp126","EC-Earth3-Veg-LR","2075",0.43,0.43,0,88,0.1,52,58,66.03,0,0,0.3,0.1,17.900116128005,925
"p346","ssp126","EC-Earth3-Veg-LR","2075",0.19,0,0,97,0.2,51,57,84.44,0,0,0,0,18.7932405290355,926
"p346","ssp126","EC-Earth3-Veg-LR","2075",0.31,0.11,0.25,61,0.2,65,71,89.57,0,0,0.3,0,18.6183184840514,927
"p346","ssp126","EC-Earth3-Veg-LR","2075",0.32,0.13,0,84,0.5,52,58,82.44,0,0,0,0.05,17.8091600531301,928
"p346","ssp126","EC-Earth3-Veg-LR","2075",0.47,0.57,0,70,0,47,53,74.62,0,0,0,0,18.0971628518243,929
"p346","ssp126","EC-Earth3-Veg-LR","2075",0.31,0,0,85,0,45,51,75.14,0,0,0.2,0.25,17.621246824517,930
"p346","ssp126","EC-Earth3-Veg-LR","2075",0.36,0.1,0,81,0.25,47,53,80.39,0.1,0,0,0,16.29860257132,931
"p346","ssp126","EC-Earth3-Veg-LR","2075",0.27,0.1,0,81,0.35,57,63,79.72,0,0,0,0,18.3247948918237,932
"p346","ssp126","EC-Earth3-Veg-LR","2075",0.52,0,0,85,0.2,69,78,90.59,0,0,0.1,0,17.665844004156,933
"p346","ssp126","EC-Earth3-Veg-LR","2075",0.41,0.18,0,81,0,52,58,76.27,0,0,0,0.05,18.0665538710132,934
"p346","ssp126","EC-Earth3-Veg-LR","2075",0.36,0,0,82,0.15,52,58,81.03,0,0,0.2,0,16.6650760721336,935
"p346","ssp126","EC-Earth3-Veg-LR","2075",0.48,0.32,0,90,0.1,63,69,87.17,0,0,0,0,17.8865888281789,936
"p346","ssp126","EC-Earth3-Veg-LR","2075",0.46,0.44,0,92,0.2,76,82,100.34,0,0,0,0,17.2133188656214,937
"p346","ssp126","EC-Earth3-Veg-LR","2075",0.25,0.32,0,89,0,44,50,77.85,0,0,0,0,17.4069202448391,938
"p346","ssp126","EC-Earth3-Veg-LR","2075",0.27,0,0,81,0.1,51,58,83.15,0.1,0,0.1,0.05,16.6242596865216,939
"p346","ssp126","EC-Earth3-Veg-LR","2075",0.4,0.5,0,71,0.1,47,53,79.31,0,0,0.1,0,17.0421768187404,940
"p346","ssp126","EC-Earth3-Veg-LR","2075",0.45,0.38,0,110,0.1,51,57,82.65,0,0,0,0,17.77638673089,941
"p346","ssp126","EC-Earth3-Veg-LR","2075",0.38,0.1,0,92,0.1,55,61,80.79,0,0,0,0,18.880471535556,942
"p346","ssp126","EC-Earth3-Veg-LR","2075",0.28,0.21,0,88,0.2,57,92,89.92,0,0,0,0,18.3056679605177,943
"p346","ssp126","EC-Earth3-Veg-LR","2075",0.24,0.25,0,99,0.1,58,72,79.22,0,0,0,0.05,18.0146637996672,944
"p346","ssp126","EC-Earth3-Veg-LR","2075",0.3,0.57,0.2,104,0.15,75,81,95.26,0,0,0.2,0,17.8707352421907,945
"p346","ssp126","EC-Earth3-Veg-LR","2075",0.39,0.11,0,99,0.1,54,60,78,0,0,0,0,18.3631387576174,946
"p346","ssp126","EC-Earth3-Veg-LR","2075",0.31,0.3,0,87,0.1,62,107,89.95,0,0,0,0,20.3203645683663,947
"p346","ssp126","EC-Earth3-Veg-LR","2075",0.32,0.36,0,81,0.1,52,58,78.21,0,0,0.3,0,17.547889345971,948
"p346","ssp126","EC-Earth3-Veg-LR","2075",0.4,0.16,0,78,0,62,68,88.2,0,0,0.3,0,18.2439858764593,949
"p346","ssp126","EC-Earth3-Veg-LR","2075",0.23,0,0,59,0.3,48,92,71.84,0.1,0,0,0,17.6753394327852,950
"p346","ssp126","EC-Earth3-Veg-LR","2075",0.1,0.27,0,83,0.2,50,56,78.6,0,0,0.2,0,17.704738800038,951
"p346","ssp126","EC-Earth3-Veg-LR","2075",0.37,0.22,0,78,0.1,48,54,79.07,0,0,0,0,17.6370400612174,952
"p346","ssp126","EC-Earth3-Veg-LR","2075",0.32,0.13,0,92,0.4,56,62,86.4,0,0,0,0,17.6412322475456,953
"p346","ssp126","EC-Earth3-Veg-LR","2075",0.32,0.12,0,84,0,54,60,81.13,0,0,0.3,0.1,17.7208618780799,954
"p346","ssp126","EC-Earth3-Veg-LR","2075",0.38,0,0,72,0.1,55,61,78.03,0,0,0.3,0,17.7168105220863,955
"p346","ssp126","EC-Earth3-Veg-LR","2075",0.27,0.11,0,91,0.8,77,83,94.12,0,0,0.3,0,18.4588480102948,956
"p346","ssp126","EC-Earth3-Veg-LR","2075",0.16,0,0,94,0.2,52,58,85.68,0.2,0,0.1,0,17.6486397002338,957
"p346","ssp126","EC-Earth3-Veg-LR","2075",0.14,0,0.2,73,0.2,79,85,97.83,0,0,0,0,18.8633437341448,958
"p346","ssp126","EC-Earth3-Veg-LR","2075",0.4,0.12,0,99,0,58,64,85.07,0,0,0.1,0,18.3403049195809,959
"p346","ssp126","EC-Earth3-Veg-LR","2075",0.19,0.19,0.2,84,0,65,76,91.71,0,0,0,0,18.4567838603074,960
"p346","ssp126","EC-Earth3-Veg-LR","2075",0.19,0.15,0.2,75,0.1,57,67,79.65,0,0,0.3,0,17.1384528803557,961
"p346","ssp126","EC-Earth3-Veg-LR","2075",0.26,0.1,0,62,0,45,51,72.31,0.1,0,0,0,17.0922292060315,962
"p346","ssp126","EC-Earth3-Veg-LR","2075",0.26,0.1,0,76,0.1,60,66,86.51,0,0,0.3,0.05,18.6359975574326,963
"p346","ssp126","EC-Earth3-Veg-LR","2075",0.29,0.28,0,80,0,45,51,77.37,0,0,0.2,0,17.7410888991128,964
"p346","ssp126","EC-Earth3-Veg-LR","2075",0.22,0.22,0,64,0,50,56,84.95,0,0,0.2,0,17.6470578865626,965
"p346","ssp126","EC-Earth3-Veg-LR","2075",0.15,0.39,0,89,0.2,74,80,94.34,0,0,0,0,18.9994546641645,966
"p346","ssp126","EC-Earth3-Veg-LR","2075",0.3,0.21,0,73,0.2,48,64,81.25,0,0,0.2,0,18.2370130995678,967
"p346","ssp126","EC-Earth3-Veg-LR","2075",0.29,0.12,0,87,0.1,74,80,98.76,0.2,0,0,0,18.1234054490581,968
"p346","ssp126","EC-Earth3-Veg-LR","2075",0.31,0.33,0,90,0.1,68,74,94.17,0,0,0.2,0,18.2550031468497,969
"p346","ssp126","EC-Earth3-Veg-LR","2075",0.33,0.5,0,103,0.1,45,54,72.53,0,0,0,0.05,16.9985995861518,970
"p346","ssp126","EC-Earth3-Veg-LR","2075",0.15,0,0.2,84,0.2,49,55,75.44,0,0,0.2,0,17.3621354973307,971
"p346","ssp126","EC-Earth3-Veg-LR","2075",0.25,0.1,0,81,0.1,58,64,86.36,0,0,0,0,17.8472942968798,972
"p346","ssp126","EC-Earth3-Veg-LR","2075",0.19,0.29,0,75,0,77,83,88.67,0,0,0.1,0.05,19.0719571463006,973
"p346","ssp126","EC-Earth3-Veg-LR","2075",0.46,0,0,86,0.2,44,50,70.73,0.1,0,0.1,0,16.3809799027054,974
"p346","ssp126","EC-Earth3-Veg-LR","2075",0.32,0.1,0,65,0.2,50,56,85.11,0,0,0.1,0,17.7113523891027,975
"p346","ssp126","EC-Earth3-Veg-LR","2075",0.17,0,0,70,0.15,51,57,77.89,0.1,0,0,0,17.361964074901,976
"p346","ssp126","EC-Earth3-Veg-LR","2075",0.41,0.12,0,82,0.2,59,65,84.02,0,0,0.1,0.2,17.8760188157983,977
"p346","ssp126","EC-Earth3-Veg-LR","2075",0.23,0.12,0,90,0.1,67,73,93.11,0,0,0.1,0,18.235468249634,978
"p346","ssp126","EC-Earth3-Veg-LR","2075",0.13,0.1,0,77,0.2,47,53,79.96,0,0,0.3,0,18.4017427809729,979
"p346","ssp126","EC-Earth3-Veg-LR","2075",0.21,0.11,0,82,0.2,84,90,106.03,0,0,0.2,0,18.6174110815869,980
"p346","ssp126","EC-Earth3-Veg-LR","2075",0.3,0,0,89,0,47,74,80.49,0,0,0.2,0,16.7759057736229,981
"p346","ssp126","EC-Earth3-Veg-LR","2075",0.51,0.19,0,90,0,45,64,75.05,0,0,0.1,0,18.5349649532838,982
"p346","ssp126","EC-Earth3-Veg-LR","2075",0.25,0,0,83,0.1,46,67,75.05,0,0,0.3,0,16.8986164766272,983
"p346","ssp126","EC-Earth3-Veg-LR","2075",0.11,0.21,0.2,77,0.2,93,99,108.51,0,0,0.1,0,18.8103092314278,984
"p346","ssp126","EC-Earth3-Veg-LR","2075",0.33,0.21,0,75,0.45,76,89,100.52,0,0,0,0.1,18.928588848454,985
"p346","ssp126","EC-Earth3-Veg-LR","2075",0.24,0.36,0.2,69,0.4,48,83,78.9,0,0,0.1,0,19.4427712468206,986
"p346","ssp126","EC-Earth3-Veg-LR","2075",0.36,0.12,0,76,0.1,71,77,94.79,0,0,0.1,0,17.5637003875495,987
"p346","ssp126","EC-Earth3-Veg-LR","2075",0.42,0.1,0,88,0,50,56,80.29,0,0,0.1,0,17.8945184310874,988
"p346","ssp126","EC-Earth3-Veg-LR","2075",0.33,0,0,66,0.2,62,84,88.63,0,0,0,0,17.1210606724541,989
"p346","ssp126","EC-Earth3-Veg-LR","2075",0.11,0.38,0,94,0.3,48,83,77.8,0,0,0.3,0,18.4366619337265,990
"p346","ssp126","EC-Earth3-Veg-LR","2075",0.24,0.29,0,77,0.3,73,79,98.01,0,0,0,0,17.5972820330539,991
"p346","ssp126","EC-Earth3-Veg-LR","2075",0.23,0.12,0,96,0,61,68,86.48,0,0,0.5,0,17.9622717957493,992
"p346","ssp126","EC-Earth3-Veg-LR","2075",0.21,0.12,0,86,0,58,73,80.47,0.1,0,0,0.1,16.8100143873761,993
"p346","ssp126","EC-Earth3-Veg-LR","2075",0.17,0.43,0,92,0.1,59,65,90.12,0,0,0.1,0,18.6644739728766,994
"p346","ssp126","EC-Earth3-Veg-LR","2075",0.21,0.43,0,95,0.2,49,55,78.09,0.3,0,0.1,0,16.20103323363,995
"p346","ssp126","EC-Earth3-Veg-LR","2075",0.13,0.21,0.3,77,0.2,44,63,62.53,0,0,0.1,0,17.2775840645991,996
"p346","ssp126","EC-Earth3-Veg-LR","2075",0.47,0.18,0,85,0.1,54,60,79.23,0,0,0.3,0,17.3193032262418,997
"p346","ssp126","EC-Earth3-Veg-LR","2075",0.36,0.25,0,86,0.1,58,67,86.36,0,0,0,0,18.0122760986344,998
"p346","ssp126","EC-Earth3-Veg-LR","2075",0.23,0.28,0,85,0.1,74,80,100.92,0,0,0.1,0,18.6548348207831,999
"p346","ssp126","EC-Earth3-Veg-LR","2075",0.32,0.2,0,80,0,61,76,90.17,0,0,0.1,0,18.1945988308953,1000
"p346","ssp126","FGOALS-g3","2075",0.4,0.16,0,75,0,47,53,75.38,0,0,0,0.1,17.4028632223998,1001
"p346","ssp126","FGOALS-g3","2075",0.28,0.12,0.25,86,0.2,46,54,71.34,0,0,0.1,0,17.5808151825227,1002
"p346","ssp126","FGOALS-g3","2075",0.47,0.11,0,85,0.1,77,86,104.79,0,0,0,0,18.1711049219033,1003
"p346","ssp126","FGOALS-g3","2075",0.23,0,0,77,0.1,82,89,104.95,0,0,0,0,19.0383589728969,1004
"p346","ssp126","FGOALS-g3","2075",0.52,0.27,0.25,81,0.3,53,60,82.29,0,0,0,0,17.2955682103359,1005
"p346","ssp126","FGOALS-g3","2075",0.18,0.16,0,97,0.2,79,85,101.69,0,0,0.2,0.05,18.9926725792632,1006
"p346","ssp126","FGOALS-g3","2075",0.42,0.1,0,76,0,74,80,95.65,0,0,0.1,0,18.392636473249,1007
"p346","ssp126","FGOALS-g3","2075",0.37,0.21,0,73,0.1,47,53,78.72,0.1,0,0.1,0.2,17.960245932742,1008
"p346","ssp126","FGOALS-g3","2075",0.39,0,0,87,0.2,66,72,96.37,0,0,0,0,19.1178811490291,1009
"p346","ssp126","FGOALS-g3","2075",0.19,0.11,0,78,0.1,99,105,118.62,0,0,0,0,19.3069356718788,1010
"p346","ssp126","FGOALS-g3","2075",0.34,0.11,0,65,0.2,75,81,90.46,0,0,0.1,0.05,19.2574875312411,1011
"p346","ssp126","FGOALS-g3","2075",0.3,0,0,94,0.2,61,67,89.64,0,0,0.1,0,17.396716896507,1012
"p346","ssp126","FGOALS-g3","2075",0.42,0.1,0,74,0,64,70,78.32,0,0,0.2,0,17.1228940603584,1013
"p346","ssp126","FGOALS-g3","2075",0.41,0.32,0,75,0.1,82,88,102.97,0,0,0.1,0.1,17.8083110097802,1014
"p346","ssp126","FGOALS-g3","2075",0.35,0.23,0,84,0.1,71,77,93.48,0,0,0,0,18.0115089343204,1015
"p346","ssp126","FGOALS-g3","2075",0.36,0.23,0,97,0.1,49,55,76.21,0,0,0,0.1,17.734115180986,1016
"p346","ssp126","FGOALS-g3","2075",0.16,0.31,0.2,89,0.4,69,75,89.32,0,0,0.1,0,17.9108734709252,1017
"p346","ssp126","FGOALS-g3","2075",0.28,0.43,0,101,0.1,66,72,93.21,0,0,0.1,0,18.4198969850506,1018
"p346","ssp126","FGOALS-g3","2075",0.67,0.28,0,91,0.3,59,86,89.13,0,0,0.1,0,19.5686891923968,1019
"p346","ssp126","FGOALS-g3","2075",0.66,0.22,0,66,0.2,76,85,96.47,0,0,0.3,0,19.5559718801554,1020
"p346","ssp126","FGOALS-g3","2075",0.6,0.49,0,96,0.1,63,69,81.19,0,0,0,0.1,18.629322617375,1021
"p346","ssp126","FGOALS-g3","2075",0.39,0.18,0,83,0.5,71,77,96.11,0,0,0.1,0,18.2365653835032,1022
"p346","ssp126","FGOALS-g3","2075",0.38,0.25,0,80,0.15,45,65,79.1,0.1,0,0.1,0,17.8130974898372,1023
"p346","ssp126","FGOALS-g3","2075",0.31,0.1,0,96,0.2,45,51,78,0,0,0.1,0,18.1149390523944,1024
"p346","ssp126","FGOALS-g3","2075",0.44,0.42,0,87,0.1,67,80,78.36,0,0,0.1,0.1,18.7354641721148,1025
"p346","ssp126","FGOALS-g3","2075",0.22,0,0,94,0,56,62,88.24,0,0,0,0.05,19.0246398023525,1026
"p346","ssp126","FGOALS-g3","2075",0.37,0.11,0.25,63,0,67,73,89.25,0,0,0.3,0,18.7304561284001,1027
"p346","ssp126","FGOALS-g3","2075",0.4,0.23,0,86,0.3,69,75,93.58,0,0,0,0.05,18.6183885954291,1028
"p346","ssp126","FGOALS-g3","2075",0.47,0.57,0,71,0,49,55,77.48,0,0,0,0,18.2220905003226,1029
"p346","ssp126","FGOALS-g3","2075",0.29,0,0,86,0,46,52,76.56,0,0,0.2,0.25,17.5818794013388,1030
"p346","ssp126","FGOALS-g3","2075",0.41,0.11,0,79,0.25,79,88,103.41,0,0,0,0,17.8947740580487,1031
"p346","ssp126","FGOALS-g3","2075",0.27,0.1,0,81,0.35,59,65,80.41,0,0,0,0,18.6578602670683,1032
"p346","ssp126","FGOALS-g3","2075",0.51,0.1,0,90,0.2,70,80,89.92,0,0,0.1,0,18.0473707226282,1033
"p346","ssp126","FGOALS-g3","2075",0.41,0.14,0,83,0,54,65,78.91,0,0,0,0.1,18.3862142602661,1034
"p346","ssp126","FGOALS-g3","2075",0.31,0.2,0,83,0.15,54,60,83.02,0.3,0,0.1,0,16.7137315329393,1035
"p346","ssp126","FGOALS-g3","2075",0.48,0.32,0,88,0.1,65,74,88.55,0,0,0,0,18.2671760398143,1036
"p346","ssp126","FGOALS-g3","2075",0.46,0.44,0,90,0.1,78,84,100.46,0,0,0,0.1,17.4210126899218,1037
"p346","ssp126","FGOALS-g3","2075",0.25,0.32,0,89,0,45,51,81.15,0,0,0,0,17.4233745939791,1038
"p346","ssp126","FGOALS-g3","2075",0.33,0,0,83,0.3,60,66,91.01,0.1,0,0,0.2,16.8719760280669,1039
"p346","ssp126","FGOALS-g3","2075",0.43,0.46,0,75,0.1,49,55,80.97,0,0,0.1,0,17.0471484296328,1040
"p346","ssp126","FGOALS-g3","2075",0.46,0.48,0,108,0.1,68,74,95.38,0,0,0,0,18.5198240376528,1041
"p346","ssp126","FGOALS-g3","2075",0.38,0.1,0,92,0.1,57,63,84.27,0,0,0.1,0.05,18.6639178279689,1042
"p346","ssp126","FGOALS-g3","2075",0.31,0.21,0,89,0.2,89,95,109.81,0,0,0,0,18.7287159595456,1043
"p346","ssp126","FGOALS-g3","2075",0.29,0.24,0,98,0.1,73,79,89.4,0,0,0,0.05,18.3795496063341,1044
"p346","ssp126","FGOALS-g3","2075",0.3,0.57,0.2,103,0.15,75,81,94.45,0,0,0.1,0,18.2467347969701,1045
"p346","ssp126","FGOALS-g3","2075",0.39,0.11,0,96,0.1,66,72,86.84,0,0,0.1,0.05,18.9194268188441,1046
"p346","ssp126","FGOALS-g3","2075",0.31,0.2,0,87,0.1,103,109,117.78,0,0,0,0,20.005390827402,1047
"p346","ssp126","FGOALS-g3","2075",0.33,0.36,0,83,0.1,60,68,85.82,0,0,0.2,0,17.884879469737,1048
"p346","ssp126","FGOALS-g3","2075",0.54,0.15,0,77,0,64,70,87.89,0,0,0.3,0,18.6405122176951,1049
"p346","ssp126","FGOALS-g3","2075",0.23,0,0.2,58,0.1,93,99,109.05,0.1,0,0,0,18.2532990562752,1050
"p346","ssp126","FGOALS-g3","2075",0.22,0.31,0,81,0.1,71,77,97.49,0,0,0.2,0,18.4394419676106,1051
"p346","ssp126","FGOALS-g3","2075",0.37,0.22,0,71,0.1,51,57,82.46,0,0,0,0,17.7015737424012,1052
"p346","ssp126","FGOALS-g3","2075",0.32,0.13,0,93,0.4,58,64,86.66,0,0,0,0,17.8581724889039,1053
"p346","ssp126","FGOALS-g3","2075",0.35,0.12,0,86,0,67,74,91.94,0,0,0.2,0.1,18.4937767582936,1054
"p346","ssp126","FGOALS-g3","2075",0.44,0.1,0,73,0.1,62,68,84.81,0,0,0.3,0,18.172442009831,1055
"p346","ssp126","FGOALS-g3","2075",0.27,0.11,0,91,0.6,77,83,95.54,0,0,0.4,0,18.8232800265574,1056
"p346","ssp126","FGOALS-g3","2075",0.16,0,0,90,0.1,65,80,93.95,0,0,0.1,0.05,18.765076525029,1057
"p346","ssp126","FGOALS-g3","2075",0.14,0,0,73,0.2,79,85,95.63,0,0,0,0,19.3505343013093,1058
"p346","ssp126","FGOALS-g3","2075",0.4,0.12,0,100,0,64,70,87.77,0,0,0.1,0,18.2685651223423,1059
"p346","ssp126","FGOALS-g3","2075",0.19,0.19,0.2,87,0,78,84,98.46,0,0,0,0,18.7310142153458,1060
"p346","ssp126","FGOALS-g3","2075",0.26,0.15,0.2,72,0.1,89,96,102.93,0,0,0.2,0,19.0065165157498,1061
"p346","ssp126","FGOALS-g3","2075",0.26,0.1,0,69,0,53,59,79.4,0.1,0,0,0,17.0239709054716,1062
"p346","ssp126","FGOALS-g3","2075",0.26,0.1,0,73,0.1,61,67,85.63,0,0,0.3,0.05,19.0069113339781,1063
"p346","ssp126","FGOALS-g3","2075",0.29,0.27,0,85,0,86,92,107.31,0,0,0,0,19.8950490095693,1064
"p346","ssp126","FGOALS-g3","2075",0.22,0.2,0,65,0,53,72,88.54,0,0,0.2,0,18.4825525481031,1065
"p346","ssp126","FGOALS-g3","2075",0.15,0.38,0,90,0.1,74,80,92.33,0,0,0,0,19.3013294318305,1066
"p346","ssp126","FGOALS-g3","2075",0.3,0.21,0,70,0.2,66,72,93.26,0,0,0.2,0,18.6813593834714,1067
"p346","ssp126","FGOALS-g3","2075",0.35,0.11,0,89,0.1,77,83,98.48,0.1,0,0,0,18.4420748514414,1068
"p346","ssp126","FGOALS-g3","2075",0.31,0.22,0,88,0.1,69,75,89.89,0,0,0.2,0,18.453687034522,1069
"p346","ssp126","FGOALS-g3","2075",0.4,0.53,0,102,0.1,55,61,84.57,0,0,0.1,0.05,17.1714474751319,1070
"p346","ssp126","FGOALS-g3","2075",0.15,0,0.2,82,0.2,51,57,75.34,0,0,0.2,0,17.5353248893044,1071
"p346","ssp126","FGOALS-g3","2075",0.25,0.14,0,82,0.1,60,66,88.79,0,0,0,0,18.0610332205894,1072
"p346","ssp126","FGOALS-g3","2075",0.14,0.29,0,78,0,77,83,87.5,0,0,0.1,0.05,19.207893566926,1073
"p346","ssp126","FGOALS-g3","2075",0.46,0.11,0,82,0.1,45,52,74.38,0.3,0,0,0,16.4377915428067,1074
"p346","ssp126","FGOALS-g3","2075",0.32,0.1,0,66,0.2,69,75,98.01,0,0,0.1,0,18.3510127796126,1075
"p346","ssp126","FGOALS-g3","2075",0.17,0,0,70,0.15,54,60,79.19,0.1,0,0,0,17.4874949612376,1076
"p346","ssp126","FGOALS-g3","2075",0.36,0.1,0,83,0.2,63,69,85.59,0,0,0.1,0.2,18.0648879651774,1077
"p346","ssp126","FGOALS-g3","2075",0.23,0.12,0,85,0.1,68,74,91.32,0,0,0.1,0,18.5710457606141,1078
"p346","ssp126","FGOALS-g3","2075",0.15,0,0,73,0.2,49,55,82.02,0,0,0.3,0,18.3227159918222,1079
"p346","ssp126","FGOALS-g3","2075",0.23,0.11,0,82,0.1,83,89,101.45,0,0,0,0,18.9666194823442,1080
"p346","ssp126","FGOALS-g3","2075",0.3,0,0,87,0,71,77,93.08,0,0,0.2,0,17.1925595819604,1081
"p346","ssp126","FGOALS-g3","2075",0.51,0.19,0,93,0,64,76,90.67,0,0,0.1,0,19.3387978204825,1082
"p346","ssp126","FGOALS-g3","2075",0.26,0.11,0,84,0.1,69,75,92.78,0,0,0.3,0,17.4050686018314,1083
"p346","ssp126","FGOALS-g3","2075",0.11,0.21,0.2,78,0.2,90,96,106.92,0,0,0.1,0,19.0596774336257,1084
"p346","ssp126","FGOALS-g3","2075",0.34,0.21,0,74,0.3,76,83,98.19,0,0,0,0.1,18.5530940031429,1085
"p346","ssp126","FGOALS-g3","2075",0.24,0.34,0.2,69,0.4,81,87,101.1,0,0,0.1,0,19.5612244709622,1086
"p346","ssp126","FGOALS-g3","2075",0.36,0.12,0,75,0.1,72,78,92.62,0,0,0.1,0,17.9079164786874,1087
"p346","ssp126","FGOALS-g3","2075",0.42,0.2,0,81,0,82,88,103.19,0,0,0.1,0,19.4249490613915,1088
"p346","ssp126","FGOALS-g3","2075",0.34,0,0,69,0.2,85,96,105.79,0,0,0,0,18.046408677268,1089
"p346","ssp126","FGOALS-g3","2075",0.11,0.38,0,89,0.2,81,87,99.56,0,0,0.3,0,18.6834860304165,1090
"p346","ssp126","FGOALS-g3","2075",0.26,0.29,0,75,0.3,73,79,96.97,0,0,0,0,18.1257693672508,1091
"p346","ssp126","FGOALS-g3","2075",0.23,0.12,0,93,0,77,83,98.66,0,0,0.3,0,18.8694562279153,1092
"p346","ssp126","FGOALS-g3","2075",0.21,0.12,0,79,0,107,113,114.65,0,0,0,0.1,19.9110778666524,1093
"p346","ssp126","FGOALS-g3","2075",0.24,0.33,0,87,0.1,64,77,92.32,0,0,0,0,19.2596694125841,1094
"p346","ssp126","FGOALS-g3","2075",0.2,0.45,0,96,0.2,81,87,102.02,0,0,0.1,0,17.6715560279527,1095
"p346","ssp126","FGOALS-g3","2075",0.13,0.21,0.3,77,0.1,47,73,67.53,0,0,0.1,0,17.7288723935639,1096
"p346","ssp126","FGOALS-g3","2075",0.48,0.17,0,85,0.1,62,75,81.68,0,0,0.2,0,17.7891036062404,1097
"p346","ssp126","FGOALS-g3","2075",0.37,0.25,0,87,0.1,59,70,87.44,0,0,0,0,18.4250201465664,1098
"p346","ssp126","FGOALS-g3","2075",0.23,0.47,0,86,0,75,81,100.27,0,0,0.1,0,18.8250688137424,1099
"p346","ssp126","FGOALS-g3","2075",0.29,0.2,0,79,0,75,87,96.47,0,0,0,0,19.189848060407,1100
"p346","ssp126","FIO-ESM-2-0","2075",0.4,0.16,0,77,0,46,52,74.35,0,0,0,0.2,17.4731366094207,1101
"p346","ssp126","FIO-ESM-2-0","2075",0.28,0.23,0.25,91,0.2,46,52,70.2,0,0,0.1,0.05,17.3890632919766,1102
"p346","ssp126","FIO-ESM-2-0","2075",0.47,0.21,0,84,0.1,77,88,103.05,0.1,0,0,0,17.8626422116885,1103
"p346","ssp126","FIO-ESM-2-0","2075",0.23,0.1,0,82,0.1,60,89,88.84,0,0,0,0,18.9677964662203,1104
"p346","ssp126","FIO-ESM-2-0","2075",0.52,0.27,0.25,82,0.3,52,58,80.05,0,0,0,0,16.9934397277934,1105
"p346","ssp126","FIO-ESM-2-0","2075",0.18,0.26,0,99,0.2,51,79,79.93,0,0,0.1,0.2,18.5648520336838,1106
"p346","ssp126","FIO-ESM-2-0","2075",0.42,0.12,0,77,0,73,79,94.96,0,0,0,0,18.1325964606519,1107
"p346","ssp126","FIO-ESM-2-0","2075",0.37,0.21,0,77,0.2,46,52,77.89,0.1,0,0,0.25,17.776633884066,1108
"p346","ssp126","FIO-ESM-2-0","2075",0.39,0.11,0,87,0.1,66,72,96.41,0,0,0,0.05,18.7592139546505,1109
"p346","ssp126","FIO-ESM-2-0","2075",0.19,0.11,0,81,0.1,99,105,118.25,0,0,0,0,18.9036472137422,1110
"p346","ssp126","FIO-ESM-2-0","2075",0.34,0.21,0,68,0.2,75,81,88.71,0,0,0,0.15,19.1386293688778,1111
"p346","ssp126","FIO-ESM-2-0","2075",0.3,0,0,95,0.1,60,66,89,0.1,0,0.1,0.05,16.9943158973944,1112
"p346","ssp126","FIO-ESM-2-0","2075",0.42,0.1,0,78,0,63,69,76.72,0,0,0.1,0,16.8401114160696,1113
"p346","ssp126","FIO-ESM-2-0","2075",0.41,0.31,0,75,0.1,82,88,102.69,0.1,0,0,0.2,17.3720521090801,1114
"p346","ssp126","FIO-ESM-2-0","2075",0.35,0.23,0,83,0.1,63,71,87.45,0,0,0,0,17.4402772590648,1115
"p346","ssp126","FIO-ESM-2-0","2075",0.36,0.26,0,102,0.1,47,53,73.19,0,0,0,0.1,17.4956738905499,1116
"p346","ssp126","FIO-ESM-2-0","2075",0.16,0.33,0.2,85,0.4,52,72,78.74,0,0,0.1,0.05,17.5677500991627,1117
"p346","ssp126","FIO-ESM-2-0","2075",0.28,0.65,0,101,0.1,57,63,85.94,0,0,0,0,17.8307149662426,1118
"p346","ssp126","FIO-ESM-2-0","2075",0.67,0.38,0,94,0.3,58,85,87.49,0,0,0,0,19.1510506342692,1119
"p346","ssp126","FIO-ESM-2-0","2075",0.66,0.22,0,69,0.2,76,85,95.74,0,0,0.1,0,19.3070776875141,1120
"p346","ssp126","FIO-ESM-2-0","2075",0.6,0.49,0,97,0.1,60,66,78.88,0,0,0,0.15,18.242457496646,1121
"p346","ssp126","FIO-ESM-2-0","2075",0.39,0.18,0,89,0.4,71,77,94.86,0,0,0.1,0.1,17.7017498709052,1122
"p346","ssp126","FIO-ESM-2-0","2075",0.38,0.26,0,84,0.1,45,51,78.19,0.1,0,0,0.05,16.9967448582011,1123
"p346","ssp126","FIO-ESM-2-0","2075",0.31,0.22,0,96,0.2,45,51,77.71,0,0,0.1,0,18.0047487912099,1124
"p346","ssp126","FIO-ESM-2-0","2075",0.39,0.42,0,90,0.1,54,64,66.86,0,0,0.1,0.2,17.9538684620281,1125
"p346","ssp126","FIO-ESM-2-0","2075",0.22,0,0,98,0,53,59,85.2,0,0,0,0.05,18.6982545557731,1126
"p346","ssp126","FIO-ESM-2-0","2075",0.37,0.11,0.25,65,0,66,72,88.5,0,0,0.1,0,18.4522990481602,1127
"p346","ssp126","FIO-ESM-2-0","2075",0.4,0.23,0,85,0.3,69,75,92.88,0,0,0,0.05,18.3479249634586,1128
"p346","ssp126","FIO-ESM-2-0","2075",0.54,0.58,0,70,0,48,54,74.5,0,0,0,0.05,18.1117720210358,1129
"p346","ssp126","FIO-ESM-2-0","2075",0.35,0.11,0,89,0,46,52,74.74,0,0,0.1,0.3,17.2415079403875,1130
"p346","ssp126","FIO-ESM-2-0","2075",0.41,0.1,0,81,0.25,48,79,80.85,0,0,0,0,17.5263042811437,1131
"p346","ssp126","FIO-ESM-2-0","2075",0.27,0.1,0,82,0.35,59,65,80.2,0,0,0,0,18.3402389544531,1132
"p346","ssp126","FIO-ESM-2-0","2075",0.51,0.1,0,87,0.2,70,80,90.72,0,0,0,0,17.8997076295126,1133
"p346","ssp126","FIO-ESM-2-0","2075",0.41,0.18,0,81,0,53,59,76.32,0,0,0,0.15,17.9920492917984,1134
"p346","ssp126","FIO-ESM-2-0","2075",0.31,0.1,0,87,0.15,53,59,81.06,0.3,0,0.1,0,16.5837741332821,1135
"p346","ssp126","FIO-ESM-2-0","2075",0.48,0.33,0,91,0.1,64,70,86.48,0,0,0,0,17.9374454889078,1136
"p346","ssp126","FIO-ESM-2-0","2075",0.46,0.5,0,93,0,78,84,99.66,0,0,0,0.1,17.2431468996745,1137
"p346","ssp126","FIO-ESM-2-0","2075",0.25,0.44,0,93,0,44,50,79.79,0,0,0,0,17.220955078824,1138
"p346","ssp126","FIO-ESM-2-0","2075",0.33,0,0,86,0.3,58,64,87.14,0.1,0,0,0.3,16.4863162169487,1139
"p346","ssp126","FIO-ESM-2-0","2075",0.43,0.5,0,73,0,48,54,80.34,0,0,0,0.05,16.8536437683922,1140
"p346","ssp126","FIO-ESM-2-0","2075",0.46,0.4,0,110,0.1,52,69,83.9,0,0,0,0,17.9396256651796,1141
"p346","ssp126","FIO-ESM-2-0","2075",0.38,0.1,0,96,0,57,63,82.09,0,0,0,0.05,18.7474803439576,1142
"p346","ssp126","FIO-ESM-2-0","2075",0.36,0.22,0,88,0.2,90,96,111.72,0,0,0,0,18.3606697178788,1143
"p346","ssp126","FIO-ESM-2-0","2075",0.29,0.25,0,100,0.1,72,78,87.54,0,0,0,0.05,18.0277035874809,1144
"p346","ssp126","FIO-ESM-2-0","2075",0.3,0.57,0.2,103,0.15,75,81,94.21,0,0,0.1,0.05,17.7574710705086,1145
"p346","ssp126","FIO-ESM-2-0","2075",0.39,0.21,0,99,0.1,58,68,79.74,0,0,0,0.1,18.548448790748,1146
"p346","ssp126","FIO-ESM-2-0","2075",0.31,0.31,0,86,0.1,104,110,118.25,0,0,0,0,19.775376137913,1147
"p346","ssp126","FIO-ESM-2-0","2075",0.33,0.36,0,82,0.1,53,63,79.37,0,0,0.1,0,17.4203967168667,1148
"p346","ssp126","FIO-ESM-2-0","2075",0.54,0.16,0,81,0,62,68,86.79,0,0,0.2,0,18.272345389538,1149
"p346","ssp126","FIO-ESM-2-0","2075",0.23,0,0,64,0,50,96,73.7,0.1,0,0,0,17.9745904327745,1150
"p346","ssp126","FIO-ESM-2-0","2075",0.22,0.3,0,84,0.1,55,68,83.21,0,0,0,0.05,17.9991477551928,1151
"p346","ssp126","FIO-ESM-2-0","2075",0.37,0.22,0,79,0.1,49,55,80.27,0,0,0,0,17.4267235027431,1152
"p346","ssp126","FIO-ESM-2-0","2075",0.32,0.13,0,95,0.4,57,63,86.55,0,0,0,0.05,17.5119119192499,1153
"p346","ssp126","FIO-ESM-2-0","2075",0.35,0.12,0,85,0,57,63,83.13,0,0,0.1,0.1,17.8253950607117,1154
"p346","ssp126","FIO-ESM-2-0","2075",0.44,0.1,0,73,0.1,62,68,83.96,0,0,0.2,0.05,17.7972806107726,1155
"p346","ssp126","FIO-ESM-2-0","2075",0.27,0.11,0,91,0.6,77,83,93.2,0,0,0.1,0,18.377030736985,1156
"p346","ssp126","FIO-ESM-2-0","2075",0.16,0,0,96,0.1,56,67,86.16,0.2,0,0,0.05,17.8235556727761,1157
"p346","ssp126","FIO-ESM-2-0","2075",0.14,0,0,77,0.2,79,85,95.88,0,0,0,0,18.7239572215596,1158
"p346","ssp126","FIO-ESM-2-0","2075",0.4,0.13,0,98,0,62,68,86.53,0,0,0,0,18.1631229150925,1159
"p346","ssp126","FIO-ESM-2-0","2075",0.25,0.19,0.2,86,0,70,81,93.26,0,0,0,0.05,18.2421562838254,1160
"p346","ssp126","FIO-ESM-2-0","2075",0.26,0.15,0.2,77,0.1,95,101,108.19,0,0,0.2,0,18.8055730777794,1161
"p346","ssp126","FIO-ESM-2-0","2075",0.26,0.1,0,65,0,46,53,72.79,0.1,0,0,0,16.9573712439662,1162
"p346","ssp126","FIO-ESM-2-0","2075",0.26,0.2,0,83,0.1,60,66,85.3,0,0,0.2,0.05,18.5732845102138,1163
"p346","ssp126","FIO-ESM-2-0","2075",0.29,0.38,0,86,0,46,56,77.29,0,0,0.2,0,17.7532239998841,1164
"p346","ssp126","FIO-ESM-2-0","2075",0.22,0.22,0,66,0,51,69,86,0,0,0.1,0,18.0596944260566,1165
"p346","ssp126","FIO-ESM-2-0","2075",0.15,0.42,0,90,0.1,74,80,92.5,0,0,0,0,19.0505474665911,1166
"p346","ssp126","FIO-ESM-2-0","2075",0.3,0.21,0,78,0.25,64,70,92.38,0,0,0,0,18.3412101282777,1167
"p346","ssp126","FIO-ESM-2-0","2075",0.35,0.12,0,89,0.1,76,82,98.65,0.2,0,0,0,18.138439970201,1168
"p346","ssp126","FIO-ESM-2-0","2075",0.31,0.34,0,89,0.1,68,74,92.46,0,0,0,0.05,18.1574570838666,1169
"p346","ssp126","FIO-ESM-2-0","2075",0.4,0.63,0,104,0.1,45,56,74.41,0,0,0,0.05,16.9416341580937,1170
"p346","ssp126","FIO-ESM-2-0","2075",0.15,0,0.2,85,0.2,50,56,74.06,0,0,0.1,0,17.1950528291399,1171
"p346","ssp126","FIO-ESM-2-0","2075",0.25,0.1,0,83,0.1,59,65,87.19,0,0,0,0,17.7176835185991,1172
"p346","ssp126","FIO-ESM-2-0","2075",0.14,0.29,0,77,0,77,83,86.99,0,0,0,0.05,19.2110767671836,1173
"p346","ssp126","FIO-ESM-2-0","2075",0.46,0.11,0,86,0.2,45,51,72.41,0.1,0,0.1,0,16.3271210621044,1174
"p346","ssp126","FIO-ESM-2-0","2075",0.32,0.1,0,67,0.2,53,59,86.74,0,0,0.1,0,17.4853406410069,1175
"p346","ssp126","FIO-ESM-2-0","2075",0.17,0,0,75,0.15,52,58,77.85,0.1,0,0,0.05,17.3978084204531,1176
"p346","ssp126","FIO-ESM-2-0","2075",0.36,0.12,0,84,0.1,62,68,85.52,0,0,0.1,0.3,17.7629141962036,1177
"p346","ssp126","FIO-ESM-2-0","2075",0.23,0.14,0,92,0.1,68,74,93.06,0,0,0.1,0,18.2655851571197,1178
"p346","ssp126","FIO-ESM-2-0","2075",0.15,0.1,0,82,0.2,48,54,79.8,0,0,0.2,0,18.0912267687528,1179
"p346","ssp126","FIO-ESM-2-0","2075",0.23,0.11,0,83,0.1,84,90,103.36,0,0,0,0,18.4990171823336,1180
"p346","ssp126","FIO-ESM-2-0","2075",0.3,0,0,91,0,71,77,94.88,0,0,0.1,0,16.7318589573087,1181
"p346","ssp126","FIO-ESM-2-0","2075",0.52,0.19,0,95,0,64,76,89.39,0,0,0.1,0,18.8370342234497,1182
"p346","ssp126","FIO-ESM-2-0","2075",0.26,0.25,0,86,0.1,69,75,90.93,0,0,0.2,0,16.9408998638723,1183
"p346","ssp126","FIO-ESM-2-0","2075",0.11,0.21,0.2,78,0,93,99,107.18,0,0,0,0,18.8349939251311,1184
"p346","ssp126","FIO-ESM-2-0","2075",0.34,0.21,0,81,0.3,76,89,98.73,0,0,0,0.1,18.8575194679737,1185
"p346","ssp126","FIO-ESM-2-0","2075",0.24,0.36,0.2,75,0.3,81,87,101.52,0,0,0.1,0,19.6436160477532,1186
"p346","ssp126","FIO-ESM-2-0","2075",0.36,0.12,0,79,0.1,71,77,92.4,0,0,0,0,17.6066168406339,1187
"p346","ssp126","FIO-ESM-2-0","2075",0.42,0.2,0,87,0,51,82,80.63,0,0,0,0,19.0554861802715,1188
"p346","ssp126","FIO-ESM-2-0","2075",0.34,0,0,69,0.2,86,103,106.6,0,0,0,0,18.2913222702233,1189
"p346","ssp126","FIO-ESM-2-0","2075",0.11,0.27,0,94,0.2,81,87,98.91,0,0,0.2,0,18.5891419973006,1190
"p346","ssp126","FIO-ESM-2-0","2075",0.26,0.3,0,81,0.3,73,79,95.97,0,0,0,0,17.7190593777525,1191
"p346","ssp126","FIO-ESM-2-0","2075",0.23,0.12,0,96,0,69,79,92.77,0,0,0.1,0,18.3782605999791,1192
"p346","ssp126","FIO-ESM-2-0","2075",0.21,0.12,0,88,0,59,107,80.78,0,0,0,0.2,19.1855763801444,1193
"p346","ssp126","FIO-ESM-2-0","2075",0.24,0.43,0,93,0.1,62,74,91.49,0,0,0.1,0,19.1354004153451,1194
"p346","ssp126","FIO-ESM-2-0","2075",0.2,0.46,0,96,0.1,50,56,78.8,0.3,0,0.1,0.05,16.0606523709539,1195
"p346","ssp126","FIO-ESM-2-0","2075",0.13,0.21,0.3,79,0.1,45,70,65.38,0,0,0,0,17.2671575335041,1196
"p346","ssp126","FIO-ESM-2-0","2075",0.42,0.31,0,84,0.1,61,67,82.73,0,0,0.1,0,17.2578537888579,1197
"p346","ssp126","FIO-ESM-2-0","2075",0.37,0.25,0,87,0.1,59,68,86.69,0,0,0,0.05,18.0239163826616,1198
"p346","ssp126","FIO-ESM-2-0","2075",0.23,0.49,0,87,0,74,80,100.3,0,0,0.1,0,18.7553667209908,1199
"p346","ssp126","FIO-ESM-2-0","2075",0.29,0.2,0,80,0,74,89,97.47,0,0,0,0,18.7774647742716,1200
"p346","ssp126","GFDL-ESM4","2075",0.4,0.16,0,76,0,45,51,72.07,0,0,0,0.15,17.7708657703692,1201
"p346","ssp126","GFDL-ESM4","2075",0.28,0.12,0.25,90,0.2,46,52,68.76,0,0,0.1,0.05,17.8657979924396,1202
"p346","ssp126","GFDL-ESM4","2075",0.47,0.11,0,86,0.1,77,84,102.58,0.1,0,0,0,18.2603521777205,1203
"p346","ssp126","GFDL-ESM4","2075",0.23,0,0,79,0.2,59,81,89.34,0,0,0.1,0,18.8475608261527,1204
"p346","ssp126","GFDL-ESM4","2075",0.47,0.24,0.25,81,0.2,52,58,79.38,0,0,0,0,17.5703027712034,1205
"p346","ssp126","GFDL-ESM4","2075",0.18,0.16,0,96,0.2,50,56,79.04,0.2,0,0.3,0.15,17.6655274720896,1206
"p346","ssp126","GFDL-ESM4","2075",0.42,0.1,0,72,0,47,71,74.04,0,0,0.3,0,18.3865953177297,1207
"p346","ssp126","GFDL-ESM4","2075",0.37,0.22,0,74,0.2,46,52,78.8,0.1,0,0.2,0.2,18.17163952058,1208
"p346","ssp126","GFDL-ESM4","2075",0.33,0,0,83,0.2,48,68,83.09,0,0,0,0,18.9279310681331,1209
"p346","ssp126","GFDL-ESM4","2075",0.06,0.11,0,79,0.1,47,99,81.6,0,0,0.1,0,19.1794722369562,1210
"p346","ssp126","GFDL-ESM4","2075",0.33,0.11,0,69,0.2,54,76,72.61,0,0,0.1,0.05,19.1473141273556,1211
"p346","ssp126","GFDL-ESM4","2075",0.3,0,0,96,0.1,60,66,87.78,0.1,0,0.1,0,17.4987205846501,1212
"p346","ssp126","GFDL-ESM4","2075",0.37,0.1,0,73,0,54,60,68.94,0,0,0.2,0,17.3209148061162,1213
"p346","ssp126","GFDL-ESM4","2075",0.41,0.21,0.2,75,0.2,51,58,78.11,0.1,0,0.2,0.2,16.8308381007993,1214
"p346","ssp126","GFDL-ESM4","2075",0.35,0.23,0,86,0.1,60,66,86.02,0,0,0,0,17.7974734812694,1215
"p346","ssp126","GFDL-ESM4","2075",0.36,0.23,0,104,0,46,52,70.03,0,0,0.1,0.1,17.9522549069536,1216
"p346","ssp126","GFDL-ESM4","2075",0.15,0.31,0.2,90,0.4,51,69,76.42,0,0,0.1,0,18.0480354246327,1217
"p346","ssp126","GFDL-ESM4","2075",0.28,0.31,0,106,0.1,57,63,83.8,0,0,0.1,0,18.127004523424,1218
"p346","ssp126","GFDL-ESM4","2075",0.64,0.28,0,94,0.3,54,60,84.68,0,0,0.1,0,18.0578113923944,1219
"p346","ssp126","GFDL-ESM4","2075",0.66,0.22,0,65,0.2,50,76,77.18,0,0,0.3,0,19.3078719447374,1220
"p346","ssp126","GFDL-ESM4","2075",0.6,0.45,0,95,0,59,65,77.55,0,0,0,0.1,18.6896713707343,1221
"p346","ssp126","GFDL-ESM4","2075",0.39,0.18,0,88,0.4,71,77,95.19,0,0,0.2,0,18.2293013971339,1222
"p346","ssp126","GFDL-ESM4","2075",0.32,0.13,0,85,0.1,44,50,75.89,0.1,0,0.1,0,17.4900371950409,1223
"p346","ssp126","GFDL-ESM4","2075",0.25,0.22,0,98,0.2,45,51,77.67,0,0,0.1,0,18.4699694919257,1224
"p346","ssp126","GFDL-ESM4","2075",0.39,0.42,0,89,0.1,53,62,64.83,0,0,0.5,0.1,18.2509023312245,1225
"p346","ssp126","GFDL-ESM4","2075",0.22,0,0,97,0.1,51,57,82.91,0,0,0,0,19.1341572718524,1226
"p346","ssp126","GFDL-ESM4","2075",0.38,0.11,0.25,62,0,65,71,87.79,0,0,0.3,0,18.7719063515511,1227
"p346","ssp126","GFDL-ESM4","2075",0.32,0.23,0,83,0.5,53,60,81.79,0,0,0,0.05,18.1075282763426,1228
"p346","ssp126","GFDL-ESM4","2075",0.54,0.57,0,71,0,48,54,72.28,0,0,0,0,18.4013577243685,1229
"p346","ssp126","GFDL-ESM4","2075",0.35,0,0,87,0,45,51,72.74,0,0,0.2,0.25,17.8683866407147,1230
"p346","ssp126","GFDL-ESM4","2075",0.36,0.11,0,81,0.1,47,55,79.83,0.1,0,0.1,0,16.6524149422781,1231
"p346","ssp126","GFDL-ESM4","2075",0.27,0.1,0,82,0.3,58,64,78.94,0,0,0,0,18.6957816382481,1232
"p346","ssp126","GFDL-ESM4","2075",0.51,0,0,91,0.2,69,78,89.5,0,0,0.1,0,18.0654887429943,1233
"p346","ssp126","GFDL-ESM4","2075",0.48,0.14,0,82,0,52,58,75.04,0,0,0,0.1,18.400108641729,1234
"p346","ssp126","GFDL-ESM4","2075",0.31,0.1,0,86,0.15,52,58,79.62,0,0,0.3,0,17.042897484702,1235
"p346","ssp126","GFDL-ESM4","2075",0.48,0.33,0,91,0.1,63,69,84.04,0,0,0,0,18.2799298437755,1236
"p346","ssp126","GFDL-ESM4","2075",0.46,0.34,0,90,0,76,82,100.29,0,0,0,0.05,17.7543622167053,1237
"p346","ssp126","GFDL-ESM4","2075",0.25,0.32,0,91,0,44,50,77.92,0,0,0,0,17.6262907967934,1238
"p346","ssp126","GFDL-ESM4","2075",0.25,0,0,86,0.3,51,59,81.57,0.1,0,0.1,0.2,17.0081996117389,1239
"p346","ssp126","GFDL-ESM4","2075",0.4,0.45,0,75,0,48,54,78.87,0,0,0.2,0,17.467297472967,1240
"p346","ssp126","GFDL-ESM4","2075",0.41,0.47,0,110,0.1,51,57,82.42,0,0,0,0,18.1542810520255,1241
"p346","ssp126","GFDL-ESM4","2075",0.38,0.1,0,98,0,56,62,80.83,0,0,0.1,0.05,19.0094573967834,1242
"p346","ssp126","GFDL-ESM4","2075",0.31,0.21,0,90,0.2,57,92,88.54,0,0,0,0,18.6658288711835,1243
"p346","ssp126","GFDL-ESM4","2075",0.29,0.24,0,99,0.1,59,73,77.49,0,0,0,0.05,18.3421338779044,1244
"p346","ssp126","GFDL-ESM4","2075",0.3,0.47,0.3,104,0.15,75,81,93.52,0,0,0.3,0,18.2694811060662,1245
"p346","ssp126","GFDL-ESM4","2075",0.39,0.11,0,101,0.1,55,61,78.96,0,0,0.1,0.05,18.7320271758011,1246
"p346","ssp126","GFDL-ESM4","2075",0.31,0.3,0,87,0.1,103,109,117.35,0,0,0,0,20.0355730542038,1247
"p346","ssp126","GFDL-ESM4","2075",0.33,0.36,0,82,0,53,60,79.12,0,0,0.3,0,17.7890257864859,1248
"p346","ssp126","GFDL-ESM4","2075",0.45,0.15,0,79,0,62,68,86.06,0,0,0.3,0,18.6701303629335,1249
"p346","ssp126","GFDL-ESM4","2075",0.24,0,0.2,59,0.1,49,92,71.39,0.1,0,0,0,18.1720145143801,1250
"p346","ssp126","GFDL-ESM4","2075",0.17,0.31,0,83,0.2,53,59,80.19,0,0,0.2,0,18.1904601177586,1251
"p346","ssp126","GFDL-ESM4","2075",0.37,0.22,0,77,0,48,54,78.07,0,0,0.2,0,17.9471828843041,1252
"p346","ssp126","GFDL-ESM4","2075",0.32,0.15,0,95,0.3,56,62,85.79,0,0,0,0,17.9717643165129,1253
"p346","ssp126","GFDL-ESM4","2075",0.35,0.12,0,85,0,55,61,81.43,0,0,0.3,0.1,18.0920499756499,1254
"p346","ssp126","GFDL-ESM4","2075",0.44,0,0,70,0.1,56,63,78.43,0,0,0.3,0.05,18.0864979798163,1255
"p346","ssp126","GFDL-ESM4","2075",0.27,0.11,0,94,0.8,75,81,92.22,0,0,0.4,0,18.8279683845087,1256
"p346","ssp126","GFDL-ESM4","2075",0.16,0,0,95,0.1,53,62,84.98,0.2,0,0.1,0.05,18.1099498330914,1257
"p346","ssp126","GFDL-ESM4","2075",0.14,0,0,74,0.2,79,85,94.04,0,0,0,0,19.160860292874,1258
"p346","ssp126","GFDL-ESM4","2075",0.4,0.12,0,102,0,59,65,84.64,0,0,0.1,0,18.2558242452357,1259
"p346","ssp126","GFDL-ESM4","2075",0.19,0.19,0.2,87,0,65,76,89.73,0,0,0,0,18.7812012942399,1260
"p346","ssp126","GFDL-ESM4","2075",0.19,0.15,0.2,71,0.1,58,74,78.07,0,0,0.3,0,17.7081066401503,1261
"p346","ssp126","GFDL-ESM4","2075",0.26,0.1,0,67,0,46,52,71.23,0.1,0,0,0,17.2571175535191,1262
"p346","ssp126","GFDL-ESM4","2075",0.26,0.1,0,77,0.1,60,66,85.16,0,0,0.4,0.05,18.8626190887235,1263
"p346","ssp126","GFDL-ESM4","2075",0.29,0.15,0,84,0,45,51,75.52,0,0,0.3,0,17.9682423882967,1264
"p346","ssp126","GFDL-ESM4","2075",0.22,0.1,0,64,0,51,63,86.06,0,0,0.2,0,18.3037180118706,1265
"p346","ssp126","GFDL-ESM4","2075",0.15,0.39,0,91,0.2,74,80,91.87,0,0,0.1,0,19.3164287019996,1266
"p346","ssp126","GFDL-ESM4","2075",0.31,0.21,0,73,0.25,62,68,92.68,0,0,0.2,0,18.6049450315838,1267
"p346","ssp126","GFDL-ESM4","2075",0.29,0.12,0,88,0.1,74,80,98.01,0.2,0,0.1,0,18.4638432687201,1268
"p346","ssp126","GFDL-ESM4","2075",0.36,0.22,0,90,0.1,68,74,93.21,0,0,0.2,0.05,18.5405127264174,1269
"p346","ssp126","GFDL-ESM4","2075",0.34,0.42,0,106,0.1,45,54,71.34,0,0,0.1,0.05,17.4043870190571,1270
"p346","ssp126","GFDL-ESM4","2075",0.15,0,0,83,0.2,49,55,72.75,0,0,0.2,0,17.7694243711341,1271
"p346","ssp126","GFDL-ESM4","2075",0.25,0.1,0,83,0.1,59,65,87.35,0,0,0,0,18.2700172865486,1272
"p346","ssp126","GFDL-ESM4","2075",0.14,0.28,0,80,0,77,83,86.69,0,0,0.1,0.05,19.345212302333,1273
"p346","ssp126","GFDL-ESM4","2075",0.46,0.11,0,87,0.2,44,50,68.84,0.1,0,0.1,0,16.6700640122486,1274
"p346","ssp126","GFDL-ESM4","2075",0.32,0,0,66,0.1,50,56,84.05,0,0,0.1,0,18.1275307463187,1275
"p346","ssp126","GFDL-ESM4","2075",0.17,0,0,72,0.1,51,57,75.85,0.1,0,0,0,17.7755037707789,1276
"p346","ssp126","GFDL-ESM4","2075",0.36,0,0,83,0.1,59,65,82.33,0,0,0.2,0.25,18.2573358662225,1277
"p346","ssp126","GFDL-ESM4","2075",0.23,0.14,0,89,0.1,67,73,91.85,0,0,0.1,0,18.5933036056635,1278
"p346","ssp126","GFDL-ESM4","2075",0.15,0,0,76,0.2,48,54,79.67,0,0,0.4,0,18.7144826196822,1279
"p346","ssp126","GFDL-ESM4","2075",0.21,0.11,0,86,0,83,89,104.27,0,0,0.2,0,19.0055065964063,1280
"p346","ssp126","GFDL-ESM4","2075",0.3,0,0,91,0,71,77,94.49,0,0,0.2,0,17.091954338037,1281
"p346","ssp126","GFDL-ESM4","2075",0.52,0.19,0,93,0,46,71,74.3,0,0,0.2,0,19.2200933809528,1282
"p346","ssp126","GFDL-ESM4","2075",0.28,0,0,81,0.1,46,68,73.66,0,0,0.4,0,17.4005009415365,1283
"p346","ssp126","GFDL-ESM4","2075",0.11,0.21,0.2,77,0,77,93,95.2,0,0,0.1,0,18.8652470563474,1284
"p346","ssp126","GFDL-ESM4","2075",0.34,0.21,0,75,0.4,76,82,97.9,0.1,0,0,0.1,18.7668415435178,1285
"p346","ssp126","GFDL-ESM4","2075",0.24,0.34,0.2,71,0.3,48,84,77.19,0,0,0.2,0,19.6663518772964,1286
"p346","ssp126","GFDL-ESM4","2075",0.36,0.12,0,79,0.1,70,76,91.51,0,0,0.2,0,17.8728823257637,1287
"p346","ssp126","GFDL-ESM4","2075",0.42,0.1,0,90,0,50,57,79.2,0,0,0.1,0,18.0169620567825,1288
"p346","ssp126","GFDL-ESM4","2075",0.33,0,0,68,0.2,62,69,87.72,0,0,0,0,16.9413085637643,1289
"p346","ssp126","GFDL-ESM4","2075",0.11,0.38,0,93,0.2,49,83,76.48,0,0,0.3,0,18.7603047849363,1290
"p346","ssp126","GFDL-ESM4","2075",0.24,0.28,0,77,0.3,73,79,96.2,0,0,0.1,0,17.9176234653878,1291
"p346","ssp126","GFDL-ESM4","2075",0.23,0.12,0,98,0,62,70,86.27,0,0,0.8,0,18.4895788828285,1292
"p346","ssp126","GFDL-ESM4","2075",0.21,0.12,0,88,0,58,73,79.87,0.1,0,0,0.15,17.2002629349775,1293
"p346","ssp126","GFDL-ESM4","2075",0.24,0.33,0,90,0.1,61,71,90.78,0,0,0.1,0,19.1929659393255,1294
"p346","ssp126","GFDL-ESM4","2075",0.2,0.45,0,97,0.1,49,55,76.67,0.2,0,0.1,0,16.5261306524133,1295
"p346","ssp126","GFDL-ESM4","2075",0.13,0.21,0.3,78,0.2,44,63,60.15,0,0,0.1,0,17.6408257603971,1296
"p346","ssp126","GFDL-ESM4","2075",0.41,0.17,0,86,0.1,55,63,78.36,0,0,0.3,0,17.5369431471734,1297
"p346","ssp126","GFDL-ESM4","2075",0.37,0.25,0,87,0.1,58,67,85.22,0,0,0,0.05,18.3894926595871,1298
"p346","ssp126","GFDL-ESM4","2075",0.23,0.34,0,86,0.1,74,80,99.23,0,0,0.1,0,18.6954953236829,1299
"p346","ssp126","GFDL-ESM4","2075",0.29,0.2,0.2,80,0,61,75,88.41,0,0,0.1,0,18.4392102898863,1300
"p346","ssp126","INM-CM4-8","2075",0.4,0.21,0,79,0,45,51,75.49,0,0,0,0.15,17.6197565049574,1301
"p346","ssp126","INM-CM4-8","2075",0.28,0.23,0.25,89,0.2,46,52,71.8,0,0,0.1,0.05,17.4998539474019,1302
"p346","ssp126","INM-CM4-8","2075",0.47,0.22,0,87,0.1,78,90,103.35,0,0,0.1,0,18.1838199370516,1303
"p346","ssp126","INM-CM4-8","2075",0.23,0.1,0,81,0.1,60,90,88.35,0,0,0.1,0,19.2737060094836,1304
"p346","ssp126","INM-CM4-8","2075",0.45,0.27,0.25,85,0.3,52,58,80.76,0,0,0,0,17.2405479397724,1305
"p346","ssp126","INM-CM4-8","2075",0.18,0.4,0,100,0.2,51,79,80.79,0,0,0.2,0.15,18.5927484037112,1306
"p346","ssp126","INM-CM4-8","2075",0.42,0.12,0,80,0,48,77,76.8,0,0,0.2,0,18.3500418370341,1307
"p346","ssp126","INM-CM4-8","2075",0.37,0.22,0,77,0.2,46,52,78.86,0.1,0,0,0.2,17.7417804638494,1308
"p346","ssp126","INM-CM4-8","2075",0.39,0.12,0,88,0.2,48,69,83.09,0,0,0,0,18.7337220277791,1309
"p346","ssp126","INM-CM4-8","2075",0.19,0.11,0,83,0.1,47,101,82.43,0,0,0,0,19.0368021244618,1310
"p346","ssp126","INM-CM4-8","2075",0.34,0.34,0,72,0.2,78,84,92.48,0,0,0.1,0.05,19.1291038777594,1311
"p346","ssp126","INM-CM4-8","2075",0.3,0,0,98,0.1,60,66,89.09,0,0,0.1,0,17.3053064643988,1312
"p346","ssp126","INM-CM4-8","2075",0.42,0.1,0,79,0,57,66,76.03,0,0,0.1,0,16.9640260735491,1313
"p346","ssp126","INM-CM4-8","2075",0.34,0.31,0,76,0.1,51,83,81.34,0.1,0,0.1,0.2,17.5264222484369,1314
"p346","ssp126","INM-CM4-8","2075",0.35,0.34,0,85,0.1,63,73,89.19,0,0,0,0,17.7700670109141,1315
"p346","ssp126","INM-CM4-8","2075",0.36,0.26,0,98,0.1,46,52,74.67,0,0,0,0.1,17.8265927012475,1316
"p346","ssp126","INM-CM4-8","2075",0.16,0.33,0.2,87,0.4,51,70,78.4,0,0,0.1,0,17.9418961384934,1317
"p346","ssp126","INM-CM4-8","2075",0.33,0.66,0,100,0.1,57,63,85.91,0,0,0.1,0,17.8003064247505,1318
"p346","ssp126","INM-CM4-8","2075",0.64,0.42,0,90,0.3,54,60,84.02,0.1,0,0.1,0,17.5816310996893,1319
"p346","ssp126","INM-CM4-8","2075",0.66,0.26,0,64,0.2,51,83,78.99,0,0,0.3,0,19.5255597763589,1320
"p346","ssp126","INM-CM4-8","2075",0.6,0.49,0,98,0.1,60,66,82.75,0,0,0,0.05,18.4440490497785,1321
"p346","ssp126","INM-CM4-8","2075",0.39,0.18,0,90,0.6,71,77,97.37,0,0,0.1,0,17.9811380215953,1322
"p346","ssp126","INM-CM4-8","2075",0.32,0.26,0,83,0.15,44,50,78.54,0.1,0,0.1,0.05,17.2319742246574,1323
"p346","ssp126","INM-CM4-8","2075",0.29,0.22,0,95,0.2,45,51,77.9,0,0,0.1,0,18.1237771367142,1324
"p346","ssp126","INM-CM4-8","2075",0.39,0.42,0,90,0.1,53,64,66.03,0,0,0.2,0.1,18.1587605757446,1325
"p346","ssp126","INM-CM4-8","2075",0.22,0,0,97,0,52,58,85.21,0,0,0,0,18.8205911479827,1326
"p346","ssp126","INM-CM4-8","2075",0.38,0.11,0,64,0.1,66,72,89.09,0,0,0.3,0,18.6312966722081,1327
"p346","ssp126","INM-CM4-8","2075",0.4,0.25,0,84,0.35,53,69,83.08,0,0,0,0.05,18.3336792474842,1328
"p346","ssp126","INM-CM4-8","2075",0.54,0.58,0,72,0,48,54,75.49,0,0,0,0.05,18.0763341227501,1329
"p346","ssp126","INM-CM4-8","2075",0.35,0.11,0,91,0,45,51,74.23,0,0,0.2,0.3,17.3748974334061,1330
"p346","ssp126","INM-CM4-8","2075",0.4,0.35,0,80,0.25,48,79,81.3,0,0,0,0,17.4830123089244,1331
"p346","ssp126","INM-CM4-8","2075",0.27,0.22,0,82,0.35,58,64,79.92,0,0,0.1,0,18.3147667555051,1332
"p346","ssp126","INM-CM4-8","2075",0.51,0.1,0,93,0.2,78,84,98.19,0,0,0.1,0,17.8900853649018,1333
"p346","ssp126","INM-CM4-8","2075",0.41,0.18,0,82,0,53,59,78.53,0,0,0.1,0.05,18.1576110898707,1334
"p346","ssp126","INM-CM4-8","2075",0.31,0.26,0,88,0.15,53,59,81.23,0.3,0,0.3,0,16.5795872588181,1335
"p346","ssp126","INM-CM4-8","2075",0.48,0.43,0,89,0.1,64,73,87.47,0,0,0,0,18.0896472244418,1336
"p346","ssp126","INM-CM4-8","2075",0.46,0.51,0,92,0.1,79,85,102.63,0,0,0,0,17.6452994184298,1337
"p346","ssp126","INM-CM4-8","2075",0.32,0.45,0.2,91,0,44,50,77.94,0,0,0.1,0,17.2144091854905,1338
"p346","ssp126","INM-CM4-8","2075",0.33,0,0,84,0.3,57,63,88.55,0.1,0,0,0.1,16.6034040849989,1339
"p346","ssp126","INM-CM4-8","2075",0.42,0.5,0,75,0.1,48,54,81.16,0,0,0.1,0,17.0761839417775,1340
"p346","ssp126","INM-CM4-8","2075",0.46,0.48,0,109,0.1,51,67,83.28,0,0,0,0,18.0321617680977,1341
"p346","ssp126","INM-CM4-8","2075",0.38,0.1,0,93,0.1,56,62,83.69,0,0,0,0.05,18.6064053016751,1342
"p346","ssp126","INM-CM4-8","2075",0.31,0.34,0,90,0.2,90,96,112.6,0,0,0,0,18.5219518403788,1343
"p346","ssp126","INM-CM4-8","2075",0.29,0.25,0,99,0.1,73,79,89.55,0,0,0,0.05,18.3109018744762,1344
"p346","ssp126","INM-CM4-8","2075",0.3,0.58,0.2,101,0.15,76,82,96.93,0,0,0.2,0.05,18.1801100102022,1345
"p346","ssp126","INM-CM4-8","2075",0.39,0.21,0,95,0.1,57,66,81.82,0,0,0,0.05,18.6813879238314,1346
"p346","ssp126","INM-CM4-8","2075",0.31,0.33,0,90,0.1,103,109,119.07,0,0,0,0,20.3030962308013,1347
"p346","ssp126","INM-CM4-8","2075",0.33,0.36,0,83,0.1,53,62,81.57,0,0,0.3,0,17.4065229429024,1348
"p346","ssp126","INM-CM4-8","2075",0.48,0.16,0,82,0,62,68,87.3,0,0,0.3,0,18.466001477335,1349
"p346","ssp126","INM-CM4-8","2075",0.23,0,0.2,69,0.1,49,94,74.13,0.1,0,0,0,18.1689615625241,1350
"p346","ssp126","INM-CM4-8","2075",0.22,0.32,0,82,0.1,54,69,83.85,0,0,0.1,0,18.1872622121022,1351
"p346","ssp126","INM-CM4-8","2075",0.37,0.23,0,79,0.1,49,55,80.29,0,0,0,0,17.5312119745676,1352
"p346","ssp126","INM-CM4-8","2075",0.32,0.16,0,97,0.4,57,63,87.55,0,0,0,0,17.5959674749819,1353
"p346","ssp126","INM-CM4-8","2075",0.35,0.14,0,87,0,56,62,83.84,0,0,0.3,0.1,17.749991439155,1354
"p346","ssp126","INM-CM4-8","2075",0.44,0.1,0,77,0.1,61,67,84.63,0,0,0.3,0.05,17.8838243357936,1355
"p346","ssp126","INM-CM4-8","2075",0.27,0.11,0,93,0.6,81,87,95.52,0,0,0.2,0,18.6154350207039,1356
"p346","ssp126","INM-CM4-8","2075",0.16,0,0,94,0.1,55,66,89,0.2,0,0.1,0.05,17.7386504552121,1357
"p346","ssp126","INM-CM4-8","2075",0.14,0,0.2,77,0.2,79,85,97.18,0,0,0.1,0,18.9270777937075,1358
"p346","ssp126","INM-CM4-8","2075",0.4,0.13,0,100,0,62,68,88.71,0,0,0.1,0,18.1931550792028,1359
"p346","ssp126","INM-CM4-8","2075",0.19,0.19,0.2,88,0,79,85,102.02,0,0,0,0,18.7203806635859,1360
"p346","ssp126","INM-CM4-8","2075",0.26,0.25,0.2,77,0.1,94,100,107.37,0,0,0.2,0,18.7454675239861,1361
"p346","ssp126","INM-CM4-8","2075",0.26,0.1,0,70,0,46,52,73.63,0.1,0,0.1,0,16.9434042873492,1362
"p346","ssp126","INM-CM4-8","2075",0.26,0.1,0,88,0.1,60,66,84.88,0,0,0.3,0,18.6690604564844,1363
"p346","ssp126","INM-CM4-8","2075",0.29,0.28,0,88,0,45,52,75.19,0,0,0.2,0,17.5423854572363,1364
"p346","ssp126","INM-CM4-8","2075",0.22,0.24,0,67,0,51,68,87.08,0,0,0.2,0,18.1284563195808,1365
"p346","ssp126","INM-CM4-8","2075",0.15,0.43,0,91,0.1,75,81,93.52,0,0,0,0,19.1475614259875,1366
"p346","ssp126","INM-CM4-8","2075",0.3,0.21,0,75,0.45,64,70,91.97,0,0,0.2,0,18.272846434769,1367
"p346","ssp126","INM-CM4-8","2075",0.35,0.12,0,89,0.1,77,83,98.63,0.1,0,0.1,0,18.3020316666812,1368
"p346","ssp126","INM-CM4-8","2075",0.31,0.34,0,88,0.2,69,75,93.74,0,0,0.2,0.05,18.4731146648331,1369
"p346","ssp126","INM-CM4-8","2075",0.35,0.6,0,102,0.1,45,56,73.69,0,0,0,0,17.0817783576304,1370
"p346","ssp126","INM-CM4-8","2075",0.15,0.1,0.2,86,0.2,49,55,76.38,0,0,0.2,0,17.2991503809647,1371
"p346","ssp126","INM-CM4-8","2075",0.25,0.1,0,88,0.2,59,65,87.07,0,0,0,0,17.9446507695193,1372
"p346","ssp126","INM-CM4-8","2075",0.14,0.29,0,83,0,78,84,90.66,0,0,0.2,0.05,19.1162815448351,1373
"p346","ssp126","INM-CM4-8","2075",0.46,0.11,0,86,0.2,45,51,73.02,0.2,0,0.1,0,16.2468511497023,1374
"p346","ssp126","INM-CM4-8","2075",0.32,0.1,0,72,0.2,51,57,85.52,0,0,0.1,0,17.6400773518245,1375
"p346","ssp126","INM-CM4-8","2075",0.17,0,0,75,0.15,52,58,78.67,0.1,0,0,0.05,17.3934350092454,1376
"p346","ssp126","INM-CM4-8","2075",0.36,0.22,0,86,0.3,62,68,87.36,0,0,0.1,0.25,17.7999090285338,1377
"p346","ssp126","INM-CM4-8","2075",0.15,0.14,0,89,0.1,68,74,94.63,0,0,0.1,0,18.4279134532142,1378
"p346","ssp126","INM-CM4-8","2075",0.15,0.2,0,80,0.2,48,54,78.42,0,0,0.3,0,18.2763315956664,1379
"p346","ssp126","INM-CM4-8","2075",0.16,0.11,0,85,0.1,84,90,106.14,0,0,0.1,0,18.9041134692281,1380
"p346","ssp126","INM-CM4-8","2075",0.35,0,0,92,0,72,78,98.7,0,0,0.3,0,16.7881362127536,1381
"p346","ssp126","INM-CM4-8","2075",0.52,0.29,0,96,0,46,74,77.46,0,0,0.1,0,19.1444463525719,1382
"p346","ssp126","INM-CM4-8","2075",0.26,0.37,0,88,0.1,69,76,91.47,0,0,0.3,0,17.1170511430777,1383
"p346","ssp126","INM-CM4-8","2075",0.11,0.21,0,77,0.1,93,99,109.62,0,0,0.1,0,18.9588305929401,1384
"p346","ssp126","INM-CM4-8","2075",0.34,0.21,0,82,0.3,88,103,108.41,0,0,0,0.1,20.1426037345562,1385
"p346","ssp126","INM-CM4-8","2075",0.23,0.36,0.2,76,0.3,48,84,79.63,0,0,0.1,0,19.7034858257832,1386
"p346","ssp126","INM-CM4-8","2075",0.41,0.12,0,77,0.1,72,81,94.57,0,0,0.1,0,17.8251842762382,1387
"p346","ssp126","INM-CM4-8","2075",0.39,0.2,0,84,0,51,60,82.22,0,0,0,0,17.7707628864169,1388
"p346","ssp126","INM-CM4-8","2075",0.34,0,0,70,0.2,86,100,106.6,0,0,0,0,18.0020713946038,1389
"p346","ssp126","INM-CM4-8","2075",0.11,0.37,0,92,0.2,81,87,101.46,0,0,0.3,0,18.9623205827505,1390
"p346","ssp126","INM-CM4-8","2075",0.26,0.29,0,79,0.3,76,82,99.6,0,0,0,0,17.7976934762372,1391
"p346","ssp126","INM-CM4-8","2075",0.28,0.12,0,95,0.2,77,83,99.17,0,0,0.5,0,18.7793639026395,1392
"p346","ssp126","INM-CM4-8","2075",0.21,0.12,0,85,0,59,108,84.67,0,0,0,0.15,19.5216223929536,1393
"p346","ssp126","INM-CM4-8","2075",0.24,0.43,0,91,0.1,62,75,92.54,0,0,0.1,0,19.2468656298783,1394
"p346","ssp126","INM-CM4-8","2075",0.2,0.45,0,97,0.35,49,55,80.92,0.2,0,0.2,0,16.3412400602999,1395
"p346","ssp126","INM-CM4-8","2075",0.13,0.21,0.3,80,0.1,45,70,67.24,0,0,0.1,0,17.4595150890463,1396
"p346","ssp126","INM-CM4-8","2075",0.42,0.42,0,88,0.1,61,67,84.87,0,0,0.3,0,17.3030801408784,1397
"p346","ssp126","INM-CM4-8","2075",0.37,0.27,0,87,0.1,58,69,87.04,0,0,0,0.05,18.0880904452282,1398
"p346","ssp126","INM-CM4-8","2075",0.23,0.49,0,88,0,75,81,101.5,0,0,0.1,0,18.4370362066586,1399
"p346","ssp126","INM-CM4-8","2075",0.29,0.2,0,80,0,75,91,100.1,0,0,0,0,19.2829910875575,1400
"p346","ssp126","INM-CM5-0","2075",0.4,0.22,0,78,0,45,51,73.88,0,0,0,0.1,17.6743187254616,1401
"p346","ssp126","INM-CM5-0","2075",0.28,0.11,0.25,86,0.2,45,51,69.82,0,0,0.1,0,17.7772489618783,1402
"p346","ssp126","INM-CM5-0","2075",0.47,0.12,0,86,0.1,48,60,79.82,0,0,0.1,0,17.1719432828803,1403
"p346","ssp126","INM-CM5-0","2075",0.23,0.1,0,79,0.2,59,65,87.28,0,0,0.1,0,18.0714153190288,1404
"p346","ssp126","INM-CM5-0","2075",0.5,0.27,0.25,83,0.3,51,57,81.18,0,0,0,0,17.4423569146748,1405
"p346","ssp126","INM-CM5-0","2075",0.18,0.38,0,99,0.2,47,53,76.91,0.2,0,0.3,0,17.616765272011,1406
"p346","ssp126","INM-CM5-0","2075",0.42,0.12,0,75,0,46,65,74.7,0,0,0.2,0,18.0117464444518,1407
"p346","ssp126","INM-CM5-0","2075",0.37,0.23,0,76,0.1,45,51,77.37,0.1,0,0.1,0.15,18.2064798094977,1408
"p346","ssp126","INM-CM5-0","2075",0.33,0.14,0,86,0.3,46,52,81.98,0,0,0.1,0,18.3484057129762,1409
"p346","ssp126","INM-CM5-0","2075",0.13,0,0.2,80,0.1,46,70,80.35,0.4,0,0.1,0,17.0218233924506,1410
"p346","ssp126","INM-CM5-0","2075",0.33,0.13,0,69,0.2,53,59,74.99,0.1,0,0,0.05,18.1248341657159,1411
"p346","ssp126","INM-CM5-0","2075",0.31,0,0,93,0.2,59,65,87.85,0,0,0.1,0,17.4149526816207,1412
"p346","ssp126","INM-CM5-0","2075",0.42,0.1,0.25,80,0,52,58,71.6,0,0,0.1,0,17.175747656931,1413
"p346","ssp126","INM-CM5-0","2075",0.41,0.34,0.2,75,0.2,49,55,77.95,0.1,0,0,0.1,16.6526305732751,1414
"p346","ssp126","INM-CM5-0","2075",0.35,0.35,0,84,0.1,51,57,79.67,0,0,0,0,17.5086393866903,1415
"p346","ssp126","INM-CM5-0","2075",0.36,0.26,0,99,0.1,45,51,69.54,0,0,0,0.1,17.8870018748192,1416
"p346","ssp126","INM-CM5-0","2075",0.15,0.34,0.2,84,0.4,45,51,74.06,0,0,0.1,0,17.1848922113951,1417
"p346","ssp126","INM-CM5-0","2075",0.28,0.5,0,97,0.1,56,62,85.39,0,0,0,0,17.9511847970725,1418
"p346","ssp126","INM-CM5-0","2075",0.61,0.39,0,93,0.3,51,57,81.71,0.1,0,0,0,17.9232803800662,1419
"p346","ssp126","INM-CM5-0","2075",0.68,0.26,0,69,0.3,49,74,77.95,0,0,0.2,0,19.2382792255179,1420
"p346","ssp126","INM-CM5-0","2075",0.6,0.48,0,94,0.1,59,65,81.24,0,0,0,0.05,18.5368037700227,1421
"p346","ssp126","INM-CM5-0","2075",0.39,0.3,0,85,0.5,71,77,97.53,0,0,0.2,0,18.0702754246956,1422
"p346","ssp126","INM-CM5-0","2075",0.38,0.13,0,83,0.15,44,50,75.9,0.1,0,0.1,0,17.3766099609658,1423
"p346","ssp126","INM-CM5-0","2075",0.24,0.34,0,94,0.2,44,50,74.99,0,0,0.1,0,18.5883987952266,1424
"p346","ssp126","INM-CM5-0","2075",0.44,0.44,0,88,0.1,49,55,62.72,0,0,0.5,0.1,18.0930630133843,1425
"p346","ssp126","INM-CM5-0","2075",0.24,0,0,101,0.2,51,57,83.23,0,0,0,0,19.0864930516197,1426
"p346","ssp126","INM-CM5-0","2075",0.37,0.21,0.25,63,0.1,65,71,90.87,0,0,0.3,0,18.6528593345339,1427
"p346","ssp126","INM-CM5-0","2075",0.32,0.36,0,82,0.5,51,57,83.04,0,0,0,0.05,17.973017551349,1428
"p346","ssp126","INM-CM5-0","2075",0.47,0.58,0,70,0,47,53,75.25,0,0,0,0,18.4178316575529,1429
"p346","ssp126","INM-CM5-0","2075",0.31,0.11,0,87,0,45,51,74.85,0,0,0.2,0.2,17.8603443023103,1430
"p346","ssp126","INM-CM5-0","2075",0.41,0.35,0,81,0.25,46,52,80.28,0.1,0,0,0,16.4844319188687,1431
"p346","ssp126","INM-CM5-0","2075",0.27,0.21,0,81,0.35,57,63,81.34,0,0,0,0,18.5416143680927,1432
"p346","ssp126","INM-CM5-0","2075",0.52,0.1,0,87,0.2,69,78,91.89,0,0,0.1,0,17.8319946113857,1433
"p346","ssp126","INM-CM5-0","2075",0.41,0.18,0,81,0,52,58,77.5,0,0,0,0.05,18.2989246740571,1434
"p346","ssp126","INM-CM5-0","2075",0.36,0.16,0,86,0.15,51,57,79.12,0.2,0,0.2,0,16.9452110566888,1435
"p346","ssp126","INM-CM5-0","2075",0.48,0.54,0,89,0.1,62,68,86.07,0,0,0,0,18.1930825423384,1436
"p346","ssp126","INM-CM5-0","2075",0.46,0.61,0,90,0.2,76,82,101.7,0,0,0,0,17.522381652677,1437
"p346","ssp126","INM-CM5-0","2075",0.25,0.45,0.2,89,0,44,50,76.21,0,0,0,0,17.6321254751155,1438
"p346","ssp126","INM-CM5-0","2075",0.35,0.1,0,82,0.1,47,53,79.26,0.1,0,0.1,0.05,16.8166874016854,1439
"p346","ssp126","INM-CM5-0","2075",0.4,0.49,0,73,0.1,47,53,78.56,0,0,0.1,0,17.3617241083181,1440
"p346","ssp126","INM-CM5-0","2075",0.46,0.48,0,108,0.1,50,56,81.1,0,0,0,0,18.0186878159154,1441
"p346","ssp126","INM-CM5-0","2075",0.38,0.12,0,92,0.1,55,61,82.52,0,0,0.1,0,18.9180195544229,1442
"p346","ssp126","INM-CM5-0","2075",0.31,0.34,0,89,0.2,57,91,91.19,0,0,0,0,18.5087715748036,1443
"p346","ssp126","INM-CM5-0","2075",0.29,0.26,0,98,0.1,58,70,80,0,0,0,0,18.1379014796658,1444
"p346","ssp126","INM-CM5-0","2075",0.3,0.58,0.2,103,0.15,60,77,86.43,0,0,0.1,0,18.039427910831,1445
"p346","ssp126","INM-CM5-0","2075",0.39,0.11,0,96,0.1,53,59,78.91,0,0,0.1,0,18.7166483451644,1446
"p346","ssp126","INM-CM5-0","2075",0.31,0.3,0,90,0.1,62,106,90.4,0,0,0,0,19.9470244032107,1447
"p346","ssp126","INM-CM5-0","2075",0.33,0.36,0,81,0.1,52,58,80.39,0,0,0.2,0,17.6843348693921,1448
"p346","ssp126","INM-CM5-0","2075",0.44,0.22,0,80,0,61,67,88.01,0,0,0.3,0,18.4383033663906,1449
"p346","ssp126","INM-CM5-0","2075",0.23,0,0.2,66,0.3,47,53,71.84,0.1,0,0,0,16.2918300559351,1450
"p346","ssp126","INM-CM5-0","2075",0.22,0.32,0,81,0.2,45,51,74.11,0,0,0.1,0,17.935025441761,1451
"p346","ssp126","INM-CM5-0","2075",0.37,0.24,0,76,0.1,48,54,79.17,0,0,0.2,0,17.8294649306794,1452
"p346","ssp126","INM-CM5-0","2075",0.32,0.14,0,93,0.4,52,59,85.62,0,0,0,0,17.8540092165863,1453
"p346","ssp126","INM-CM5-0","2075",0.32,0.26,0,86,0,47,54,76.81,0,0,0.3,0.1,17.9417032326115,1454
"p346","ssp126","INM-CM5-0","2075",0.44,0,0,77,0.1,55,61,78.4,0,0,0.3,0,17.9966653342064,1455
"p346","ssp126","INM-CM5-0","2075",0.27,0.11,0,89,0.8,45,76,71.33,0,0,0.2,0,18.4162507587307,1456
"p346","ssp126","INM-CM5-0","2075",0.16,0,0,95,0.2,52,58,85.6,0.2,0,0,0,17.8390348443622,1457
"p346","ssp126","INM-CM5-0","2075",0.14,0,0.2,75,0.2,79,85,97.97,0,0,0,0,19.022229047639,1458
"p346","ssp126","INM-CM5-0","2075",0.4,0.13,0,100,0,53,60,84.26,0,0,0,0,18.1174897558823,1459
"p346","ssp126","INM-CM5-0","2075",0.19,0.19,0.2,85,0,65,76,92.35,0,0,0,0,18.6450717350258,1460
"p346","ssp126","INM-CM5-0","2075",0.19,0.25,0.2,77,0.1,57,67,81.26,0,0,0.3,0,17.2726863316292,1461
"p346","ssp126","INM-CM5-0","2075",0.26,0.1,0,66,0,45,51,71.84,0.1,0,0,0,17.3655729032942,1462
"p346","ssp126","INM-CM5-0","2075",0.26,0.2,0,85,0.1,59,65,86.17,0,0,0.3,0.05,18.8764604738086,1463
"p346","ssp126","INM-CM5-0","2075",0.29,0.42,0,83,0,45,51,75.17,0,0,0.2,0,17.9534960919825,1464
"p346","ssp126","INM-CM5-0","2075",0.22,0.24,0,64,0,49,55,84.58,0,0,0.2,0,17.8116661952833,1465
"p346","ssp126","INM-CM5-0","2075",0.15,0.45,0,88,0.2,74,80,94.25,0,0,0.1,0,19.1937060126037,1466
"p346","ssp126","INM-CM5-0","2075",0.3,0.22,0,75,0.3,47,61,78.75,0,0,0.1,0,18.3778348219333,1467
"p346","ssp126","INM-CM5-0","2075",0.29,0.12,0,88,0.1,56,74,84.66,0.1,0,0,0,18.1905978139416,1468
"p346","ssp126","INM-CM5-0","2075",0.31,0.33,0,90,0.1,68,74,95,0,0,0.1,0,18.3737135413344,1469
"p346","ssp126","INM-CM5-0","2075",0.34,0.5,0,104,0.1,44,52,70.36,0,0,0.1,0.05,17.3078067040513,1470
"p346","ssp126","INM-CM5-0","2075",0.15,0.12,0.2,86,0.2,48,54,76.28,0,0,0.2,0,17.7583384241669,1471
"p346","ssp126","INM-CM5-0","2075",0.25,0.1,0,84,0.2,58,64,85.14,0,0,0,0,18.0799124732966,1472
"p346","ssp126","INM-CM5-0","2075",0.19,0.29,0,83,0,77,83,89.47,0,0,0.1,0.05,19.1254333857453,1473
"p346","ssp126","INM-CM5-0","2075",0.46,0.12,0,90,0.1,44,50,69.39,0,0,0.1,0,16.5792549402811,1474
"p346","ssp126","INM-CM5-0","2075",0.32,0.1,0,71,0.2,49,55,83.11,0,0,0.1,0,17.9742566720162,1475
"p346","ssp126","INM-CM5-0","2075",0.17,0.1,0,72,0.15,51,57,78.09,0.1,0,0,0,17.7160637357497,1476
"p346","ssp126","INM-CM5-0","2075",0.41,0.23,0,82,0.2,58,64,85.02,0,0,0.2,0.15,18.0546033786504,1477
"p346","ssp126","INM-CM5-0","2075",0.15,0.24,0,91,0.1,65,71,93.67,0,0,0.1,0,18.3778756980061,1478
"p346","ssp126","INM-CM5-0","2075",0.15,0.2,0,77,0.2,46,52,77.23,0,0,0.3,0,18.6106481170538,1479
"p346","ssp126","INM-CM5-0","2075",0.14,0.12,0,84,0.2,84,90,107.82,0,0,0.1,0,18.9934424103495,1480
"p346","ssp126","INM-CM5-0","2075",0.3,0,0,90,0,46,71,81.91,0,0,0.1,0,17.0518230181001,1481
"p346","ssp126","INM-CM5-0","2075",0.51,0.29,0,91,0,45,63,75.82,0,0,0.1,0,18.6767572125335,1482
"p346","ssp126","INM-CM5-0","2075",0.26,0.24,0,85,0.1,45,55,73.04,0,0,0.4,0,16.6184824126277,1483
"p346","ssp126","INM-CM5-0","2075",0.11,0.22,0,75,0.2,77,93,97.55,0,0,0,0,18.7741356730329,1484
"p346","ssp126","INM-CM5-0","2075",0.34,0.21,0,72,0.45,76,85,101.55,0,0,0,0.1,18.7201100678458,1485
"p346","ssp126","INM-CM5-0","2075",0.23,0.36,0.4,74,0.4,47,82,80.26,0,0,0.2,0,19.7761914496501,1486
"p346","ssp126","INM-CM5-0","2075",0.36,0.12,0,73,0.1,52,72,80.6,0,0,0.1,0,17.6573171217757,1487
"p346","ssp126","INM-CM5-0","2075",0.39,0.1,0,88,0,48,54,80.91,0,0,0,0,17.8375383169347,1488
"p346","ssp126","INM-CM5-0","2075",0.33,0,0,65,0.2,62,68,89.58,0,0,0,0,16.699002538723,1489
"p346","ssp126","INM-CM5-0","2075",0.11,0.37,0,93,0.3,48,82,79.42,0,0,0.2,0,18.6034123302102,1490
"p346","ssp126","INM-CM5-0","2075",0.24,0.3,0,77,0.3,73,79,100.07,0,0,0.1,0,17.8896345171314,1491
"p346","ssp126","INM-CM5-0","2075",0.23,0.13,0,97,0,46,63,76.16,0,0,0.4,0,18.1248362918413,1492
"p346","ssp126","INM-CM5-0","2075",0.21,0.34,0,86,0,58,73,82.68,0.1,0,0,0.05,16.9707771823896,1493
"p346","ssp126","INM-CM5-0","2075",0.24,0.43,0,93,0.1,57,63,90.24,0,0,0.1,0,18.8259268540148,1494
"p346","ssp126","INM-CM5-0","2075",0.21,0.41,0,96,0.3,48,54,78.26,0.2,0,0.1,0,16.3959393057477,1495
"p346","ssp126","INM-CM5-0","2075",0.13,0.22,0.3,79,0.2,44,50,61.69,0,0,0.1,0,17.0106396406933,1496
"p346","ssp126","INM-CM5-0","2075",0.48,0.18,0,85,0.1,53,59,80.37,0,0,0.2,0,17.4133034473762,1497
"p346","ssp126","INM-CM5-0","2075",0.36,0.44,0,87,0.1,57,65,87.14,0,0,0,0,18.1681248050341,1498
"p346","ssp126","INM-CM5-0","2075",0.23,0.51,0,86,0.1,74,80,102.54,0,0,0.1,0,18.5135111508911,1499
"p346","ssp126","INM-CM5-0","2075",0.32,0.3,0,79,0,57,63,88.69,0,0,0.1,0,17.8903477645097,1500
"p346","ssp126","IPSL-CM6A-LR","2075",0.4,0.25,0,88,0,45,51,75.92,0,0,0,0.2,18.0081304563061,1501
"p346","ssp126","IPSL-CM6A-LR","2075",0.28,0.21,0,92,0.2,45,51,72.79,0,0,0.1,0.05,17.7964953755703,1502
"p346","ssp126","IPSL-CM6A-LR","2075",0.47,0.24,0,94,0.1,49,76,84.41,0,0,0,0,17.8730942722396,1503
"p346","ssp126","IPSL-CM6A-LR","2075",0.23,0.12,0,91,0.1,59,80,86.89,0,0,0.1,0,18.8273316430997,1504
"p346","ssp126","IPSL-CM6A-LR","2075",0.52,0.27,0.25,92,0.3,52,58,82.37,0,0,0,0,17.419691722696,1505
"p346","ssp126","IPSL-CM6A-LR","2075",0.18,0.53,0,107,0.2,48,54,80.42,0.2,0,0.2,0.15,17.5140274818194,1506
"p346","ssp126","IPSL-CM6A-LR","2075",0.42,0.12,0,90,0,47,66,79.01,0,0,0.2,0,18.1990680794994,1507
"p346","ssp126","IPSL-CM6A-LR","2075",0.37,0.34,0,82,0.1,45,51,76.51,0.1,0,0.1,0.25,18.151543847853,1508
"p346","ssp126","IPSL-CM6A-LR","2075",0.33,0.17,0,98,0.2,47,66,83.67,0,0,0,0.05,18.9089713326843,1509
"p346","ssp126","IPSL-CM6A-LR","2075",0.19,0,0,89,0.1,46,70,81.41,0.4,0,0,0,17.192065320243,1510
"p346","ssp126","IPSL-CM6A-LR","2075",0.33,0.23,0,80,0.2,54,75,76.82,0,0,0,0.15,19.1449090308112,1511
"p346","ssp126","IPSL-CM6A-LR","2075",0.31,0.21,0,106,0.1,59,65,90.09,0,0,0.1,0,17.3692602763161,1512
"p346","ssp126","IPSL-CM6A-LR","2075",0.42,0.1,0.5,95,0,53,59,73.21,0,0,0.2,0,17.2540185762101,1513
"p346","ssp126","IPSL-CM6A-LR","2075",0.44,0.58,0.2,80,0.1,50,57,81.24,0,0,0.1,0.2,16.6903350157343,1514
"p346","ssp126","IPSL-CM6A-LR","2075",0.35,0.36,0,92,0.1,59,65,86.95,0,0,0,0,17.6110150449861,1515
"p346","ssp126","IPSL-CM6A-LR","2075",0.36,0.36,0,111,0.1,46,52,73.89,0,0,0,0.1,17.9912460519239,1516
"p346","ssp126","IPSL-CM6A-LR","2075",0.15,0.4,0.2,97,0.4,49,67,78.16,0,0,0.1,0.05,17.8648702502562,1517
"p346","ssp126","IPSL-CM6A-LR","2075",0.28,0.62,0,111,0.1,56,62,86.43,0,0,0.1,0,18.1882732693669,1518
"p346","ssp126","IPSL-CM6A-LR","2075",0.66,0.43,0,96,0.3,52,58,83.5,0,0,0,0,18.0915173514766,1519
"p346","ssp126","IPSL-CM6A-LR","2075",0.69,0.4,0,75,0.2,50,76,80.5,0,0,0.2,0,19.2336926882767,1520
"p346","ssp126","IPSL-CM6A-LR","2075",0.6,0.49,0,104,0.1,59,65,82.21,0,0,0,0.15,18.5641895746159,1521
"p346","ssp126","IPSL-CM6A-LR","2075",0.43,0.4,0,98,0.5,71,77,99.43,0,0,0.1,0.05,18.0928110785117,1522
"p346","ssp126","IPSL-CM6A-LR","2075",0.38,0.36,0,95,0.15,44,50,76.68,0.1,0,0.1,0.05,17.527690162346,1523
"p346","ssp126","IPSL-CM6A-LR","2075",0.25,0.39,0,103,0.2,45,51,78.31,0,0,0.1,0,18.3906001346733,1524
"p346","ssp126","IPSL-CM6A-LR","2075",0.44,0.54,0,101,0.1,52,58,70.44,0,0,0.3,0.1,18.0539778501083,1525
"p346","ssp126","IPSL-CM6A-LR","2075",0.24,0.14,0,108,0,51,57,85.64,0,0,0,0,19.1689519140477,1526
"p346","ssp126","IPSL-CM6A-LR","2075",0.38,0.22,0.25,74,0,65,71,92.32,0,0,0.4,0,18.6763699747868,1527
"p346","ssp126","IPSL-CM6A-LR","2075",0.4,0.47,0,90,0.3,52,58,82.65,0,0,0,0.05,18.0881602529651,1528
"p346","ssp126","IPSL-CM6A-LR","2075",0.54,0.62,0,81,0,47,53,77.84,0,0,0,0.05,18.4338433736323,1529
"p346","ssp126","IPSL-CM6A-LR","2075",0.37,0.23,0,100,0,45,51,76.49,0,0,0.1,0.3,17.7868111874749,1530
"p346","ssp126","IPSL-CM6A-LR","2075",0.41,0.47,0,89,0.25,47,53,81.21,0.1,0,0.1,0,16.7172862003273,1531
"p346","ssp126","IPSL-CM6A-LR","2075",0.27,0.38,0,90,0.35,58,64,83.14,0,0,0,0,18.7790683474398,1532
"p346","ssp126","IPSL-CM6A-LR","2075",0.52,0.1,0,99,0.2,69,78,93.09,0,0,0.1,0,18.3001180304893,1533
"p346","ssp126","IPSL-CM6A-LR","2075",0.42,0.18,0,92,0,52,58,79.28,0,0,0,0.1,18.4058517890056,1534
"p346","ssp126","IPSL-CM6A-LR","2075",0.36,0.16,0,97,0.15,52,58,82.46,0.1,0,0.2,0,16.8660728017869,1535
"p346","ssp126","IPSL-CM6A-LR","2075",0.54,0.55,0,98,0.1,63,69,89.2,0,0,0,0,18.2062162914431,1536
"p346","ssp126","IPSL-CM6A-LR","2075",0.46,0.7,0,97,0.1,76,82,101.58,0,0,0,0.1,17.5578935798208,1537
"p346","ssp126","IPSL-CM6A-LR","2075",0.25,0.5,0,97,0,44,50,78.79,0,0,0,0,17.768121780291,1538
"p346","ssp126","IPSL-CM6A-LR","2075",0.35,0.21,0,98,0.1,51,58,84.45,0.1,0,0.1,0.25,16.9835547246186,1539
"p346","ssp126","IPSL-CM6A-LR","2075",0.42,0.49,0,82,0.1,48,54,81.38,0,0,0.1,0.05,17.3611472729573,1540
"p346","ssp126","IPSL-CM6A-LR","2075",0.51,0.53,0,110,0.1,51,57,83.77,0,0,0,0,18.0234185945851,1541
"p346","ssp126","IPSL-CM6A-LR","2075",0.38,0.34,0,101,0.1,56,62,84.6,0,0,0.1,0.05,19.0846201082831,1542
"p346","ssp126","IPSL-CM6A-LR","2075",0.31,0.36,0,96,0.2,57,91,90.74,0,0,0,0,18.4698089570718,1543
"p346","ssp126","IPSL-CM6A-LR","2075",0.29,0.41,0,103,0.1,58,72,82.36,0,0,0,0.05,18.3513978383083,1544
"p346","ssp126","IPSL-CM6A-LR","2075",0.3,0.7,0,110,0.15,75,81,97.08,0,0,0.2,0.05,18.1461213440996,1545
"p346","ssp126","IPSL-CM6A-LR","2075",0.39,0.52,0,111,0.1,54,60,80.87,0,0,0.1,0.05,18.5364223533161,1546
"p346","ssp126","IPSL-CM6A-LR","2075",0.31,0.31,0,96,0.1,62,106,91.97,0,0,0.1,0,19.7722505960754,1547
"p346","ssp126","IPSL-CM6A-LR","2075",0.33,0.38,0,83,0.1,52,58,81.81,0,0,0.2,0,17.7273486474659,1548
"p346","ssp126","IPSL-CM6A-LR","2075",0.46,0.22,0,92,0,62,68,90.85,0,0,0.2,0,18.5758015458588,1549
"p346","ssp126","IPSL-CM6A-LR","2075",0.23,0,0.3,83,0.1,48,91,73.1,0.1,0,0,0,17.8784970646163,1550
"p346","ssp126","IPSL-CM6A-LR","2075",0.22,0.33,0,88,0.1,51,57,80.75,0,0,0.2,0,18.0355345385061,1551
"p346","ssp126","IPSL-CM6A-LR","2075",0.37,0.34,0,92,0.1,48,54,81.54,0,0,0.2,0,17.9152290654001,1552
"p346","ssp126","IPSL-CM6A-LR","2075",0.32,0.18,0,100,0.4,56,62,86.39,0,0,0,0.05,17.953976301922,1553
"p346","ssp126","IPSL-CM6A-LR","2075",0.35,0.3,0,95,0,54,60,83.62,0,0,0.2,0.1,18.1165954548824,1554
"p346","ssp126","IPSL-CM6A-LR","2075",0.44,0.1,0,87,0.1,56,62,82.03,0,0,0.1,0.05,18.2010856916194,1555
"p346","ssp126","IPSL-CM6A-LR","2075",0.27,0.21,0,101,0.6,75,81,96.2,0,0,0.2,0,18.8204643685084,1556
"p346","ssp126","IPSL-CM6A-LR","2075",0.16,0.11,0,104,0.1,53,62,87.29,0.2,0,0,0.05,18.0514589604281,1557
"p346","ssp126","IPSL-CM6A-LR","2075",0.14,0,0.2,85,0.2,79,85,99.9,0,0,0,0,19.1657695536645,1558
"p346","ssp126","IPSL-CM6A-LR","2075",0.4,0.13,0,114,0,59,65,86.64,0,0,0,0,18.270053609911,1559
"p346","ssp126","IPSL-CM6A-LR","2075",0.19,0.2,0.2,93,0,65,76,90.68,0,0,0,0,18.4747752729347,1560
"p346","ssp126","IPSL-CM6A-LR","2075",0.29,0.35,0,82,0.1,58,70,83.54,0,0,0.2,0,17.5186278844362,1561
"p346","ssp126","IPSL-CM6A-LR","2075",0.26,0.11,0,76,0,45,51,75.74,0.1,0,0,0,17.2916598677236,1562
"p346","ssp126","IPSL-CM6A-LR","2075",0.26,0.2,0,96,0.1,60,66,86.64,0,0,0.3,0.05,18.9695580477749,1563
"p346","ssp126","IPSL-CM6A-LR","2075",0.29,0.42,0,96,0,45,51,78.46,0,0,0.4,0,18.0193663439213,1564
"p346","ssp126","IPSL-CM6A-LR","2075",0.25,0.25,0,71,0,50,56,85.6,0,0,0.2,0,17.9450597654997,1565
"p346","ssp126","IPSL-CM6A-LR","2075",0.15,0.47,0,95,0.1,74,80,96.75,0,0,0,0,19.2580225533841,1566
"p346","ssp126","IPSL-CM6A-LR","2075",0.31,0.22,0,85,0.2,62,68,91.47,0,0,0.1,0,18.7986273136677,1567
"p346","ssp126","IPSL-CM6A-LR","2075",0.29,0.24,0,94,0.1,74,80,100.11,0.1,0,0,0,18.5375925996718,1568
"p346","ssp126","IPSL-CM6A-LR","2075",0.31,0.64,0,98,0.1,68,74,94.35,0,0,0,0.05,18.5184655442614,1569
"p346","ssp126","IPSL-CM6A-LR","2075",0.37,0.52,0,107,0.1,45,54,75.27,0,0,0.1,0.05,17.4246813192613,1570
"p346","ssp126","IPSL-CM6A-LR","2075",0.15,0.23,0.2,91,0.2,49,55,77.37,0,0,0.1,0,17.6294175208235,1571
"p346","ssp126","IPSL-CM6A-LR","2075",0.25,0.14,0,93,0.1,58,64,86.33,0,0,0,0,18.1006022345003,1572
"p346","ssp126","IPSL-CM6A-LR","2075",0.19,0.29,0,95,0,77,83,91.53,0,0,0.1,0.05,19.1769509260015,1573
"p346","ssp126","IPSL-CM6A-LR","2075",0.46,0.32,0,96,0.1,44,50,71.64,0.1,0,0.1,0,16.8838585848243,1574
"p346","ssp126","IPSL-CM6A-LR","2075",0.32,0.22,0,75,0.2,50,56,84.53,0,0,0.2,0,17.9447172516345,1575
"p346","ssp126","IPSL-CM6A-LR","2075",0.22,0.2,0,82,0.15,51,57,81.58,0.1,0,0,0.05,17.6602113933402,1576
"p346","ssp126","IPSL-CM6A-LR","2075",0.41,0.26,0,94,0.2,59,65,86.97,0,0,0.2,0.3,18.1290689281489,1577
"p346","ssp126","IPSL-CM6A-LR","2075",0.23,0.25,0,101,0.1,65,71,92.37,0,0,0,0,18.6193530001204,1578
"p346","ssp126","IPSL-CM6A-LR","2075",0.15,0.32,0,88,0.2,48,54,81.33,0,0,0.2,0,18.5990418073971,1579
"p346","ssp126","IPSL-CM6A-LR","2075",0.23,0.22,0,95,0.1,83,89,106.55,0,0,0.1,0,18.7910861140028,1580
"p346","ssp126","IPSL-CM6A-LR","2075",0.3,0,0,100,0,47,74,80.97,0,0,0.1,0,17.2711377290891,1581
"p346","ssp126","IPSL-CM6A-LR","2075",0.52,0.52,0,100,0,46,66,76.63,0,0,0.1,0,18.7853846186677,1582
"p346","ssp126","IPSL-CM6A-LR","2075",0.29,0.21,0,95,0.1,46,67,76.37,0,0,0.3,0,17.2361811787525,1583
"p346","ssp126","IPSL-CM6A-LR","2075",0.11,0.11,0,87,0.1,77,93,98.8,0,0,0,0,18.9218803402548,1584
"p346","ssp126","IPSL-CM6A-LR","2075",0.34,0.32,0,93,0.4,76,83,100.74,0,0,0,0.1,18.6841045837712,1585
"p346","ssp126","IPSL-CM6A-LR","2075",0.24,0.37,0.2,86,0.3,48,84,81.14,0,0,0.2,0,19.6209646000801,1586
"p346","ssp126","IPSL-CM6A-LR","2075",0.36,0.28,0,87,0.1,70,76,93.5,0,0,0.1,0,18.0133703710626,1587
"p346","ssp126","IPSL-CM6A-LR","2075",0.42,0.2,0,102,0,50,56,81.56,0,0,0.1,0,17.8741192410961,1588
"p346","ssp126","IPSL-CM6A-LR","2075",0.33,0,0,88,0.2,62,68,91.2,0,0,0,0,17.1665152847895,1589
"p346","ssp126","IPSL-CM6A-LR","2075",0.12,0.53,0,102,0.2,49,83,79.53,0,0,0.2,0,18.7026102489226,1590
"p346","ssp126","IPSL-CM6A-LR","2075",0.26,0.3,0,91,0.3,73,79,99.75,0,0,0.1,0,18.1868763677829,1591
"p346","ssp126","IPSL-CM6A-LR","2075",0.23,0.13,0,105,0,62,69,87.89,0,0,0.5,0,18.339319222392,1592
"p346","ssp126","IPSL-CM6A-LR","2075",0.26,0.34,0,96,0,58,73,83.16,0.1,0,0,0.2,16.8800906165754,1593
"p346","ssp126","IPSL-CM6A-LR","2075",0.24,0.55,0,105,0.1,61,71,93.28,0,0,0.1,0,19.1015338918728,1594
"p346","ssp126","IPSL-CM6A-LR","2075",0.27,0.43,0,105,0.2,49,55,78.81,0.2,0,0,0.05,16.4926858193476,1595
"p346","ssp126","IPSL-CM6A-LR","2075",0.13,0.23,0.3,93,0.2,44,63,64.42,0,0,0.1,0,17.6066729366879,1596
"p346","ssp126","IPSL-CM6A-LR","2075",0.51,0.42,0,90,0.1,54,60,78.76,0,0,0.1,0,17.5286265888875,1597
"p346","ssp126","IPSL-CM6A-LR","2075",0.37,0.54,0,93,0.1,58,67,87.79,0,0,0,0.05,18.3493442318184,1598
"p346","ssp126","IPSL-CM6A-LR","2075",0.23,0.52,0,89,0.1,74,80,102.17,0,0,0,0,18.9371264726531,1599
"p346","ssp126","IPSL-CM6A-LR","2075",0.32,0.22,0,86,0,61,75,90.57,0,0,0.1,0,18.3986564361541,1600
"p346","ssp126","MIROC-ES2L","2075",0.4,0.22,0,84,0,45,51,74.12,0,0,0,0.15,18.1288093516391,1601
"p346","ssp126","MIROC-ES2L","2075",0.28,0.21,0.25,91,0.2,45,51,71.47,0,0,0.1,0.05,18.2239262532261,1602
"p346","ssp126","MIROC-ES2L","2075",0.46,0.22,0,91,0.1,48,60,81.88,0,0,0.1,0,17.6269193326461,1603
"p346","ssp126","MIROC-ES2L","2075",0.23,0.12,0,84,0.2,59,65,88.35,0,0,0.1,0,18.2249349114895,1604
"p346","ssp126","MIROC-ES2L","2075",0.45,0.27,0.25,88,0.3,51,57,81.9,0,0,0,0,17.7467692969643,1605
"p346","ssp126","MIROC-ES2L","2075",0.18,0.36,0,104,0.2,47,53,77.75,0.2,0,0.3,0.15,17.8544369510071,1606
"p346","ssp126","MIROC-ES2L","2075",0.42,0.12,0,82,0,46,64,76.99,0,0,0.2,0,18.4559604818313,1607
"p346","ssp126","MIROC-ES2L","2075",0.37,0.23,0,80,0.2,45,51,77.46,0.1,0,0.2,0.2,18.4211609201969,1608
"p346","ssp126","MIROC-ES2L","2075",0.33,0.14,0,92,0.3,46,52,82.58,0,0,0.1,0.05,18.6364359488268,1609
"p346","ssp126","MIROC-ES2L","2075",0.13,0.11,0.3,88,0.1,46,70,81.39,0.3,0,0,0,17.486782154537,1610
"p346","ssp126","MIROC-ES2L","2075",0.32,0.23,0.2,72,0.2,53,59,76.71,0.1,0,0,0.05,18.5367290940544,1611
"p346","ssp126","MIROC-ES2L","2075",0.29,0,0,101,0.2,59,65,88.06,0,0,0.1,0,17.7952354126186,1612
"p346","ssp126","MIROC-ES2L","2075",0.37,0.1,0.25,86,0,52,58,72.99,0,0,0.2,0,17.5588560397374,1613
"p346","ssp126","MIROC-ES2L","2075",0.41,0.45,0.2,76,0.3,49,55,79.68,0,0,0.2,0.2,17.0350090557022,1614
"p346","ssp126","MIROC-ES2L","2075",0.35,0.35,0,88,0.1,51,57,79.45,0,0,0,0,17.9290752306636,1615
"p346","ssp126","MIROC-ES2L","2075",0.36,0.27,0,106,0.1,45,51,72.03,0,0,0.1,0.1,18.3582787543769,1616
"p346","ssp126","MIROC-ES2L","2075",0.15,0.23,0.2,93,0.4,45,51,75.82,0,0,0.1,0,17.5408570219804,1617
"p346","ssp126","MIROC-ES2L","2075",0.28,0.5,0,105,0.1,56,62,85.42,0,0,0.1,0,18.4740558409143,1618
"p346","ssp126","MIROC-ES2L","2075",0.61,0.39,0,94,0.3,51,57,81.54,0,0,0,0,18.3242163834123,1619
"p346","ssp126","MIROC-ES2L","2075",0.63,0.27,0,74,0.3,49,74,79.86,0,0,0.2,0,19.1451392629558,1620
"p346","ssp126","MIROC-ES2L","2075",0.6,0.48,0,98,0.2,59,65,78.64,0,0,0,0.15,19.0765621977235,1621
"p346","ssp126","MIROC-ES2L","2075",0.31,0.3,0,95,0.6,70,76,97.34,0,0,0.2,0,18.539436831201,1622
"p346","ssp126","MIROC-ES2L","2075",0.38,0.23,0,91,0.15,44,50,75.94,0.1,0,0.1,0.05,17.9483807023872,1623
"p346","ssp126","MIROC-ES2L","2075",0.24,0.24,0,99,0.2,44,50,76.61,0,0,0.1,0,18.8589637805546,1624
"p346","ssp126","MIROC-ES2L","2075",0.38,0.43,0,95,0.1,49,55,65.72,0,0,0.5,0.15,18.2015859354572,1625
"p346","ssp126","MIROC-ES2L","2075",0.17,0,0,100,0.2,51,57,83.62,0,0,0,0.05,19.5399567348356,1626
"p346","ssp126","MIROC-ES2L","2075",0.31,0.21,0.25,69,0.2,65,71,92.37,0,0,0.4,0,19.0229893900151,1627
"p346","ssp126","MIROC-ES2L","2075",0.32,0.36,0,87,0.55,51,57,82.19,0,0,0,0.05,18.3879925673654,1628
"p346","ssp126","MIROC-ES2L","2075",0.47,0.58,0,77,0,47,53,77.02,0,0,0,0.05,18.8344814170467,1629
"p346","ssp126","MIROC-ES2L","2075",0.29,0.11,0,93,0,45,51,75.21,0,0,0.2,0.3,18.0927833772181,1630
"p346","ssp126","MIROC-ES2L","2075",0.41,0.35,0,88,0.25,46,52,79.9,0.1,0,0.1,0,17.0028234596252,1631
"p346","ssp126","MIROC-ES2L","2075",0.27,0.22,0,86,0.35,57,63,82.96,0,0,0,0,19.1339840525414,1632
"p346","ssp126","MIROC-ES2L","2075",0.51,0,0,94,0.2,67,74,90.79,0,0,0.1,0,18.3458053365739,1633
"p346","ssp126","MIROC-ES2L","2075",0.4,0.18,0,87,0,52,58,78.62,0,0,0,0.1,18.7811281658496,1634
"p346","ssp126","MIROC-ES2L","2075",0.31,0.16,0,91,0.15,51,57,80.74,0,0,0.3,0,17.2742937463626,1635
"p346","ssp126","MIROC-ES2L","2075",0.48,0.54,0,96,0.1,62,68,87.74,0,0,0,0,18.4974320446629,1636
"p346","ssp126","MIROC-ES2L","2075",0.43,0.7,0,96,0.2,75,81,101.27,0,0,0,0.1,17.8534518074574,1637
"p346","ssp126","MIROC-ES2L","2075",0.25,0.5,0.2,94,0,44,50,76.95,0,0,0.1,0,18.1860315255815,1638
"p346","ssp126","MIROC-ES2L","2075",0.33,0.1,0,89,0.3,47,53,80.08,0.1,0,0.1,0.2,17.2583202762834,1639
"p346","ssp126","MIROC-ES2L","2075",0.4,0.49,0,75,0.1,47,53,80.69,0,0,0.2,0.05,17.7327257747978,1640
"p346","ssp126","MIROC-ES2L","2075",0.4,0.46,0,109,0.1,50,56,81.68,0,0,0,0,18.1999034330761,1641
"p346","ssp126","MIROC-ES2L","2075",0.38,0.12,0,98,0.1,55,61,84.53,0,0,0.1,0.05,19.2692690666612,1642
"p346","ssp126","MIROC-ES2L","2075",0.28,0.34,0,94,0.2,57,86,91.09,0,0,0,0,18.647233919264,1643
"p346","ssp126","MIROC-ES2L","2075",0.24,0.26,0,101,0.1,58,64,82.75,0,0,0,0.05,18.2737264567334,1644
"p346","ssp126","MIROC-ES2L","2075",0.3,0.68,0.2,105,0.15,60,76,85.94,0,0,0.2,0.05,18.4153772284814,1645
"p346","ssp126","MIROC-ES2L","2075",0.39,0.31,0,103,0.1,53,59,80.1,0,0,0.1,0.05,18.8903421337769,1646
"p346","ssp126","MIROC-ES2L","2075",0.31,0.3,0,90,0.1,62,102,92.04,0,0,0.1,0,19.9946988152936,1647
"p346","ssp126","MIROC-ES2L","2075",0.32,0.36,0,82,0.1,52,58,82.28,0,0,0.2,0,18.102946809357,1648
"p346","ssp126","MIROC-ES2L","2075",0.35,0.22,0,87,0,61,67,88.68,0,0,0.3,0,18.9272812521603,1649
"p346","ssp126","MIROC-ES2L","2075",0.23,0,0.3,78,0.3,47,53,71.21,0.1,0,0.1,0,16.632181106132,1650
"p346","ssp126","MIROC-ES2L","2075",0.1,0.28,0,86,0.2,45,51,72.59,0,0,0.2,0,18.2380659374944,1651
"p346","ssp126","MIROC-ES2L","2075",0.35,0.23,0,87,0.1,48,54,80.2,0,0,0.2,0,18.1550697372717,1652
"p346","ssp126","MIROC-ES2L","2075",0.27,0.14,0,97,0.4,52,59,84.92,0,0,0,0,18.4223085897679,1653
"p346","ssp126","MIROC-ES2L","2075",0.32,0.26,0,91,0,47,54,77.69,0,0,0.3,0.1,18.3454359178128,1654
"p346","ssp126","MIROC-ES2L","2075",0.38,0,0,80,0.1,55,61,79.38,0,0,0.3,0.05,18.4969517560122,1655
"p346","ssp126","MIROC-ES2L","2075",0.27,0.11,0,95,0.8,45,75,73.02,0,0,0.2,0,18.9634824360569,1656
"p346","ssp126","MIROC-ES2L","2075",0.16,0,0,98,0.2,52,58,86.41,0.2,0,0,0.05,18.2306326124408,1657
"p346","ssp126","MIROC-ES2L","2075",0.14,0,0.2,82,0.2,72,79,94.93,0,0,0,0,19.2974011368143,1658
"p346","ssp126","MIROC-ES2L","2075",0.4,0.13,0,107,0,53,60,83.62,0,0,0,0,18.5535481576833,1659
"p346","ssp126","MIROC-ES2L","2075",0.19,0.19,0.2,88,0,64,70,89.63,0,0,0,0,18.5650560577277,1660
"p346","ssp126","MIROC-ES2L","2075",0.19,0.25,0.2,80,0.1,57,65,82.98,0,0,0.3,0,17.7990217157935,1661
"p346","ssp126","MIROC-ES2L","2075",0.26,0.1,0,69,0,45,51,74.46,0.1,0,0,0,17.6547603147858,1662
"p346","ssp126","MIROC-ES2L","2075",0.26,0.1,0,90,0.1,59,65,86.48,0,0,0.4,0.05,19.1266593033587,1663
"p346","ssp126","MIROC-ES2L","2075",0.29,0.4,0,91,0,45,51,76.71,0,0,0.4,0,18.2485125373928,1664
"p346","ssp126","MIROC-ES2L","2075",0.22,0.22,0,69,0,49,55,84.44,0,0,0.2,0,18.3666084063023,1665
"p346","ssp126","MIROC-ES2L","2075",0.15,0.45,0,90,0.2,74,80,96.85,0,0,0,0,19.3163121813209,1666
"p346","ssp126","MIROC-ES2L","2075",0.3,0.22,0,78,0.45,47,61,77.92,0,0,0.1,0,18.9851558527835,1667
"p346","ssp126","MIROC-ES2L","2075",0.29,0.12,0,91,0.1,56,72,85.33,0.1,0,0.1,0,18.7711431312982,1668
"p346","ssp126","MIROC-ES2L","2075",0.31,0.34,0,94,0.2,68,74,95.35,0,0,0.1,0.05,18.7929545467501,1669
"p346","ssp126","MIROC-ES2L","2075",0.33,0.5,0,105,0.1,44,52,71.96,0,0,0.1,0.05,17.7618967926898,1670
"p346","ssp126","MIROC-ES2L","2075",0.15,0.12,0.2,87,0.2,48,54,78.57,0,0,0.2,0,18.1018018090716,1671
"p346","ssp126","MIROC-ES2L","2075",0.25,0.14,0,90,0.2,58,64,83.2,0,0,0,0,18.4561004056571,1672
"p346","ssp126","MIROC-ES2L","2075",0.14,0.29,0,91,0,76,82,89.85,0,0,0.1,0.05,19.4449099600724,1673
"p346","ssp126","MIROC-ES2L","2075",0.46,0.18,0,92,0.3,44,50,69.27,0,0,0.1,0,17.128570934846,1674
"p346","ssp126","MIROC-ES2L","2075",0.32,0.1,0,72,0.2,49,55,83.74,0,0,0.2,0,18.2417057429131,1675
"p346","ssp126","MIROC-ES2L","2075",0.17,0.1,0,77,0.15,51,57,79.9,0.1,0,0,0,17.8470597612431,1676
"p346","ssp126","MIROC-ES2L","2075",0.36,0.22,0,87,0.3,57,63,85.97,0,0,0.2,0.3,18.3295015125063,1677
"p346","ssp126","MIROC-ES2L","2075",0.15,0.24,0,95,0.1,63,69,92.7,0,0,0.1,0,18.8564763971381,1678
"p346","ssp126","MIROC-ES2L","2075",0.13,0.2,0,82,0.2,46,52,79.78,0,0,0.3,0,18.9913626041813,1679
"p346","ssp126","MIROC-ES2L","2075",0.14,0.12,0,88,0.2,67,85,95.5,0,0,0.2,0,19.0091880385194,1680
"p346","ssp126","MIROC-ES2L","2075",0.3,0,0,96,0,46,70,79.66,0,0,0.1,0,17.5599495678359,1681
"p346","ssp126","MIROC-ES2L","2075",0.51,0.39,0,98,0,45,62,75.76,0,0,0.2,0,18.9850166628598,1682
"p346","ssp126","MIROC-ES2L","2075",0.25,0.24,0,90,0.1,45,54,74.94,0,0,0.4,0,17.2764704259811,1683
"p346","ssp126","MIROC-ES2L","2075",0.11,0.22,0,81,0.2,77,92,98.35,0,0,0,0,19.2204764903606,1684
"p346","ssp126","MIROC-ES2L","2075",0.29,0.21,0,85,0.45,75,81,101.04,0,0,0,0.1,18.8601964413975,1685
"p346","ssp126","MIROC-ES2L","2075",0.23,0.36,0.4,76,0.4,47,81,81.06,0,0,0.2,0,19.7289781292639,1686
"p346","ssp126","MIROC-ES2L","2075",0.36,0.12,0,81,0.1,52,72,80.8,0,0,0.2,0,18.2343796742174,1687
"p346","ssp126","MIROC-ES2L","2075",0.39,0.1,0,95,0,48,54,81.05,0,0,0.1,0,18.2687073270922,1688
"p346","ssp126","MIROC-ES2L","2075",0.33,0,0,75,0.2,62,68,91.01,0,0,0,0,17.445811345947,1689
"p346","ssp126","MIROC-ES2L","2075",0.11,0.48,0,95,0.3,48,79,79.57,0,0,0.2,0,18.9510153575841,1690
"p346","ssp126","MIROC-ES2L","2075",0.24,0.3,0,82,0.3,72,78,99.64,0,0,0.1,0,18.3898429942266,1691
"p346","ssp126","MIROC-ES2L","2075",0.23,0.13,0,100,0.2,46,63,75.76,0,0,0.7,0,18.3504098661932,1692
"p346","ssp126","MIROC-ES2L","2075",0.21,0.34,0,90,0,58,71,83.08,0.1,0,0,0.15,17.3253774969106,1693
"p346","ssp126","MIROC-ES2L","2075",0.19,0.43,0,102,0.1,56,62,90.12,0,0,0.1,0,18.8837497047737,1694
"p346","ssp126","MIROC-ES2L","2075",0.2,0.41,0.2,103,0.35,48,54,77.9,0.1,0,0.1,0,16.8710128629793,1695
"p346","ssp126","MIROC-ES2L","2075",0.13,0.22,0.3,87,0.2,44,50,61.99,0,0,0.1,0,17.4151067794904,1696
"p346","ssp126","MIROC-ES2L","2075",0.42,0.42,0,88,0.1,53,59,80.17,0,0,0.2,0,18.0175600641909,1697
"p346","ssp126","MIROC-ES2L","2075",0.36,0.44,0,93,0.1,57,63,87.04,0,0,0,0.05,18.4904100001364,1698
"p346","ssp126","MIROC-ES2L","2075",0.23,0.41,0,87,0.1,68,75,97.55,0,0,0.1,0,19.165552543731,1699
"p346","ssp126","MIROC-ES2L","2075",0.29,0.3,0,83,0,57,63,89.2,0,0,0.1,0,18.2122874543671,1700
"p346","ssp126","MIROC6","2075",0.4,0.21,0,82,0,45,51,77.34,0,0,0,0.15,17.9830693954836,1701
"p346","ssp126","MIROC6","2075",0.28,0.21,0.25,91,0.2,46,52,72.18,0,0,0.1,0.05,17.954252685399,1702
"p346","ssp126","MIROC6","2075",0.47,0.22,0,89,0.1,64,76,92.84,0.1,0,0,0,18.1762446895889,1703
"p346","ssp126","MIROC6","2075",0.23,0.12,0,83,0.1,59,70,84.75,0,0,0.1,0,18.4084236883926,1704
"p346","ssp126","MIROC6","2075",0.5,0.28,0.25,86,0.3,52,58,82.65,0,0,0,0,17.6197075484535,1705
"p346","ssp126","MIROC6","2075",0.18,0.38,0,103,0.2,50,56,80.56,0.2,0,0.2,0.15,17.9037587421521,1706
"p346","ssp126","MIROC6","2075",0.42,0.12,0,77,0,47,66,77.11,0,0,0.2,0,18.4099134235947,1707
"p346","ssp126","MIROC6","2075",0.37,0.22,0,80,0.1,46,52,77.54,0.1,0,0.1,0.2,18.2319546890678,1708
"p346","ssp126","MIROC6","2075",0.33,0.14,0,90,0.2,48,68,83.36,0,0,0,0.05,19.0349547776722,1709
"p346","ssp126","MIROC6","2075",0.13,0.11,0.2,85,0.1,46,97,81.8,0,0,0,0,19.0139440452068,1710
"p346","ssp126","MIROC6","2075",0.34,0.23,0,69,0.2,54,76,77.63,0,0,0,0.05,19.4533915534348,1711
"p346","ssp126","MIROC6","2075",0.3,0,0,99,0.2,60,66,88.89,0.1,0,0.1,0,17.6041850534954,1712
"p346","ssp126","MIROC6","2075",0.42,0.1,0.25,84,0,54,60,76.48,0,0,0.2,0,17.4417424361795,1713
"p346","ssp126","MIROC6","2075",0.41,0.43,0.2,77,0.1,51,58,81.89,0.1,0,0,0.2,17.0293954110155,1714
"p346","ssp126","MIROC6","2075",0.35,0.34,0,84,0.1,60,66,88.33,0,0,0,0,17.9117705548968,1715
"p346","ssp126","MIROC6","2075",0.36,0.27,0,105,0.1,46,52,74.86,0,0,0,0.1,18.1635765800461,1716
"p346","ssp126","MIROC6","2075",0.16,0.34,0.2,89,0.4,50,68,79.61,0,0,0.1,0,18.1041631188585,1717
"p346","ssp126","MIROC6","2075",0.28,0.5,0,103,0.1,57,63,86.31,0,0,0,0,18.4081089042449,1718
"p346","ssp126","MIROC6","2075",0.64,0.39,0,93,0.3,54,60,82.53,0,0,0,0,18.2981700523642,1719
"p346","ssp126","MIROC6","2075",0.66,0.26,0,75,0.2,50,76,79.32,0,0,0.1,0,19.3209159816725,1720
"p346","ssp126","MIROC6","2075",0.6,0.48,0,95,0.1,59,65,82.14,0,0,0,0.15,18.7250352640045,1721
"p346","ssp126","MIROC6","2075",0.36,0.3,0,91,0.5,71,77,98.88,0,0,0.1,0,18.3830020427673,1722
"p346","ssp126","MIROC6","2075",0.38,0.23,0,85,0.15,44,50,77.51,0.1,0,0.1,0,17.6195123409997,1723
"p346","ssp126","MIROC6","2075",0.29,0.23,0,97,0.2,45,51,76.74,0,0,0.1,0,18.78165134931,1724
"p346","ssp126","MIROC6","2075",0.44,0.43,0,92,0.1,53,62,67.65,0,0,0.2,0.15,18.1397208663737,1725
"p346","ssp126","MIROC6","2075",0.22,0.1,0,104,0.1,51,57,84.15,0,0,0,0.05,19.3164505450585,1726
"p346","ssp126","MIROC6","2075",0.37,0.11,0.25,64,0.1,65,71,89.56,0,0,0.3,0,18.9291054529238,1727
"p346","ssp126","MIROC6","2075",0.4,0.46,0,86,0.5,53,60,84.52,0,0,0,0.1,18.249902737605,1728
"p346","ssp126","MIROC6","2075",0.47,0.59,0,71,0,47,53,75.34,0,0,0,0,18.6791662306042,1729
"p346","ssp126","MIROC6","2075",0.29,0.11,0,88,0,45,51,76.62,0,0,0.2,0.25,17.889945342037,1730
"p346","ssp126","MIROC6","2075",0.41,0.35,0,82,0.25,47,55,81.43,0.1,0,0,0,16.9055252880567,1731
"p346","ssp126","MIROC6","2075",0.27,0.1,0,84,0.35,58,64,81.93,0,0,0,0,19.0700162502484,1732
"p346","ssp126","MIROC6","2075",0.51,0,0,91,0.2,69,76,93.27,0,0,0.1,0,18.3306775463722,1733
"p346","ssp126","MIROC6","2075",0.41,0.18,0,82,0,52,58,79.77,0,0,0,0.1,18.6800367161979,1734
"p346","ssp126","MIROC6","2075",0.31,0.16,0,91,0.15,52,58,80.92,0,0,0.2,0,17.039619221836,1735
"p346","ssp126","MIROC6","2075",0.48,0.54,0,91,0.1,63,69,88.14,0,0,0,0,18.4516375249037,1736
"p346","ssp126","MIROC6","2075",0.46,0.65,0,95,0.2,76,82,100.95,0,0,0,0.15,17.5821587267871,1737
"p346","ssp126","MIROC6","2075",0.25,0.45,0.2,92,0,44,50,78.62,0,0,0.1,0,17.9955404523825,1738
"p346","ssp126","MIROC6","2075",0.33,0.1,0,87,0.3,51,59,84.28,0.1,0,0.1,0.3,17.1353214028698,1739
"p346","ssp126","MIROC6","2075",0.42,0.49,0,73,0.1,48,54,80.52,0,0,0.1,0.05,17.5160118278072,1740
"p346","ssp126","MIROC6","2075",0.46,0.49,0,110,0.1,51,57,83.23,0,0,0,0,18.1563376437289,1741
"p346","ssp126","MIROC6","2075",0.38,0.12,0,94,0.1,56,62,84.39,0,0,0.1,0.05,19.0444661581933,1742
"p346","ssp126","MIROC6","2075",0.31,0.35,0,91,0.2,57,87,90.02,0,0,0,0,18.5121886146751,1743
"p346","ssp126","MIROC6","2075",0.29,0.28,0,99,0.1,59,73,81.4,0,0,0,0.05,18.5279105814904,1744
"p346","ssp126","MIROC6","2075",0.3,0.59,0.2,104,0.15,74,80,96.57,0,0,0,0,18.2749983635704,1745
"p346","ssp126","MIROC6","2075",0.39,0.31,0,103,0.1,56,62,81.94,0,0,0.1,0.05,18.8537079136947,1746
"p346","ssp126","MIROC6","2075",0.31,0.31,0,88,0.1,103,109,121.19,0,0,0,0,19.9810726330624,1747
"p346","ssp126","MIROC6","2075",0.33,0.37,0,82,0.1,53,60,84.23,0,0,0.2,0,17.984360639573,1748
"p346","ssp126","MIROC6","2075",0.44,0.22,0,81,0,62,68,89.09,0,0,0.1,0,18.9008759864168,1749
"p346","ssp126","MIROC6","2075",0.23,0,0.2,73,0.2,49,91,76.34,0.1,0,0,0,17.9123079432481,1750
"p346","ssp126","MIROC6","2075",0.22,0.32,0,83,0.1,53,59,83.05,0,0,0.2,0,18.1740831496088,1751
"p346","ssp126","MIROC6","2075",0.37,0.24,0,81,0.1,48,54,79.44,0,0,0.1,0,18.0041112794942,1752
"p346","ssp126","MIROC6","2075",0.32,0.14,0,95,0.4,56,62,86.32,0,0,0,0.05,18.2382567027674,1753
"p346","ssp126","MIROC6","2075",0.32,0.12,0,90,0,55,61,84.45,0,0,0.2,0.1,18.3953943498456,1754
"p346","ssp126","MIROC6","2075",0.44,0,0,76,0.1,56,63,82.37,0,0,0.1,0.05,18.4124747418786,1755
"p346","ssp126","MIROC6","2075",0.27,0.11,0,94,0.8,75,81,92.89,0,0,0.2,0,19.0873634249967,1756
"p346","ssp126","MIROC6","2075",0.16,0,0,98,0.2,53,62,87.18,0.2,0,0,0.05,18.3085240463097,1757
"p346","ssp126","MIROC6","2075",0.14,0,0.2,78,0.2,73,80,95.13,0,0,0,0,19.2321818826636,1758
"p346","ssp126","MIROC6","2075",0.4,0.24,0,101,0,59,65,88.93,0,0,0,0,18.557202010972,1759
"p346","ssp126","MIROC6","2075",0.19,0.2,0.2,88,0,65,76,91.8,0,0,0,0,18.7787441874179,1760
"p346","ssp126","MIROC6","2075",0.19,0.25,0.2,78,0.1,58,69,80.51,0,0,0.1,0,17.8585124070725,1761
"p346","ssp126","MIROC6","2075",0.26,0.1,0,65,0,46,52,75.88,0.1,0,0,0,17.3836852170249,1762
"p346","ssp126","MIROC6","2075",0.26,0.21,0,87,0.1,60,66,86.27,0,0,0.3,0.3,19.2079303247795,1763
"p346","ssp126","MIROC6","2075",0.29,0.4,0,88,0,45,51,74.74,0,0,0.2,0,18.115254443943,1764
"p346","ssp126","MIROC6","2075",0.22,0.24,0,67,0,50,56,85.98,0,0,0.2,0,18.1658366821862,1765
"p346","ssp126","MIROC6","2075",0.15,0.42,0,90,0.1,74,80,94.7,0,0,0,0,19.3052239350263,1766
"p346","ssp126","MIROC6","2075",0.3,0.21,0,79,0.3,62,68,88.99,0,0,0.1,0,18.8953315596472,1767
"p346","ssp126","MIROC6","2075",0.29,0.12,0,90,0.1,73,79,96.96,0.2,0,0,0,18.7570456862794,1768
"p346","ssp126","MIROC6","2075",0.31,0.34,0,94,0.1,68,74,94.38,0,0,0.1,0.05,18.6530268242312,1769
"p346","ssp126","MIROC6","2075",0.34,0.5,0,106,0.1,45,54,75.15,0,0,0.1,0.05,17.565911885708,1770
"p346","ssp126","MIROC6","2075",0.15,0.1,0.2,87,0.2,49,55,78.71,0,0,0.1,0,17.8517360728087,1771
"p346","ssp126","MIROC6","2075",0.25,0.1,0,86,0.2,59,65,85.55,0,0,0,0,18.3722748111459,1772
"p346","ssp126","MIROC6","2075",0.14,0.29,0,84,0,76,82,91.12,0,0,0.1,0.05,19.2066082182049,1773
"p346","ssp126","MIROC6","2075",0.46,0.11,0,92,0.1,44,50,73.85,0.1,0,0.1,0,17.0608708659686,1774
"p346","ssp126","MIROC6","2075",0.32,0.1,0,72,0.2,50,56,84.28,0,0,0.1,0.05,18.2031750209071,1775
"p346","ssp126","MIROC6","2075",0.17,0.1,0,77,0.15,51,57,78.98,0.1,0,0,0,17.6101490436191,1776
"p346","ssp126","MIROC6","2075",0.36,0.25,0,87,0.2,59,65,85.65,0,0,0.1,0.3,18.3295439935596,1777
"p346","ssp126","MIROC6","2075",0.15,0.24,0,94,0.1,65,71,94.05,0,0,0,0,18.8611708900545,1778
"p346","ssp126","MIROC6","2075",0.15,0.2,0,83,0.2,48,54,78.11,0,0,0,0,18.8479779897295,1779
"p346","ssp126","MIROC6","2075",0.16,0.23,0,86,0.2,83,89,107.88,0,0,0,0.05,19.049059826196,1780
"p346","ssp126","MIROC6","2075",0.3,0,0,94,0,70,76,98.29,0,0,0.1,0,17.2956490701553,1781
"p346","ssp126","MIROC6","2075",0.51,0.29,0,94,0,46,66,77.67,0,0,0,0,18.8770228972283,1782
"p346","ssp126","MIROC6","2075",0.26,0.24,0,84,0.1,46,67,74.28,0,0,0.3,0,17.5505484663861,1783
"p346","ssp126","MIROC6","2075",0.11,0.21,0,79,0.2,77,92,98.96,0,0,0,0,18.9906961605598,1784
"p346","ssp126","MIROC6","2075",0.34,0.22,0,78,0.45,75,81,100.83,0,0,0,0.15,18.7153039320051,1785
"p346","ssp126","MIROC6","2075",0.24,0.36,0.4,77,0.4,48,83,82.03,0,0,0.2,0,19.6426839683174,1786
"p346","ssp126","MIROC6","2075",0.36,0.12,0,82,0.1,70,76,93.89,0,0,0.1,0,18.0055751213249,1787
"p346","ssp126","MIROC6","2075",0.39,0.3,0,90,0,50,57,83.74,0,0,0.1,0,18.1228942484495,1788
"p346","ssp126","MIROC6","2075",0.33,0,0,77,0.2,62,68,88.82,0,0,0,0,17.3540640785438,1789
"p346","ssp126","MIROC6","2075",0.11,0.48,0,93,0.3,49,81,80.91,0,0,0.1,0,18.9181509527507,1790
"p346","ssp126","MIROC6","2075",0.26,0.3,0,82,0.3,72,78,98.06,0,0,0.1,0,18.2633792072605,1791
"p346","ssp126","MIROC6","2075",0.23,0.13,0,97,0,62,68,88.68,0,0,0.3,0,18.4046080670032,1792
"p346","ssp126","MIROC6","2075",0.21,0.24,0,89,0,58,72,85.31,0.1,0,0,0.15,17.1400218940994,1793
"p346","ssp126","MIROC6","2075",0.24,0.44,0,94,0.1,61,70,92.23,0,0,0.1,0,19.1749773234115,1794
"p346","ssp126","MIROC6","2075",0.2,0.41,0,98,0.3,49,55,80.84,0.2,0,0,0,16.7033980685121,1795
"p346","ssp126","MIROC6","2075",0.13,0.22,0.3,82,0.2,44,63,66.79,0,0,0.1,0,17.7122118894616,1796
"p346","ssp126","MIROC6","2075",0.48,0.28,0,87,0.1,55,63,83.22,0,0,0.1,0,17.8149547508923,1797
"p346","ssp126","MIROC6","2075",0.36,0.44,0,88,0.1,58,66,88.49,0,0,0,0.05,18.5631919980955,1798
"p346","ssp126","MIROC6","2075",0.23,0.51,0,87,0.1,73,79,102.68,0,0,0,0,19.1118878270069,1799
"p346","ssp126","MIROC6","2075",0.29,0.2,0,81,0,61,73,89.47,0,0,0.1,0,18.3424417244001,1800
"p346","ssp126","MPI-ESM1-2-LR","2075",0.4,0.13,0,72,0,45,51,74.39,0,0,0,0.05,17.4445810303803,1801
"p346","ssp126","MPI-ESM1-2-LR","2075",0.28,0.12,0.25,86,0.2,46,52,71.27,0,0,0.1,0,17.3170618369635,1802
"p346","ssp126","MPI-ESM1-2-LR","2075",0.47,0.11,0,84,0.1,77,88,104.61,0.1,0,0,0,17.8671314933134,1803
"p346","ssp126","MPI-ESM1-2-LR","2075",0.23,0,0,77,0.2,60,88,90.15,0,0,0.1,0,18.8415657380004,1804
"p346","ssp126","MPI-ESM1-2-LR","2075",0.52,0.24,0.25,81,0.2,52,58,80.14,0,0,0,0,17.0762892244048,1805
"p346","ssp126","MPI-ESM1-2-LR","2075",0.18,0.15,0,96,0.2,51,64,80.41,0.2,0,0.3,0,17.552264897819,1806
"p346","ssp126","MPI-ESM1-2-LR","2075",0.42,0.1,0,74,0,48,74,77.15,0,0,0.3,0,18.0020776635907,1807
"p346","ssp126","MPI-ESM1-2-LR","2075",0.37,0.21,0,73,0.1,46,52,78.79,0.1,0,0.1,0.15,17.8819445541919,1808
"p346","ssp126","MPI-ESM1-2-LR","2075",0.39,0,0,85,0.2,48,69,83.88,0,0,0.1,0,18.6566301162377,1809
"p346","ssp126","MPI-ESM1-2-LR","2075",0.13,0.11,0.2,79,0.1,47,100,82.91,0,0,0,0,18.3730074546064,1810
"p346","ssp126","MPI-ESM1-2-LR","2075",0.34,0.21,0,67,0.2,75,81,89.7,0,0,0.1,0.05,18.8778349830551,1811
"p346","ssp126","MPI-ESM1-2-LR","2075",0.3,0,0,97,0.2,60,66,89.37,0.1,0,0.1,0,16.9657580455263,1812
"p346","ssp126","MPI-ESM1-2-LR","2075",0.42,0.1,0,72,0,55,62,71.63,0,0,0.2,0,16.8043258078517,1813
"p346","ssp126","MPI-ESM1-2-LR","2075",0.41,0.21,0,75,0.2,51,82,79.54,0.1,0,0.2,0.1,17.3000867884491,1814
"p346","ssp126","MPI-ESM1-2-LR","2075",0.35,0.23,0,84,0.1,62,70,87.41,0,0,0,0,17.3634635883376,1815
"p346","ssp126","MPI-ESM1-2-LR","2075",0.36,0.23,0,97,0,47,53,72.71,0,0,0,0,17.6036544337547,1816
"p346","ssp126","MPI-ESM1-2-LR","2075",0.16,0.31,0.2,91,0.4,51,70,77.79,0,0,0.1,0,17.6714534718342,1817
"p346","ssp126","MPI-ESM1-2-LR","2075",0.33,0.31,0,102,0.1,57,63,85.56,0,0,0.2,0,17.8447097321351,1818
"p346","ssp126","MPI-ESM1-2-LR","2075",0.67,0.27,0,92,0.3,54,60,83.35,0,0,0.1,0,17.6116815323246,1819
"p346","ssp126","MPI-ESM1-2-LR","2075",0.66,0.21,0,62,0.2,51,78,79.27,0,0,0.3,0,18.9831781196877,1820
"p346","ssp126","MPI-ESM1-2-LR","2075",0.6,0.45,0,94,0,60,66,80.53,0,0,0,0.05,18.1641367823092,1821
"p346","ssp126","MPI-ESM1-2-LR","2075",0.36,0.18,0,87,0.4,71,77,95.79,0,0,0.1,0,17.7150577978288,1822
"p346","ssp126","MPI-ESM1-2-LR","2075",0.38,0.11,0,86,0.1,45,51,78.07,0.1,0,0.1,0,17.2134429187898,1823
"p346","ssp126","MPI-ESM1-2-LR","2075",0.3,0.1,0,97,0.2,45,51,77.94,0,0,0.1,0,18.1929350975669,1824
"p346","ssp126","MPI-ESM1-2-LR","2075",0.44,0.42,0,87,0.1,53,62,66.4,0,0,0.4,0.1,17.8801423334989,1825
"p346","ssp126","MPI-ESM1-2-LR","2075",0.22,0,0,93,0.2,52,58,84.18,0,0,0,0,18.6819269615265,1826
"p346","ssp126","MPI-ESM1-2-LR","2075",0.37,0.11,0,62,0,66,72,89.22,0,0,0.4,0,18.2982963604234,1827
"p346","ssp126","MPI-ESM1-2-LR","2075",0.32,0.23,0,86,0.3,53,68,82.78,0,0,0,0.05,18.1064222379649,1828
"p346","ssp126","MPI-ESM1-2-LR","2075",0.47,0.52,0,70,0,48,54,75.84,0,0,0.1,0,17.8055585562403,1829
"p346","ssp126","MPI-ESM1-2-LR","2075",0.29,0,0,86,0,45,51,74.65,0,0,0.2,0.2,17.2775683018016,1830
"p346","ssp126","MPI-ESM1-2-LR","2075",0.41,0,0,79,0.1,48,79,81.07,0,0,0,0,17.0793770148405,1831
"p346","ssp126","MPI-ESM1-2-LR","2075",0.27,0.1,0,81,0.3,58,64,79.71,0,0,0.1,0,18.1174527266967,1832
"p346","ssp126","MPI-ESM1-2-LR","2075",0.52,0.1,0,90,0.2,70,79,89.93,0,0,0.1,0,17.3888787067582,1833
"p346","ssp126","MPI-ESM1-2-LR","2075",0.48,0.14,0,83,0,53,59,75.94,0,0,0,0.05,17.9290759643887,1834
"p346","ssp126","MPI-ESM1-2-LR","2075",0.31,0.2,0,85,0.15,53,59,81.05,0.2,0,0.1,0,16.3954120537685,1835
"p346","ssp126","MPI-ESM1-2-LR","2075",0.48,0.32,0,90,0.1,64,70,87.65,0,0,0,0,17.7280236361255,1836
"p346","ssp126","MPI-ESM1-2-LR","2075",0.46,0.33,0,88,0.1,78,84,101.5,0,0,0,0,17.0987249084143,1837
"p346","ssp126","MPI-ESM1-2-LR","2075",0.32,0.32,0,89,0,44,50,78.74,0,0,0,0,17.0803281195011,1838
"p346","ssp126","MPI-ESM1-2-LR","2075",0.33,0,0,83,0.1,51,60,82.04,0.1,0,0.1,0.05,16.4079447597299,1839
"p346","ssp126","MPI-ESM1-2-LR","2075",0.42,0.45,0,75,0,48,54,80.7,0,0,0.2,0,16.8829722500535,1840
"p346","ssp126","MPI-ESM1-2-LR","2075",0.46,0.49,0,109,0.1,51,60,82.55,0,0,0.1,0,17.6829878168696,1841
"p346","ssp126","MPI-ESM1-2-LR","2075",0.38,0.1,0,96,0,56,62,82.84,0,0,0.2,0,18.5010301163242,1842
"p346","ssp126","MPI-ESM1-2-LR","2075",0.31,0.11,0,89,0.2,90,96,112.81,0,0,0,0,18.2374041521637,1843
"p346","ssp126","MPI-ESM1-2-LR","2075",0.29,0.24,0,98,0.1,72,78,87.49,0,0,0,0,18.0044244868493,1844
"p346","ssp126","MPI-ESM1-2-LR","2075",0.3,0.54,0.2,103,0.15,75,81,94.81,0,0,0.3,0,17.795220668493,1845
"p346","ssp126","MPI-ESM1-2-LR","2075",0.39,0.21,0,98,0.1,57,64,80.32,0,0,0.1,0,18.4013735230453,1846
"p346","ssp126","MPI-ESM1-2-LR","2075",0.31,0.22,0,88,0.1,104,110,119.12,0,0,0,0,19.9699970186308,1847
"p346","ssp126","MPI-ESM1-2-LR","2075",0.33,0.36,0,83,0,53,61,80.18,0,0,0.3,0,17.3647909323708,1848
"p346","ssp126","MPI-ESM1-2-LR","2075",0.5,0.14,0,76,0,62,68,87.25,0,0,0.3,0,18.2356411991464,1849
"p346","ssp126","MPI-ESM1-2-LR","2075",0.23,0,0,54,0.2,49,94,71.78,0.1,0,0,0,17.6666441398804,1850
"p346","ssp126","MPI-ESM1-2-LR","2075",0.22,0.31,0,82,0.2,54,65,82.92,0,0,0.2,0,17.9293720840024,1851
"p346","ssp126","MPI-ESM1-2-LR","2075",0.37,0.22,0,73,0,49,55,80.22,0,0,0.1,0,17.3309290035033,1852
"p346","ssp126","MPI-ESM1-2-LR","2075",0.32,0.13,0,93,0.3,57,63,87.52,0,0,0,0,17.2836385486716,1853
"p346","ssp126","MPI-ESM1-2-LR","2075",0.35,0.14,0,83,0,56,62,82.91,0,0,0.3,0.1,17.5172808350297,1854
"p346","ssp126","MPI-ESM1-2-LR","2075",0.44,0,0,72,0.1,61,67,83.29,0,0,0.4,0,17.5684009402782,1855
"p346","ssp126","MPI-ESM1-2-LR","2075",0.27,0.11,0,89,0.6,77,83,94.82,0,0,0.4,0,18.2046510105277,1856
"p346","ssp126","MPI-ESM1-2-LR","2075",0.16,0,0,91,0.2,55,64,88.92,0.2,0,0.1,0,17.6724246469737,1857
"p346","ssp126","MPI-ESM1-2-LR","2075",0.14,0,0,72,0.2,79,85,96.96,0,0,0,0,18.6763876493933,1858
"p346","ssp126","MPI-ESM1-2-LR","2075",0.4,0.1,0,101,0,62,68,87.44,0,0,0.1,0,18.1106658632846,1859
"p346","ssp126","MPI-ESM1-2-LR","2075",0.19,0.19,0.2,87,0,65,78,90.6,0,0,0,0,18.3818585282362,1860
"p346","ssp126","MPI-ESM1-2-LR","2075",0.26,0.14,0.2,71,0.1,58,88,80.25,0,0,0.2,0,18.1147100460017,1861
"p346","ssp126","MPI-ESM1-2-LR","2075",0.26,0.1,0,68,0,46,52,73.22,0.1,0,0,0,16.8983163539931,1862
"p346","ssp126","MPI-ESM1-2-LR","2075",0.26,0.1,0,76,0.1,60,66,86.4,0,0,0.3,0,18.4960138967986,1863
"p346","ssp126","MPI-ESM1-2-LR","2075",0.29,0.25,0,85,0,45,52,76.67,0,0,0.4,0,17.4904690666468,1864
"p346","ssp126","MPI-ESM1-2-LR","2075",0.22,0.2,0,64,0,51,66,86.86,0,0,0.2,0,17.8361060681733,1865
"p346","ssp126","MPI-ESM1-2-LR","2075",0.15,0.35,0,91,0.2,74,80,93.17,0,0,0,0,19.1025205982433,1866
"p346","ssp126","MPI-ESM1-2-LR","2075",0.3,0.21,0,71,0.1,63,69,92.36,0,0,0.2,0,17.9731169378538,1867
"p346","ssp126","MPI-ESM1-2-LR","2075",0.35,0.11,0,88,0.1,75,81,99.29,0.1,0,0,0,17.9095023964163,1868
"p346","ssp126","MPI-ESM1-2-LR","2075",0.31,0.1,0,89,0.1,68,74,93.46,0,0,0.3,0,18.1462518072582,1869
"p346","ssp126","MPI-ESM1-2-LR","2075",0.34,0.42,0,101,0.1,45,56,73.13,0,0,0.1,0,16.9303407465731,1870
"p346","ssp126","MPI-ESM1-2-LR","2075",0.15,0,0,84,0.2,49,55,75.66,0,0,0.2,0,17.2288190618238,1871
"p346","ssp126","MPI-ESM1-2-LR","2075",0.25,0.14,0,82,0.1,59,65,87.1,0,0,0,0,17.7464046917812,1872
"p346","ssp126","MPI-ESM1-2-LR","2075",0.14,0.28,0,81,0,77,83,88.58,0,0,0.1,0,19.1363365761172,1873
"p346","ssp126","MPI-ESM1-2-LR","2075",0.46,0.11,0,84,0.1,45,51,72.43,0.1,0,0.1,0,16.1214598944855,1874
"p346","ssp126","MPI-ESM1-2-LR","2075",0.32,0,0,63,0.1,51,57,85.52,0,0,0.2,0,17.4317624409911,1875
"p346","ssp126","MPI-ESM1-2-LR","2075",0.17,0,0,69,0.1,52,58,77.94,0.1,0,0,0,17.1431500770266,1876
"p346","ssp126","MPI-ESM1-2-LR","2075",0.36,0,0,78,0.1,60,66,84.87,0,0,0.1,0.1,17.7332977813558,1877
"p346","ssp126","MPI-ESM1-2-LR","2075",0.23,0.12,0,85,0.1,67,73,93.6,0,0,0.1,0,18.2227869248452,1878
"p346","ssp126","MPI-ESM1-2-LR","2075",0.15,0,0,75,0.2,48,54,80.09,0,0,0.4,0,18.066116912376,1879
"p346","ssp126","MPI-ESM1-2-LR","2075",0.21,0.11,0,83,0.1,84,90,104.85,0,0,0.3,0,18.7003907496366,1880
"p346","ssp126","MPI-ESM1-2-LR","2075",0.35,0,0,88,0,71,77,96.35,0,0,0.2,0,16.4192877703509,1881
"p346","ssp126","MPI-ESM1-2-LR","2075",0.51,0.19,0,89,0,46,71,76.96,0,0,0.1,0,18.7456585513613,1882
"p346","ssp126","MPI-ESM1-2-LR","2075",0.26,0.11,0,85,0.1,55,72,82.1,0,0,0.4,0,16.7122427603744,1883
"p346","ssp126","MPI-ESM1-2-LR","2075",0.11,0.21,0.2,78,0.1,93,99,107.33,0,0,0.1,0,18.7721803242018,1884
"p346","ssp126","MPI-ESM1-2-LR","2075",0.34,0.21,0,77,0.45,76,89,98.68,0,0,0,0.1,18.823740942566,1885
"p346","ssp126","MPI-ESM1-2-LR","2075",0.24,0.34,0.2,71,0.4,48,84,78.48,0,0,0.2,0,19.400918375163,1886
"p346","ssp126","MPI-ESM1-2-LR","2075",0.42,0.12,0,77,0.1,71,77,92.76,0,0,0.1,0,17.3965628879131,1887
"p346","ssp126","MPI-ESM1-2-LR","2075",0.42,0.2,0,84,0,51,60,80.6,0,0,0.1,0,17.6200379183208,1888
"p346","ssp126","MPI-ESM1-2-LR","2075",0.34,0,0,69,0.2,63,97,90.16,0,0,0,0,17.2572832737619,1889
"p346","ssp126","MPI-ESM1-2-LR","2075",0.11,0.37,0,92,0.3,81,87,101.12,0,0,0.3,0,18.5051954985297,1890
"p346","ssp126","MPI-ESM1-2-LR","2075",0.26,0.28,0,78,0.3,73,79,97.44,0,0,0.1,0,17.4672699418329,1891
"p346","ssp126","MPI-ESM1-2-LR","2075",0.23,0.12,0,93,0,63,76,87.65,0,0,0.6,0,18.2577098231688,1892
"p346","ssp126","MPI-ESM1-2-LR","2075",0.21,0,0,79,0,59,106,81.49,0,0,0,0,19.0072667777151,1893
"p346","ssp126","MPI-ESM1-2-LR","2075",0.24,0.33,0,89,0.1,61,73,91.32,0,0,0.1,0,18.8548098763561,1894
"p346","ssp126","MPI-ESM1-2-LR","2075",0.2,0.43,0,98,0.1,49,55,78.07,0.2,0,0.1,0,16.1393317863001,1895
"p346","ssp126","MPI-ESM1-2-LR","2075",0.13,0.21,0.3,76,0.2,45,67,63.71,0,0,0.1,0,17.0046889610484,1896
"p346","ssp126","MPI-ESM1-2-LR","2075",0.48,0.17,0,86,0.1,56,64,79.57,0,0,0.3,0,17.2014259387356,1897
"p346","ssp126","MPI-ESM1-2-LR","2075",0.36,0.24,0,87,0.1,58,67,86.52,0,0,0,0,17.7890420262154,1898
"p346","ssp126","MPI-ESM1-2-LR","2075",0.23,0.47,0,85,0.1,74,80,100.33,0,0,0.1,0,18.4268139695537,1899
"p346","ssp126","MPI-ESM1-2-LR","2075",0.29,0.2,0,80,0,74,89,99.51,0,0,0,0,18.8984744757214,1900
"p346","ssp126","MRI-ESM2-0","2075",0.4,0.21,0,77,0,50,56,73.57,0.1,0,0,0.2,16.8994464463295,1901
"p346","ssp126","MRI-ESM2-0","2075",0.28,0.12,0.25,89,0.2,52,63,72.1,0.1,0,0.1,0.05,17.1341397162301,1902
"p346","ssp126","MRI-ESM2-0","2075",0.47,0.22,0,83,0.1,89,96,109.39,0.1,0,0,0,17.8636384870034,1903
"p346","ssp126","MRI-ESM2-0","2075",0.23,0,0,79,0.1,88,94,111.46,0,0,0,0,18.8206732628239,1904
"p346","ssp126","MRI-ESM2-0","2075",0.52,0.24,0.25,85,0.3,53,61,77.31,0.1,0,0,0,16.4750838848506,1905
"p346","ssp126","MRI-ESM2-0","2075",0.18,0.28,0,97,0.2,82,88,99.04,0,0,0.2,0.2,18.2613148971774,1906
"p346","ssp126","MRI-ESM2-0","2075",0.42,0.1,0,76,0,75,81,88.63,0,0,0.2,0,17.6148796428758,1907
"p346","ssp126","MRI-ESM2-0","2075",0.37,0.22,0,75,0.1,47,53,77.41,0.1,0,0.1,0.25,17.3651382431978,1908
"p346","ssp126","MRI-ESM2-0","2075",0.33,0,0,85,0.2,67,73,94.41,0,0,0.1,0.05,18.3753292925529,1909
"p346","ssp126","MRI-ESM2-0","2075",0.06,0.11,0,83,0.1,100,106,115.71,0,0,0,0,18.7541990665219,1910
"p346","ssp126","MRI-ESM2-0","2075",0.33,0.13,0,72,0.2,78,84,87.43,0,0,0.1,0.15,18.6412873874945,1911
"p346","ssp126","MRI-ESM2-0","2075",0.3,0,0,94,0.1,61,67,86.26,0.1,0,0.1,0.05,16.5280210385448,1912
"p346","ssp126","MRI-ESM2-0","2075",0.37,0.1,0,77,0,64,70,72.27,0.1,0,0.2,0,16.6437365294786,1913
"p346","ssp126","MRI-ESM2-0","2075",0.41,0.21,0.2,75,0.1,83,89,99.08,0.2,0,0.2,0.2,16.8812298922245,1914
"p346","ssp126","MRI-ESM2-0","2075",0.35,0.34,0,84,0.1,72,86,91.1,0,0,0,0,17.3956037930867,1915
"p346","ssp126","MRI-ESM2-0","2075",0.36,0.23,0,99,0.1,50,56,71.92,0.1,0,0,0.2,17.1782926232827,1916
"p346","ssp126","MRI-ESM2-0","2075",0.15,0.32,0.2,87,0.4,70,76,85.27,0.1,0,0.1,0.05,17.2706530081777,1917
"p346","ssp126","MRI-ESM2-0","2075",0.28,0.44,0,101,0.1,66,82,87.56,0,0,0.2,0,18.2216187587455,1918
"p346","ssp126","MRI-ESM2-0","2075",0.64,0.32,0,93,0.3,59,92,86.77,0,0,0.1,0,19.3398278890238,1919
"p346","ssp126","MRI-ESM2-0","2075",0.66,0.36,0,63,0.2,77,87,91.3,0,0,0.3,0,19.2965283483984,1920
"p346","ssp126","MRI-ESM2-0","2075",0.6,0.48,0,95,0.1,63,69,76.26,0,0,0,0.15,17.671295597817,1921
"p346","ssp126","MRI-ESM2-0","2075",0.39,0.18,0,88,0.5,72,84,90.2,0,0,0.2,0.1,17.6317948906553,1922
"p346","ssp126","MRI-ESM2-0","2075",0.38,0.23,0,85,0.15,45,76,76.33,0.2,0,0,0.05,17.6776000557532,1923
"p346","ssp126","MRI-ESM2-0","2075",0.25,0.22,0,96,0.2,46,52,76.33,0,0,0,0,17.5520004904321,1924
"p346","ssp126","MRI-ESM2-0","2075",0.44,0.42,0,90,0.1,68,82,71.55,0,0,0.2,0.15,18.4345819413369,1925
"p346","ssp126","MRI-ESM2-0","2075",0.22,0,0,99,0,56,62,83.53,0,0,0,0,18.185246871434,1926
"p346","ssp126","MRI-ESM2-0","2075",0.38,0.21,0.25,62,0,67,73,84.34,0,0,0.4,0,18.0624973225815,1927
"p346","ssp126","MRI-ESM2-0","2075",0.32,0.25,0,84,0.5,70,80,90.47,0,0,0,0.05,18.000542582378,1928
"p346","ssp126","MRI-ESM2-0","2075",0.54,0.57,0,71,0,49,55,70.64,0.1,0,0.1,0.05,17.5219648008506,1929
"p346","ssp126","MRI-ESM2-0","2075",0.35,0.11,0,90,0,46,52,72.66,0,0,0.1,0.3,16.7237635785268,1930
"p346","ssp126","MRI-ESM2-0","2075",0.31,0.25,0,83,0.25,79,93,99.88,0,0,0,0,17.6785540300113,1931
"p346","ssp126","MRI-ESM2-0","2075",0.27,0.22,0.25,81,0.35,60,66,75.14,0,0,0,0,18.046992753565,1932
"p346","ssp126","MRI-ESM2-0","2075",0.52,0,0,91,0.2,79,85,91.99,0,0,0.1,0,17.6212492449759,1933
"p346","ssp126","MRI-ESM2-0","2075",0.41,0.14,0,82,0,54,65,73.98,0,0,0,0.15,17.6312270661976,1934
"p346","ssp126","MRI-ESM2-0","2075",0.31,0.16,0,88,0.15,55,61,78.99,0.6,0,0.1,0,15.9547105078655,1935
"p346","ssp126","MRI-ESM2-0","2075",0.48,0.43,0,90,0.1,73,79,88.92,0,0,0,0,17.6178476280698,1936
"p346","ssp126","MRI-ESM2-0","2075",0.46,0.36,0,87,0,81,87,98.84,0,0,0,0.1,16.8747108413569,1937
"p346","ssp126","MRI-ESM2-0","2075",0.25,0.45,0,92,0,45,51,78.24,0,0,0,0,16.6892330371144,1938
"p346","ssp126","MRI-ESM2-0","2075",0.25,0,0,85,0.1,61,70,86.39,0.1,0,0,0.3,16.2210800052476,1939
"p346","ssp126","MRI-ESM2-0","2075",0.38,0.46,0,75,0.1,49,55,78.09,0.1,0,0.2,0.05,16.3481215966787,1940
"p346","ssp126","MRI-ESM2-0","2075",0.41,0.47,0,109,0.1,69,76,94.57,0,0,0.1,0,17.6854995998765,1941
"p346","ssp126","MRI-ESM2-0","2075",0.38,0.1,0,96,0.1,58,64,78.35,0,0,0.2,0.05,18.4933810033769,1942
"p346","ssp126","MRI-ESM2-0","2075",0.31,0.34,0,89,0.2,92,100,110.02,0,0,0,0,18.1376417539015,1943
"p346","ssp126","MRI-ESM2-0","2075",0.29,0.24,0,100,0.1,73,79,83.98,0,0,0,0.05,17.7208314071484,1944
"p346","ssp126","MRI-ESM2-0","2075",0.3,0.48,0.3,102,0.15,76,88,90.18,0,0,0.3,0.05,17.7551041412604,1945
"p346","ssp126","MRI-ESM2-0","2075",0.39,0.21,0,98,0.1,67,73,83.64,0,0,0.1,0.1,18.2144884625142,1946
"p346","ssp126","MRI-ESM2-0","2075",0.31,0.31,0,90,0.1,104,110,111.76,0,0,0,0,19.8276125212665,1947
"p346","ssp126","MRI-ESM2-0","2075",0.33,0.36,0,82,0.1,60,84,78.71,0,0,0.3,0,18.0155739921799,1948
"p346","ssp126","MRI-ESM2-0","2075",0.45,0.15,0,83,0,64,70,82.52,0.1,0,0.3,0,17.86402156675,1949
"p346","ssp126","MRI-ESM2-0","2075",0.23,0,0.2,63,0,119,125,119.79,0,0,0,0,20.0955493460967,1950
"p346","ssp126","MRI-ESM2-0","2075",0.17,0.32,0,82,0.1,71,77,93.7,0,0,0.2,0.1,17.662795305119,1951
"p346","ssp126","MRI-ESM2-0","2075",0.37,0.22,0,76,0.1,51,57,78.86,0,0,0.1,0,17.0856128415445,1952
"p346","ssp126","MRI-ESM2-0","2075",0.3,0.16,0,94,0.4,59,72,85.37,0,0,0,0.05,17.3031490439087,1953
"p346","ssp126","MRI-ESM2-0","2075",0.35,0.12,0,86,0,67,75,86.82,0,0,0.2,0.1,17.6888870497033,1954
"p346","ssp126","MRI-ESM2-0","2075",0.44,0,0,73,0.1,63,69,79.06,0,0,0.4,0.05,17.3612707918997,1955
"p346","ssp126","MRI-ESM2-0","2075",0.27,0.11,0,92,0.8,81,87,93.89,0,0,0.3,0,18.1123690388185,1956
"p346","ssp126","MRI-ESM2-0","2075",0.16,0,0,91,0.1,66,82,92.41,0,0,0.1,0.05,18.2788910164196,1957
"p346","ssp126","MRI-ESM2-0","2075",0.14,0,0.2,77,0.2,80,86,89.11,0,0,0,0,18.4921709116739,1958
"p346","ssp126","MRI-ESM2-0","2075",0.4,0.13,0,101,0,65,71,86.07,0,0,0.1,0,17.7339632292264,1959
"p346","ssp126","MRI-ESM2-0","2075",0.19,0.19,0.2,87,0,79,90,96.1,0,0,0,0.05,18.4585339934023,1960
"p346","ssp126","MRI-ESM2-0","2075",0.19,0.25,0.2,70,0.1,97,103,103.07,0,0,0.2,0,18.5935951961521,1961
"p346","ssp126","MRI-ESM2-0","2075",0.26,0.1,0,69,0,53,59,74.72,0.1,0,0,0,16.4840260945985,1962
"p346","ssp126","MRI-ESM2-0","2075",0.26,0.1,0,83,0.1,61,69,83.63,0,0,0.3,0.05,18.198297885417,1963
"p346","ssp126","MRI-ESM2-0","2075",0.29,0.26,0,87,0,89,95,105.57,0,0,0.2,0,19.3686595486725,1964
"p346","ssp126","MRI-ESM2-0","2075",0.22,0.12,0,64,0,53,73,84.87,0,0,0.2,0,17.6681601119357,1965
"p346","ssp126","MRI-ESM2-0","2075",0.15,0.42,0,91,0.1,75,81,88.09,0,0,0,0,18.7932006726086,1966
"p346","ssp126","MRI-ESM2-0","2075",0.31,0.21,0,75,0.2,66,72,93.77,0,0,0.2,0,17.8502469530454,1967
"p346","ssp126","MRI-ESM2-0","2075",0.29,0.12,0,87,0.1,78,84,95.62,0.2,0,0,0,17.8561816366779,1968
"p346","ssp126","MRI-ESM2-0","2075",0.31,0.34,0,89,0.1,69,75,89.2,0,0,0.3,0.05,17.8616823163599,1969
"p346","ssp126","MRI-ESM2-0","2075",0.34,0.39,0,105,0.1,56,62,78.25,0,0,0.1,0.05,16.4236032031301,1970
"p346","ssp126","MRI-ESM2-0","2075",0.15,0.1,0,85,0.2,51,57,70.09,0,0,0.2,0,16.8327236958488,1971
"p346","ssp126","MRI-ESM2-0","2075",0.25,0.1,0,87,0.1,60,78,87.09,0,0,0,0,18.2681370394689,1972
"p346","ssp126","MRI-ESM2-0","2075",0.14,0.28,0,82,0,79,87,82.69,0,0,0.1,0.05,19.2098447047898,1973
"p346","ssp126","MRI-ESM2-0","2075",0.46,0.11,0,88,0.1,45,53,68.69,0.4,0,0,0,15.7736598053951,1974
"p346","ssp126","MRI-ESM2-0","2075",0.32,0,0,71,0.2,70,78,96.14,0,0,0.2,0,17.6246540158482,1975
"p346","ssp126","MRI-ESM2-0","2075",0.17,0,0,74,0.15,54,60,73.92,0.1,0,0,0.05,16.7102598891796,1976
"p346","ssp126","MRI-ESM2-0","2075",0.36,0.1,0,85,0.2,64,70,81.96,0,0,0.1,0.3,17.1942478084781,1977
"p346","ssp126","MRI-ESM2-0","2075",0.18,0.14,0,88,0.1,69,75,91.98,0,0,0.1,0,18.0273667102029,1978
"p346","ssp126","MRI-ESM2-0","2075",0.15,0.1,0,77,0.2,49,55,80.06,0,0,0.4,0,17.5973053779813,1979
"p346","ssp126","MRI-ESM2-0","2075",0.21,0.11,0,84,0.1,87,93,101.03,0,0,0.3,0,18.3626848496711,1980
"p346","ssp126","MRI-ESM2-0","2075",0.3,0,0,91,0,72,78,92.41,0,0,0.2,0,16.2954753466351,1981
"p346","ssp126","MRI-ESM2-0","2075",0.52,0.29,0,94,0,78,84,96.67,0,0,0.1,0,18.8317435187211,1982
"p346","ssp126","MRI-ESM2-0","2075",0.28,0.24,0,86,0.1,70,87,89.59,0.1,0,0.2,0,16.8650717243951,1983
"p346","ssp126","MRI-ESM2-0","2075",0.11,0.22,0,75,0.1,96,102,105.61,0,0,0.1,0,18.7063446303085,1984
"p346","ssp126","MRI-ESM2-0","2075",0.34,0.21,0,79,0.4,104,110,112.31,0,0,0,0.1,19.942287096697,1985
"p346","ssp126","MRI-ESM2-0","2075",0.24,0.34,0.2,75,0.3,82,88,97.21,0,0,0.1,0,19.3083717844437,1986
"p346","ssp126","MRI-ESM2-0","2075",0.36,0.12,0,77,0.1,72,83,89.59,0,0,0.1,0,17.4496085292483,1987
"p346","ssp126","MRI-ESM2-0","2075",0.42,0.1,0,85,0,84,90,100.52,0,0,0.1,0,18.869331325584,1988
"p346","ssp126","MRI-ESM2-0","2075",0.33,0,0,64,0.2,101,108,112.7,0,0,0,0,18.3131927927829,1989
"p346","ssp126","MRI-ESM2-0","2075",0.11,0.27,0,94,0.2,82,88,94.39,0.1,0,0.3,0,18.2614160475405,1990
"p346","ssp126","MRI-ESM2-0","2075",0.24,0.28,0,80,0.3,79,89,96.06,0,0,0,0,17.5925111608282,1991
"p346","ssp126","MRI-ESM2-0","2075",0.23,0.12,0,98,0,78,84,95.13,0,0,0.6,0,18.1179756193452,1992
"p346","ssp126","MRI-ESM2-0","2075",0.21,0.12,0,87,0,108,114,108.99,0,0,0,0.2,19.3375187988429,1993
"p346","ssp126","MRI-ESM2-0","2075",0.24,0.33,0,94,0.1,75,81,97.93,0,0,0,0,19.0516655800546,1994
"p346","ssp126","MRI-ESM2-0","2075",0.2,0.45,0,97,0.2,83,89,99.79,0.2,0,0.1,0.05,17.1166716498178,1995
"p346","ssp126","MRI-ESM2-0","2075",0.13,0.21,0.3,80,0.2,76,101,84.83,0,0,0,0,18.5343784310358,1996
"p346","ssp126","MRI-ESM2-0","2075",0.47,0.3,0,88,0.1,62,77,79.94,0,0,0.3,0,17.037758563508,1997
"p346","ssp126","MRI-ESM2-0","2075",0.37,0.26,0,87,0.1,59,70,84.03,0,0,0,0.05,17.5802391226592,1998
"p346","ssp126","MRI-ESM2-0","2075",0.23,0.35,0,88,0.1,75,81,96.68,0,0,0.1,0,18.2849229435931,1999
"p346","ssp126","MRI-ESM2-0","2075",0.29,0.2,0.2,79,0,76,93,95.74,0,0,0,0,18.5996372823042,2000
"p346","ssp126","NESM3","2075",0.4,0.22,0,95,0,45,51,72.67,0,0,0,0.15,17.6421466277345,2001
"p346","ssp126","NESM3","2075",0.28,0.25,0.25,97,0.1,45,51,70.7,0,0,0.1,0,17.6779300634099,2002
"p346","ssp126","NESM3","2075",0.47,0.24,0,104,0.1,49,78,82.98,0,0,0,0,17.8978475855299,2003
"p346","ssp126","NESM3","2075",0.23,0.12,0,99,0.1,59,88,90.1,0,0,0.1,0,19.0590266023555,2004
"p346","ssp126","NESM3","2075",0.5,0.28,0.25,102,0.3,52,58,80.86,0,0,0,0,17.2362885783732,2005
"p346","ssp126","NESM3","2075",0.18,0.6,0,113,0.2,48,54,77.82,0.2,0,0.3,0,17.4549270929581,2006
"p346","ssp126","NESM3","2075",0.42,0.12,0,97,0,47,73,77.02,0,0,0.3,0,18.3599940554302,2007
"p346","ssp126","NESM3","2075",0.37,0.34,0,92,0.1,45,51,77.61,0.1,0,0.1,0.15,18.092673662239,2008
"p346","ssp126","NESM3","2075",0.33,0.14,0,108,0.2,47,65,83.42,0,0,0,0,18.7320810877681,2009
"p346","ssp126","NESM3","2075",0.19,0,0,97,0.1,46,99,80.96,0,0,0,0,19.2835967587911,2010
"p346","ssp126","NESM3","2075",0.34,0.23,0,94,0.2,54,76,75.62,0,0,0.1,0.05,18.896958951517,2011
"p346","ssp126","NESM3","2075",0.31,0.11,0,109,0.1,59,65,88.82,0,0,0.1,0,17.3798221821799,2012
"p346","ssp126","NESM3","2075",0.42,0.1,0.5,99,0,53,59,70.33,0,0,0.1,0,16.9474099568077,2013
"p346","ssp126","NESM3","2075",0.41,0.58,0.2,85,0.1,50,57,78.32,0,0,0.1,0.1,16.5862220665941,2014
"p346","ssp126","NESM3","2075",0.35,0.36,0,94,0.1,60,66,86.83,0,0,0,0,17.576017528344,2015
"p346","ssp126","NESM3","2075",0.36,0.6,0,119,0.1,46,52,72.94,0,0,0,0.1,17.8493311853423,2016
"p346","ssp126","NESM3","2075",0.16,0.38,0.2,100,0.4,49,68,77.32,0,0,0.1,0,17.7606751167782,2017
"p346","ssp126","NESM3","2075",0.28,0.62,0,119,0.1,56,62,84.5,0,0,0.1,0,18.0007036177535,2018
"p346","ssp126","NESM3","2075",0.64,0.39,0,109,0.3,52,58,81.74,0.1,0,0.1,0,17.8465914108984,2019
"p346","ssp126","NESM3","2075",0.68,0.38,0,84,0.2,50,76,79.43,0,0,0.3,0,19.093207630767,2020
"p346","ssp126","NESM3","2075",0.6,0.72,0,112,0.1,59,65,77.54,0,0,0,0.05,18.4978024884581,2021
"p346","ssp126","NESM3","2075",0.42,0.43,0,103,0.5,71,77,96.12,0,0,0.1,0,18.0457109690196,2022
"p346","ssp126","NESM3","2075",0.38,0.36,0,104,0.15,44,50,76.02,0.1,0,0.1,0,17.3936315083553,2023
"p346","ssp126","NESM3","2075",0.24,0.47,0,106,0.2,45,51,77.54,0,0,0.1,0,18.2979364210632,2024
"p346","ssp126","NESM3","2075",0.44,0.56,0,106,0.1,52,58,68.43,0,0,0.3,0.1,17.9922052454411,2025
"p346","ssp126","NESM3","2075",0.24,0.2,0,115,0,51,57,83.62,0,0,0,0,19.0054140255942,2026
"p346","ssp126","NESM3","2075",0.38,0.22,0.25,83,0.1,65,71,90.55,0,0,0.3,0,18.7203763121097,2027
"p346","ssp126","NESM3","2075",0.4,0.47,0,103,0.3,52,58,81.5,0,0,0,0.05,17.9168334111803,2028
"p346","ssp126","NESM3","2075",0.54,0.62,0,88,0,47,53,74.73,0,0,0,0,18.2945179632658,2029
"p346","ssp126","NESM3","2075",0.37,0.34,0,106,0,45,51,75.21,0,0,0.2,0.25,17.6691567458691,2030
"p346","ssp126","NESM3","2075",0.41,0.45,0,95,0.25,47,53,79.99,0.1,0,0,0,16.4674103289677,2031
"p346","ssp126","NESM3","2075",0.27,0.33,0,102,0.35,58,64,81.69,0,0,0.1,0,18.5683613136651,2032
"p346","ssp126","NESM3","2075",0.53,0.1,0,104,0.2,70,81,90.03,0,0,0.1,0,18.0509032594304,2033
"p346","ssp126","NESM3","2075",0.41,0.18,0,97,0,52,58,76.57,0,0,0,0.05,18.2866054421921,2034
"p346","ssp126","NESM3","2075",0.36,0.16,0,100,0.15,52,58,80.53,0.3,0,0.2,0,16.6818591643685,2035
"p346","ssp126","NESM3","2075",0.48,0.64,0,105,0,63,69,87,0,0,0,0,18.1562535312269,2036
"p346","ssp126","NESM3","2075",0.46,0.7,0,103,0.1,78,84,100.39,0,0,0,0,17.5801158093509,2037
"p346","ssp126","NESM3","2075",0.25,0.5,0,98,0,44,50,77.5,0,0,0,0,17.5938273491393,2038
"p346","ssp126","NESM3","2075",0.35,0.21,0,104,0.1,51,58,81.57,0.1,0,0.1,0.05,16.7961109518998,2039
"p346","ssp126","NESM3","2075",0.42,0.49,0,92,0.1,48,54,79.89,0,0,0.1,0,17.1612306537232,2040
"p346","ssp126","NESM3","2075",0.46,0.6,0,118,0.1,51,57,82.64,0,0,0,0,17.8285769075439,2041
"p346","ssp126","NESM3","2075",0.38,0.14,0,105,0.1,56,62,82.6,0,0,0.1,0,18.6477862853155,2042
"p346","ssp126","NESM3","2075",0.31,0.39,0,104,0.1,57,93,89.54,0,0,0,0,18.7402677067067,2043
"p346","ssp126","NESM3","2075",0.29,0.28,0,107,0,58,73,79.53,0,0,0,0.05,18.3325394240568,2044
"p346","ssp126","NESM3","2075",0.3,0.71,0.2,113,0.15,75,81,94.45,0,0,0.2,0,18.075118756745,2045
"p346","ssp126","NESM3","2075",0.4,0.52,0,118,0.1,54,60,78.27,0,0,0.1,0,18.5738309712426,2046
"p346","ssp126","NESM3","2075",0.31,0.41,0,99,0,103,109,119.22,0,0,0,0,20.0758367946589,2047
"p346","ssp126","NESM3","2075",0.33,0.38,0,92,0.1,52,58,80.36,0,0,0.3,0,17.6454964119146,2048
"p346","ssp126","NESM3","2075",0.44,0.22,0,101,0,62,68,87.81,0,0,0.3,0,18.5165312050728,2049
"p346","ssp126","NESM3","2075",0.23,0,0.3,92,0.1,48,92,69.46,0.1,0,0,0,18.0014022706667,2050
"p346","ssp126","NESM3","2075",0.22,0.33,0.2,91,0.1,50,56,77.39,0,0,0.1,0,17.9124099403324,2051
"p346","ssp126","NESM3","2075",0.38,0.34,0,104,0.1,48,54,78.86,0,0,0.1,0,17.8372520794817,2052
"p346","ssp126","NESM3","2075",0.32,0.15,0.2,107,0.4,56,62,85.51,0,0,0,0,17.8140701361687,2053
"p346","ssp126","NESM3","2075",0.35,0.3,0,110,0,54,60,81.07,0,0,0.3,0.1,17.8563920717676,2054
"p346","ssp126","NESM3","2075",0.44,0.1,0,103,0.1,56,62,80.06,0,0,0.3,0,17.9554679197963,2055
"p346","ssp126","NESM3","2075",0.27,0.23,0,105,0.6,81,87,97.12,0,0,0.3,0,18.945813809091,2056
"p346","ssp126","NESM3","2075",0.16,0.11,0,113,0.1,53,62,85.63,0.2,0,0.1,0,17.9034026774352,2057
"p346","ssp126","NESM3","2075",0.14,0,0.2,87,0.2,79,85,96.99,0,0,0.1,0,19.1699371855277,2058
"p346","ssp126","NESM3","2075",0.4,0.23,0,119,0,59,65,83.5,0,0,0.1,0,18.1032658635514,2059
"p346","ssp126","NESM3","2075",0.19,0.31,0.2,102,0,65,80,89.56,0,0,0,0,18.5583738645064,2060
"p346","ssp126","NESM3","2075",0.19,0.35,0.2,96,0.1,58,94,81.49,0,0,0.2,0,18.9261385137819,2061
"p346","ssp126","NESM3","2075",0.26,0.21,0,80,0,45,51,73.18,0.1,0,0.1,0,17.0168380431377,2062
"p346","ssp126","NESM3","2075",0.26,0.21,0,104,0.1,60,66,85.96,0,0,0.3,0.05,18.8922754755047,2063
"p346","ssp126","NESM3","2075",0.29,0.63,0,100,0,45,51,76.85,0,0,0.2,0,17.8018403290367,2064
"p346","ssp126","NESM3","2075",0.22,0.24,0,78,0,50,56,84.82,0,0,0.2,0,17.7724356556438,2065
"p346","ssp126","NESM3","2075",0.21,0.48,0,105,0.1,75,81,94.15,0,0,0,0,19.1088051542751,2066
"p346","ssp126","NESM3","2075",0.3,0.22,0.2,95,0.2,62,68,92.54,0,0,0.2,0,18.4891398070709,2067
"p346","ssp126","NESM3","2075",0.29,0.24,0,113,0.1,77,83,101.02,0.1,0,0.1,0,18.3756652062375,2068
"p346","ssp126","NESM3","2075",0.31,0.44,0,105,0.1,68,74,93.27,0,0,0.2,0,18.4322038810277,2069
"p346","ssp126","NESM3","2075",0.35,0.51,0,111,0.1,45,54,74.54,0,0,0.1,0.05,17.201544613183,2070
"p346","ssp126","NESM3","2075",0.15,0.23,0.2,100,0.2,49,55,75.49,0,0,0.2,0,17.5645781235915,2071
"p346","ssp126","NESM3","2075",0.25,0.15,0,99,0.1,59,65,87.32,0,0,0,0,17.9754891792925,2072
"p346","ssp126","NESM3","2075",0.19,0.3,0,105,0,78,84,89.57,0,0,0.1,0.05,19.2525031441766,2073
"p346","ssp126","NESM3","2075",0.46,0.34,0,99,0.1,44,50,68.89,0.2,0,0.1,0,16.5697341238343,2074
"p346","ssp126","NESM3","2075",0.32,0.22,0,79,0.2,50,56,84.55,0,0,0.1,0,17.8796956911143,2075
"p346","ssp126","NESM3","2075",0.17,0.3,0,92,0.15,51,57,78.59,0.1,0,0,0,17.3759493314267,2076
"p346","ssp126","NESM3","2075",0.41,0.26,0,100,0.2,59,65,85.89,0,0,0.1,0.2,18.1386447181577,2077
"p346","ssp126","NESM3","2075",0.15,0.24,0,106,0.1,67,73,93.9,0,0,0.1,0,18.5075797314887,2078
"p346","ssp126","NESM3","2075",0.15,0.32,0,96,0.1,47,53,81.03,0,0,0.3,0,18.5990580011371,2079
"p346","ssp126","NESM3","2075",0.16,0.33,0,102,0.1,84,90,106.49,0,0,0.1,0,18.9176087493288,2080
"p346","ssp126","NESM3","2075",0.3,0,0,117,0,47,74,79.66,0,0,0.3,0,17.0918384014935,2081
"p346","ssp126","NESM3","2075",0.52,0.52,0,103,0,45,65,74.53,0,0,0.1,0,18.6948097387649,2082
"p346","ssp126","NESM3","2075",0.26,0.21,0,99,0,46,67,76.31,0,0,0.4,0,17.1604013445789,2083
"p346","ssp126","NESM3","2075",0.18,0.11,0,101,0.1,93,99,108.36,0,0,0.1,0,19.2167527003303,2084
"p346","ssp126","NESM3","2075",0.35,0.33,0,102,0.3,77,101,99.8,0,0,0,0.1,19.7225789144304,2085
"p346","ssp126","NESM3","2075",0.24,0.36,0.2,97,0.3,48,84,78.88,0,0,0.2,0,19.9063785262377,2086
"p346","ssp126","NESM3","2075",0.36,0.25,0,98,0.1,72,81,94.39,0,0,0.1,0,17.9987579722972,2087
"p346","ssp126","NESM3","2075",0.39,0.3,0,113,0,50,56,81.52,0,0,0,0,17.8666806466158,2088
"p346","ssp126","NESM3","2075",0.33,0,0,101,0.2,62,99,88.92,0,0,0,0,18.3147089584421,2089
"p346","ssp126","NESM3","2075",0.11,0.62,0.2,108,0.2,48,83,77.54,0,0,0.3,0,18.6419961154541,2090
"p346","ssp126","NESM3","2075",0.24,0.3,0,102,0.2,73,79,98.55,0,0,0.1,0,17.8754336045825,2091
"p346","ssp126","NESM3","2075",0.23,0.13,0,114,0,62,75,86,0,0,0.4,0,18.5316253508937,2092
"p346","ssp126","NESM3","2075",0.21,0.45,0,100,0,58,104,81.93,0,0,0,0.1,19.5853983936642,2093
"p346","ssp126","NESM3","2075",0.24,0.56,0,113,0.1,61,73,92.33,0,0,0.1,0,19.2418326600491,2094
"p346","ssp126","NESM3","2075",0.21,0.43,0,109,0.2,49,55,76.19,0.2,0,0.2,0,16.3864379599837,2095
"p346","ssp126","NESM3","2075",0.13,0.27,0.3,99,0.2,44,65,61.28,0,0,0.1,0,17.4356749782307,2096
"p346","ssp126","NESM3","2075",0.48,0.39,0,93,0.1,54,61,79.4,0,0,0.3,0,17.5528854662801,2097
"p346","ssp126","NESM3","2075",0.37,0.54,0,99,0.1,58,67,86.49,0,0,0,0,18.3012927606374,2098
"p346","ssp126","NESM3","2075",0.23,0.52,0,93,0.1,75,81,100.28,0,0,0.1,0,18.6844607253069,2099
"p346","ssp126","NESM3","2075",0.32,0.22,0,102,0,75,91,100.76,0,0,0,0,19.1333045325045,2100
"p346","ssp126","UKESM1-0-LL","2075",0.4,0.32,0,95,0,44,50,68.44,0,0,0,0.35,18.0402265777367,2101
"p346","ssp126","UKESM1-0-LL","2075",0.28,0.47,0.25,96,0.2,45,51,73.8,0,0,0.1,0.05,18.1093551451273,2102
"p346","ssp126","UKESM1-0-LL","2075",0.47,0.31,0,105,0.1,48,56,83.43,0,0,0.1,0.25,17.4049482568404,2103
"p346","ssp126","UKESM1-0-LL","2075",0.23,0.35,0,102,0.1,59,65,85.93,0,0,0.1,0,18.0051206367537,2104
"p346","ssp126","UKESM1-0-LL","2075",0.52,0.39,0.25,100,0.2,51,57,80.55,0,0,0,0.05,17.7152463447937,2105
"p346","ssp126","UKESM1-0-LL","2075",0.18,0.66,0,114,0.2,47,53,77.05,0.2,0,0.2,0.35,17.9521071516592,2106
"p346","ssp126","UKESM1-0-LL","2075",0.42,0.53,0,99,0,45,63,78.8,0,0,0.3,0,18.21648717689,2107
"p346","ssp126","UKESM1-0-LL","2075",0.37,0.35,0,96,0.1,45,51,75.13,0.1,0,0.1,0.6,18.3161311873231,2108
"p346","ssp126","UKESM1-0-LL","2075",0.33,0.24,0,112,0.1,46,52,81.79,0,0,0.2,0.4,18.3856522065795,2109
"p346","ssp126","UKESM1-0-LL","2075",0.19,0,0,100,0.1,46,69,82.01,0.4,0,0,0,17.3123439971667,2110
"p346","ssp126","UKESM1-0-LL","2075",0.38,0.25,0,95,0.2,53,59,74.32,0.1,0,0.1,0.25,18.4116478803874,2111
"p346","ssp126","UKESM1-0-LL","2075",0.31,0.47,0,110,0.1,59,65,90.64,0,0,0.1,0.15,17.5990168000882,2112
"p346","ssp126","UKESM1-0-LL","2075",0.37,0.1,0.5,100,0,52,58,70.35,0,0,0.2,0,17.4029678925784,2113
"p346","ssp126","UKESM1-0-LL","2075",0.41,0.61,0,84,0.1,47,53,74.43,0,0,0.2,0.45,17.0610433395785,2114
"p346","ssp126","UKESM1-0-LL","2075",0.35,0.63,0,94,0.1,50,56,77.73,0,0,0,0.05,17.6657494655456,2115
"p346","ssp126","UKESM1-0-LL","2075",0.36,0.6,0,114,0,45,51,70.79,0,0,0,0.25,18.2566867088021,2116
"p346","ssp126","UKESM1-0-LL","2075",0.15,0.55,0.2,101,0.4,45,51,74.36,0,0,0.1,0.05,17.3581045935269,2117
"p346","ssp126","UKESM1-0-LL","2075",0.28,0.58,0,117,0.1,48,59,79.32,0,0,0.2,0.05,18.3244276178243,2118
"p346","ssp126","UKESM1-0-LL","2075",0.64,0.55,0,110,0.3,50,56,78.95,0,0,0.1,0,18.2537206427086,2119
"p346","ssp126","UKESM1-0-LL","2075",0.68,0.36,0,92,0.1,49,55,79.85,0,0,0.3,0.05,18.2238623217862,2120
"p346","ssp126","UKESM1-0-LL","2075",0.6,0.84,0,112,0,58,64,75.44,0,0,0,0.25,18.6890632446306,2121
"p346","ssp126","UKESM1-0-LL","2075",0.4,0.46,0,102,0.4,71,77,97.2,0,0,0.1,0.4,18.3648845434023,2122
"p346","ssp126","UKESM1-0-LL","2075",0.38,0.6,0,101,0.1,44,50,71.61,0.1,0,0.1,0.05,17.7689952375163,2123
"p346","ssp126","UKESM1-0-LL","2075",0.26,0.49,0,107,0.2,44,50,78.26,0,0,0.1,0,18.7139929142685,2124
"p346","ssp126","UKESM1-0-LL","2075",0.44,0.53,0,106,0.1,49,55,71.25,0,0,0.3,0.45,18.1911415246422,2125
"p346","ssp126","UKESM1-0-LL","2075",0.24,0.33,0,119,0,51,57,84.43,0,0,0,0.15,19.3031663032198,2126
"p346","ssp126","UKESM1-0-LL","2075",0.38,0.45,0.25,90,0,65,71,94.83,0,0,0.3,0.05,18.8749211485255,2127
"p346","ssp126","UKESM1-0-LL","2075",0.4,0.48,0,97,0.3,50,56,77.04,0,0,0,0.2,18.1480785077466,2128
"p346","ssp126","UKESM1-0-LL","2075",0.54,0.65,0,86,0,47,53,77.27,0,0,0.1,0.1,18.6616322265398,2129
"p346","ssp126","UKESM1-0-LL","2075",0.37,0.45,0,106,0,45,51,76.77,0,0,0.1,0.7,17.9745677193241,2130
"p346","ssp126","UKESM1-0-LL","2075",0.41,0.48,0,98,0.1,46,52,79.02,0.1,0,0,0,16.9179900684362,2131
"p346","ssp126","UKESM1-0-LL","2075",0.27,0.41,0,101,0.3,57,63,85.16,0,0,0,0.05,18.8948662518862,2132
"p346","ssp126","UKESM1-0-LL","2075",0.52,0.61,0,109,0.2,69,78,90.87,0,0,0,0,18.2806763437118,2133
"p346","ssp126","UKESM1-0-LL","2075",0.48,0.4,0,97,0,52,58,79.47,0,0,0,0.55,18.5685778786814,2134
"p346","ssp126","UKESM1-0-LL","2075",0.31,0.16,0,106,0.15,50,56,79.69,0.1,0,0.2,0.2,17.0577549472254,2135
"p346","ssp126","UKESM1-0-LL","2075",0.48,0.88,0,105,0.1,62,68,89.1,0,0,0,0.05,18.171438372895,2136
"p346","ssp126","UKESM1-0-LL","2075",0.46,0.8,0,100,0,76,82,95.78,0,0,0,0.2,17.6650304891191,2137
"p346","ssp126","UKESM1-0-LL","2075",0.25,0.59,0,106,0,44,50,74.99,0,0,0,0.15,18.3193194655915,2138
"p346","ssp126","UKESM1-0-LL","2075",0.35,0.1,0,102,0.1,47,53,76.17,0.1,0,0.1,0.5,17.1818313993767,2139
"p346","ssp126","UKESM1-0-LL","2075",0.41,0.53,0,89,0,47,53,78.78,0,0,0.2,0.15,17.6627114204026,2140
"p346","ssp126","UKESM1-0-LL","2075",0.46,0.75,0,116,0.1,49,55,76.83,0,0,0.1,0.15,18.2562736493982,2141
"p346","ssp126","UKESM1-0-LL","2075",0.38,0.29,0,105,0,55,61,85.36,0,0,0.2,0.05,19.0485613532198,2142
"p346","ssp126","UKESM1-0-LL","2075",0.36,0.4,0,102,0.2,56,90,86.9,0,0,0,0.2,18.6464474511724,2143
"p346","ssp126","UKESM1-0-LL","2075",0.29,0.56,0,109,0.1,57,63,83.24,0,0,0,0.05,18.0197018296383,2144
"p346","ssp126","UKESM1-0-LL","2075",0.3,0.74,0.2,112,0.15,60,77,87.5,0,0,0.3,0.05,18.3607753677541,2145
"p346","ssp126","UKESM1-0-LL","2075",0.39,0.83,0,116,0.1,50,56,77.72,0,0,0.1,0.25,18.6479538484998,2146
"p346","ssp126","UKESM1-0-LL","2075",0.31,0.56,0,98,0.1,61,105,91.53,0,0,0.1,0.1,19.9338498206215,2147
"p346","ssp126","UKESM1-0-LL","2075",0.33,0.6,0,87,0,51,57,82.37,0,0,0.3,0.2,17.9748678697073,2148
"p346","ssp126","UKESM1-0-LL","2075",0.5,0.47,0,100,0,61,67,91.66,0,0,0.3,0.05,18.7581523438424,2149
"p346","ssp126","UKESM1-0-LL","2075",0.23,0.18,0.3,95,0,47,53,71.57,0.1,0,0,0.05,16.4143129854038,2150
"p346","ssp126","UKESM1-0-LL","2075",0.17,0.34,0,96,0.1,45,51,71.11,0,0,0.2,0.3,18.0007716321979,2151
"p346","ssp126","UKESM1-0-LL","2075",0.37,0.34,0.25,113,0,48,54,80.12,0,0,0.1,0,18.1618685620868,2152
"p346","ssp126","UKESM1-0-LL","2075",0.32,0.41,0,105,0.3,52,58,80.67,0,0,0,0.2,18.2523360008944,2153
"p346","ssp126","UKESM1-0-LL","2075",0.35,0.3,0,108,0,46,52,76.05,0,0,0.2,0.35,18.2020960115703,2154
"p346","ssp126","UKESM1-0-LL","2075",0.44,0.23,0,96,0.1,54,60,77.34,0,0,0.4,0.3,18.4443734190488,2155
"p346","ssp126","UKESM1-0-LL","2075",0.27,0.32,0,110,0.6,45,76,75.85,0,0,0.4,0,18.8733158021598,2156
"p346","ssp126","UKESM1-0-LL","2075",0.16,0.33,0,118,0.1,50,56,82.34,0.2,0,0.1,0.15,18.1703942105797,2157
"p346","ssp126","UKESM1-0-LL","2075",0.14,0.14,0,95,0.2,79,85,100.27,0,0,0,0.1,19.5743843373088,2158
"p346","ssp126","UKESM1-0-LL","2075",0.4,0.4,0,119,0,53,59,77.48,0,0,0.1,0,18.3695193736171,2159
"p346","ssp126","UKESM1-0-LL","2075",0.25,0.48,0.2,102,0,64,70,87.03,0,0,0,0.1,18.4131308897051,2160
"p346","ssp126","UKESM1-0-LL","2075",0.19,0.37,0.2,95,0.1,57,66,85.61,0,0,0.3,0.15,17.7990015660521,2161
"p346","ssp126","UKESM1-0-LL","2075",0.26,0.31,0,84,0,45,51,76.83,0.1,0,0,0.05,17.5025196176479,2162
"p346","ssp126","UKESM1-0-LL","2075",0.26,0.37,0,102,0.1,59,65,84.97,0,0,0.2,0.45,18.9937936647467,2163
"p346","ssp126","UKESM1-0-LL","2075",0.29,0.53,0,103,0,45,51,78.61,0,0,0.4,0.1,18.2240372889759,2164
"p346","ssp126","UKESM1-0-LL","2075",0.22,0.37,0,83,0,48,54,83.36,0,0,0.2,0.05,18.1738932257117,2165
"p346","ssp126","UKESM1-0-LL","2075",0.15,0.48,0,100,0.1,74,80,98.41,0,0,0,0.15,19.2196394634958,2166
"p346","ssp126","UKESM1-0-LL","2075",0.31,0.25,0,102,0.1,46,60,75.69,0,0,0.1,0,18.5287795274521,2167
"p346","ssp126","UKESM1-0-LL","2075",0.29,0.39,0,103,0.1,56,73,84.91,0.1,0,0,0,18.6580254411342,2168
"p346","ssp126","UKESM1-0-LL","2075",0.31,0.61,0,102,0.1,68,74,93.13,0,0,0.2,0.3,18.6745583252735,2169
"p346","ssp126","UKESM1-0-LL","2075",0.34,0.55,0,108,0.1,44,51,73.82,0,0,0.1,0.05,17.4939404286393,2170
"p346","ssp126","UKESM1-0-LL","2075",0.15,0.43,0.2,104,0.2,48,54,76.72,0,0,0.1,0.05,18.0446295087306,2171
"p346","ssp126","UKESM1-0-LL","2075",0.25,0.36,0,103,0.1,57,63,82.64,0,0,0,0,18.3279059425822,2172
"p346","ssp126","UKESM1-0-LL","2075",0.19,0.53,0,105,0,57,80,77.09,0,0,0.1,0.3,19.2292324882591,2173
"p346","ssp126","UKESM1-0-LL","2075",0.46,0.45,0,104,0.1,44,50,68.29,0,0,0.1,0,17.1026240089771,2174
"p346","ssp126","UKESM1-0-LL","2075",0.32,0.23,0,79,0.1,49,55,80.21,0,0,0.2,0.1,18.1458183566125,2175
"p346","ssp126","UKESM1-0-LL","2075",0.17,0.34,0,88,0.1,50,56,81.27,0.1,0,0,0.2,17.6313921098107,2176
"p346","ssp126","UKESM1-0-LL","2075",0.41,0.27,0,102,0.1,57,63,88.26,0,0,0.1,0.6,18.2738126950279,2177
"p346","ssp126","UKESM1-0-LL","2075",0.23,0.34,0,105,0.1,55,66,84.75,0,0,0.1,0,18.6687889481047,2178
"p346","ssp126","UKESM1-0-LL","2075",0.15,0.5,0,100,0.2,46,52,81.34,0,0,0.4,0.2,18.9262642654781,2179
"p346","ssp126","UKESM1-0-LL","2075",0.23,0.44,0,105,0,84,90,104.03,0,0,0.2,0.15,18.9408981678642,2180
"p346","ssp126","UKESM1-0-LL","2075",0.3,0.25,0,114,0,46,70,75.17,0,0,0.2,0,17.6940348795295,2181
"p346","ssp126","UKESM1-0-LL","2075",0.52,0.56,0,104,0,45,61,73.69,0,0,0.1,0,18.7469105908199,2182
"p346","ssp126","UKESM1-0-LL","2075",0.28,0.25,0,102,0.1,45,53,77.13,0,0,0.4,0,16.9372200170605,2183
"p346","ssp126","UKESM1-0-LL","2075",0.11,0.23,0,101,0,77,93,98.1,0,0,0.1,0.1,19.0364689802539,2184
"p346","ssp126","UKESM1-0-LL","2075",0.34,0.55,0,103,0.3,76,85,97.96,0,0,0,0.35,18.7797280972842,2185
"p346","ssp126","UKESM1-0-LL","2075",0.24,0.31,0.2,99,0.3,47,81,78.16,0,0,0.2,0.15,19.6744599046955,2186
"p346","ssp126","UKESM1-0-LL","2075",0.36,0.37,0,96,0.1,51,71,78.4,0,0,0.1,0,17.9903752724088,2187
"p346","ssp126","UKESM1-0-LL","2075",0.42,0.34,0,116,0,48,54,79.39,0,0,0.1,0.15,18.0120687124887,2188
"p346","ssp126","UKESM1-0-LL","2075",0.33,0.25,0,98,0.2,62,68,91,0,0,0,0,17.4799263084981,2189
"p346","ssp126","UKESM1-0-LL","2075",0.11,0.71,0,105,0.2,47,80,77.47,0,0,0.3,0,18.9731195024494,2190
"p346","ssp126","UKESM1-0-LL","2075",0.26,0.57,0,101,0.3,72,78,100.33,0,0,0.1,0,18.317635131659,2191
"p346","ssp126","UKESM1-0-LL","2075",0.23,0.24,0,110,0,46,62,72.93,0,0,0.6,0,18.2635449571363,2192
"p346","ssp126","UKESM1-0-LL","2075",0.21,0.45,0,107,0,57,71,77.97,0.1,0,0,0.35,17.1595535284159,2193
"p346","ssp126","UKESM1-0-LL","2075",0.24,0.54,0,107,0.1,55,61,89.21,0,0,0.1,0,18.8366321627568,2194
"p346","ssp126","UKESM1-0-LL","2075",0.2,0.54,0,110,0.1,48,54,75.18,0.1,0,0.1,0.05,16.7197156396666,2195
"p346","ssp126","UKESM1-0-LL","2075",0.13,0.27,0.3,100,0.1,44,50,61.49,0,0,0.1,0,17.3361649957927,2196
"p346","ssp126","UKESM1-0-LL","2075",0.51,0.48,0,94,0.1,52,58,76.03,0,0,0.3,0,17.7564041513768,2197
"p346","ssp126","UKESM1-0-LL","2075",0.37,0.44,0,95,0.1,55,61,85.78,0,0,0,0.2,18.4758483792974,2198
"p346","ssp126","UKESM1-0-LL","2075",0.23,0.57,0,93,0,74,80,101.06,0,0,0.1,0.15,19.4393290075408,2199
"p346","ssp126","UKESM1-0-LL","2075",0.29,0.43,0,100,0,57,63,87.1,0,0,0.1,0,18.1097252691656,2200
"p346","ssp245","ACCESS-CM2","2075",0.4,0.36,0,101,0,45,51,71.05,0,0,0,0.25,18.1280567348271,2201
"p346","ssp245","ACCESS-CM2","2075",0.28,0.5,0.25,98,0.2,45,51,73.75,0,0,0.1,0.05,18.1701157465819,2202
"p346","ssp245","ACCESS-CM2","2075",0.47,0.55,0,106,0.1,49,61,84.66,0,0,0.1,0,17.6932323217679,2203
"p346","ssp245","ACCESS-CM2","2075",0.23,0.41,0,110,0.1,59,65,87.9,0,0,0.1,0,18.1042054464161,2204
"p346","ssp245","ACCESS-CM2","2075",0.47,0.26,0.25,98,0.3,51,57,80.83,0,0,0,0,17.7577428033701,2205
"p346","ssp245","ACCESS-CM2","2075",0.18,0.62,0,113,0.2,48,54,78.93,0.2,0,0.3,0.2,17.921422231445,2206
"p346","ssp245","ACCESS-CM2","2075",0.42,0.54,0,103,0,46,65,77.95,0,0,0.2,0,18.415636927288,2207
"p346","ssp245","ACCESS-CM2","2075",0.37,0.47,0,98,0.2,45,51,76.48,0.1,0,0.1,0.4,18.4274548630819,2208
"p346","ssp245","ACCESS-CM2","2075",0.39,0.24,0,113,0.1,47,62,82.84,0,0,0.1,0.15,19.0283915587185,2209
"p346","ssp245","ACCESS-CM2","2075",0.13,0.11,0.2,101,0.1,46,70,81.52,0.3,0,0,0,17.5915884370737,2210
"p346","ssp245","ACCESS-CM2","2075",0.34,0.39,0,104,0.2,53,59,75.04,0.1,0,0.1,0.15,18.5556253864413,2211
"p346","ssp245","ACCESS-CM2","2075",0.3,0.47,0,113,0.2,59,65,90.75,0,0,0.1,0.1,17.8367673064402,2212
"p346","ssp245","ACCESS-CM2","2075",0.42,0.1,0.5,99,0,52,58,71.4,0,0,0.2,0,17.604378136879,2213
"p346","ssp245","ACCESS-CM2","2075",0.34,0.69,0,89,0.1,49,55,78.93,0,0,0.3,0.3,17.0972786332329,2214
"p346","ssp245","ACCESS-CM2","2075",0.35,0.63,0,97,0.1,51,58,78.61,0,0,0,0.05,17.9020520861854,2215
"p346","ssp245","ACCESS-CM2","2075",0.36,0.72,0,114,0.1,46,52,71.87,0,0,0,0.2,18.3408784609418,2216
"p346","ssp245","ACCESS-CM2","2075",0.16,0.43,0.2,104,0.4,46,52,74.19,0.1,0,0.2,0.05,17.4826874518002,2217
"p346","ssp245","ACCESS-CM2","2075",0.28,0.47,0,117,0.1,56,62,85.45,0,0,0.2,0,18.5375728216411,2218
"p346","ssp245","ACCESS-CM2","2075",0.67,0.36,0,108,0.3,52,58,82.2,0,0,0.1,0,18.2559096068979,2219
"p346","ssp245","ACCESS-CM2","2075",0.66,0.37,0,98,0.2,50,75,81.4,0,0,0.3,0,19.2520764258706,2220
"p346","ssp245","ACCESS-CM2","2075",0.6,0.85,0,110,0.1,59,65,74.89,0,0,0,0.2,18.9383061621756,2221
"p346","ssp245","ACCESS-CM2","2075",0.39,0.56,0.2,103,0.4,71,77,97.03,0,0,0.2,0.25,18.4001869040644,2222
"p346","ssp245","ACCESS-CM2","2075",0.32,0.51,0,105,0.1,44,50,73.28,0.1,0,0.1,0.05,17.8471742422443,2223
"p346","ssp245","ACCESS-CM2","2075",0.3,0.61,0,107,0.2,45,51,79.68,0,0,0.1,0,18.8860998069914,2224
"p346","ssp245","ACCESS-CM2","2075",0.39,0.4,0,105,0.1,50,56,72.11,0,0,0.5,0.25,18.0579745583044,2225
"p346","ssp245","ACCESS-CM2","2075",0.22,0.36,0,120,0,51,57,85.03,0,0,0,0.1,19.5241994185658,2226
"p346","ssp245","ACCESS-CM2","2075",0.37,0.43,0.25,95,0,65,71,92.32,0,0,0.4,0,18.9221021227117,2227
"p346","ssp245","ACCESS-CM2","2075",0.32,0.63,0,99,0.5,52,58,79.94,0,0,0,0.15,18.3583018600933,2228
"p346","ssp245","ACCESS-CM2","2075",0.47,0.67,0,96,0,47,53,78.09,0,0,0.2,0.05,19.0056023978213,2229
"p346","ssp245","ACCESS-CM2","2075",0.29,0.5,0,104,0,45,51,76.5,0,0,0.2,0.4,18.175527923744,2230
"p346","ssp245","ACCESS-CM2","2075",0.4,0.48,0,103,0.25,47,53,80.44,0.1,0,0.1,0,17.1853437473628,2231
"p346","ssp245","ACCESS-CM2","2075",0.27,0.24,0,105,0.35,57,63,83.56,0,0,0,0,19.1852373251721,2232
"p346","ssp245","ACCESS-CM2","2075",0.51,0.61,0,110,0.2,69,77,90.9,0,0,0.1,0,18.5223710269676,2233
"p346","ssp245","ACCESS-CM2","2075",0.48,0.52,0,103,0,52,58,78.27,0,0,0,0.25,18.7611711909723,2234
"p346","ssp245","ACCESS-CM2","2075",0.31,0.27,0,107,0.15,51,57,80.66,0,0,0.2,0,17.1836500866089,2235
"p346","ssp245","ACCESS-CM2","2075",0.48,0.85,0,105,0.1,62,68,89.07,0,0,0,0.05,18.4699247794484,2236
"p346","ssp245","ACCESS-CM2","2075",0.46,0.9,0,107,0,76,82,96.73,0,0,0,0.1,17.8401013556027,2237
"p346","ssp245","ACCESS-CM2","2075",0.25,0.68,0,104,0,44,50,77.9,0,0,0,0,18.2934282840109,2238
"p346","ssp245","ACCESS-CM2","2075",0.33,0.23,0,102,0.3,48,55,78.97,0.1,0,0.1,0.4,17.2782673765134,2239
"p346","ssp245","ACCESS-CM2","2075",0.42,0.53,0,94,0,47,53,80.05,0,0,0.2,0.05,17.6791895473226,2240
"p346","ssp245","ACCESS-CM2","2075",0.46,1,0,119,0.1,50,56,80.08,0,0,0.1,0.05,18.2381604923352,2241
"p346","ssp245","ACCESS-CM2","2075",0.38,0.41,0,105,0,55,61,84.01,0,0,0.2,0.05,19.2605603002026,2242
"p346","ssp245","ACCESS-CM2","2075",0.31,0.61,0,103,0.2,57,89,88.57,0,0,0,0.05,18.8526729220028,2243
"p346","ssp245","ACCESS-CM2","2075",0.29,0.51,0,110,0.1,58,65,82.42,0,0,0,0.05,18.1603094522771,2244
"p346","ssp245","ACCESS-CM2","2075",0.3,0.8,0.2,110,0.15,60,76,86.13,0,0,0.2,0.05,18.3284943975868,2245
"p346","ssp245","ACCESS-CM2","2075",0.39,0.88,0,116,0.1,53,59,80.16,0,0,0.1,0.1,18.7743543322477,2246
"p346","ssp245","ACCESS-CM2","2075",0.31,0.47,0,99,0.1,62,105,92.32,0,0,0.1,0.1,19.9692029448324,2247
"p346","ssp245","ACCESS-CM2","2075",0.33,0.71,0,91,0.1,52,58,83.67,0,0,0.2,0.05,18.1093533603298,2248
"p346","ssp245","ACCESS-CM2","2075",0.49,0.44,0,104,0,61,67,90.66,0,0,0.3,0,18.8492377523852,2249
"p346","ssp245","ACCESS-CM2","2075",0.23,0.18,0.3,97,0,47,53,71.3,0.1,0,0,0,16.6015044771372,2250
"p346","ssp245","ACCESS-CM2","2075",0.22,0.2,0.2,97,0.1,50,56,76.79,0,0,0.2,0.2,18.359852397304,2251
"p346","ssp245","ACCESS-CM2","2075",0.37,0.38,0.25,115,0.1,48,54,79.68,0,0,0.2,0,18.4606482396022,2252
"p346","ssp245","ACCESS-CM2","2075",0.32,0.37,0,105,0.4,56,62,82.57,0,0,0,0.05,18.3935702101552,2253
"p346","ssp245","ACCESS-CM2","2075",0.35,0.4,0,113,0,52,58,80.9,0,0,0.3,0.1,18.4196024630176,2254
"p346","ssp245","ACCESS-CM2","2075",0.44,0.32,0,102,0.1,55,61,79.49,0,0,0.4,0.1,18.5415820142521,2255
"p346","ssp245","ACCESS-CM2","2075",0.27,0.48,0,109,0.8,75,81,97.36,0,0,0.4,0,19.2156886848489,2256
"p346","ssp245","ACCESS-CM2","2075",0.16,0.33,0,121,0.1,52,58,83.73,0.2,0,0.1,0.05,18.1367798280489,2257
"p346","ssp245","ACCESS-CM2","2075",0.14,0.14,0,95,0.2,78,84,99.23,0,0,0,0.05,19.5374882136606,2258
"p346","ssp245","ACCESS-CM2","2075",0.4,0.64,0,120,0,53,60,77.69,0,0,0.1,0,18.6547979720172,2259
"p346","ssp245","ACCESS-CM2","2075",0.19,0.22,0.2,103,0,65,76,88.2,0,0,0,0.05,18.9972165781631,2260
"p346","ssp245","ACCESS-CM2","2075",0.19,0.38,0.2,101,0.1,57,67,84.2,0,0,0.3,0.05,17.8637706092889,2261
"p346","ssp245","ACCESS-CM2","2075",0.26,0.44,0,89,0,45,51,75.89,0.1,0,0,0,17.532396740942,2262
"p346","ssp245","ACCESS-CM2","2075",0.26,0.4,0,107,0.1,59,65,84.13,0,0,0.4,0.25,19.1422478635785,2263
"p346","ssp245","ACCESS-CM2","2075",0.29,0.57,0,103,0,45,51,79.35,0,0,0.4,0,18.2909126301032,2264
"p346","ssp245","ACCESS-CM2","2075",0.22,0.32,0,90,0,50,56,84.95,0,0,0.2,0,18.2529264535041,2265
"p346","ssp245","ACCESS-CM2","2075",0.15,0.6,0,99,0.1,74,80,96.97,0,0,0,0,19.4669730311701,2266
"p346","ssp245","ACCESS-CM2","2075",0.3,0.25,0.2,101,0.25,48,63,79.67,0,0,0.2,0,18.9647210780591,2267
"p346","ssp245","ACCESS-CM2","2075",0.35,0.59,0,104,0.1,56,73,85.92,0.1,0,0,0,18.7661820169136,2268
"p346","ssp245","ACCESS-CM2","2075",0.31,0.6,0,106,0.1,68,74,92.61,0,0,0.3,0.1,18.876046101592,2269
"p346","ssp245","ACCESS-CM2","2075",0.35,0.78,0,108,0.1,44,53,74.99,0,0,0.1,0.05,17.665017850722,2270
"p346","ssp245","ACCESS-CM2","2075",0.15,0.36,0.2,103,0.2,49,55,76.73,0,0,0.2,0,18.0735498707611,2271
"p346","ssp245","ACCESS-CM2","2075",0.25,0.56,0,106,0.1,58,64,84.16,0,0,0,0,18.4012370532154,2272
"p346","ssp245","ACCESS-CM2","2075",0.14,0.45,0,104,0,76,82,90.38,0,0,0.1,0.1,19.4271254718132,2273
"p346","ssp245","ACCESS-CM2","2075",0.46,0.57,0,105,0.2,44,50,70.47,0.1,0,0.1,0,17.0741817428369,2274
"p346","ssp245","ACCESS-CM2","2075",0.32,0.43,0.2,83,0.2,50,56,82.43,0,0,0.2,0,18.2644183893785,2275
"p346","ssp245","ACCESS-CM2","2075",0.17,0.48,0,89,0.15,51,57,82.45,0.1,0,0,0.1,17.7312931415089,2276
"p346","ssp245","ACCESS-CM2","2075",0.36,0.29,0,107,0.1,58,64,88.62,0,0,0.2,0.4,18.3405246503191,2277
"p346","ssp245","ACCESS-CM2","2075",0.23,0.34,0,108,0.1,64,70,90.57,0,0,0.1,0,18.946526297642,2278
"p346","ssp245","ACCESS-CM2","2075",0.15,0.5,0,97,0.2,47,53,82.89,0,0,0.4,0,19.0428972331677,2279
"p346","ssp245","ACCESS-CM2","2075",0.21,0.47,0,104,0.1,83,89,103.26,0,0,0.2,0.05,19.2110494056919,2280
"p346","ssp245","ACCESS-CM2","2075",0.3,0.35,0,118,0,47,72,77.94,0,0,0.2,0,17.7365792876264,2281
"p346","ssp245","ACCESS-CM2","2075",0.51,0.57,0,104,0,45,64,74.77,0,0,0.2,0,19.0035806006643,2282
"p346","ssp245","ACCESS-CM2","2075",0.26,0.35,0,104,0.1,46,66,79.33,0,0,0.4,0,17.5048264285858,2283
"p346","ssp245","ACCESS-CM2","2075",0.11,0.35,0,101,0.1,77,92,98.32,0,0,0.1,0.1,19.204688964731,2284
"p346","ssp245","ACCESS-CM2","2075",0.34,0.66,0,105,0.4,76,82,98.31,0,0,0,0.15,18.774180843678,2285
"p346","ssp245","ACCESS-CM2","2075",0.24,0.31,0.2,104,0.4,47,81,77.89,0,0,0.2,0.05,19.7298724581199,2286
"p346","ssp245","ACCESS-CM2","2075",0.35,0.62,0,100,0.1,53,73,79.69,0,0,0.1,0,18.3444439401874,2287
"p346","ssp245","ACCESS-CM2","2075",0.42,0.57,0,114,0,49,55,79.69,0,0,0.1,0.05,18.1548318395248,2288
"p346","ssp245","ACCESS-CM2","2075",0.34,0.35,0,106,0.2,62,68,90.93,0,0,0,0,17.6642042622636,2289
"p346","ssp245","ACCESS-CM2","2075",0.11,0.69,0,102,0.2,48,80,77.31,0,0,0.3,0,19.0740056450112,2290
"p346","ssp245","ACCESS-CM2","2075",0.26,0.57,0,104,0.3,72,78,99.41,0,0,0.1,0,18.6625754322409,2291
"p346","ssp245","ACCESS-CM2","2075",0.23,0.3,0,110,0,46,63,74.35,0,0,0.6,0,18.3985990820124,2292
"p346","ssp245","ACCESS-CM2","2075",0.21,0.65,0,107,0,58,71,79.22,0.1,0,0,0.25,17.1798164219773,2293
"p346","ssp245","ACCESS-CM2","2075",0.24,0.56,0,106,0.1,57,63,89.25,0,0,0.1,0,18.7723505220976,2294
"p346","ssp245","ACCESS-CM2","2075",0.2,0.47,0.25,113,0.1,48,54,73.69,0.1,0,0.1,0.05,16.8440655380568,2295
"p346","ssp245","ACCESS-CM2","2075",0.13,0.51,0.2,102,0.2,44,50,62.9,0,0,0.1,0,17.2908796215871,2296
"p346","ssp245","ACCESS-CM2","2075",0.42,0.5,0,96,0.1,53,59,77.84,0,0,0.2,0,18.0322461677975,2297
"p346","ssp245","ACCESS-CM2","2075",0.37,0.67,0,98,0.1,57,63,86.34,0,0,0,0.2,18.6041135305447,2298
"p346","ssp245","ACCESS-CM2","2075",0.23,0.66,0,94,0.1,73,79,100.47,0,0,0.1,0,19.3542233966,2299
"p346","ssp245","ACCESS-CM2","2075",0.29,0.45,0,105,0,57,63,86.88,0,0,0.1,0,18.1896432815781,2300
"p346","ssp245","AWI-CM-1-1-MR","2075",0.4,0.22,0,99,0,45,51,72.11,0,0,0,0.15,18.2784924788169,2301
"p346","ssp245","AWI-CM-1-1-MR","2075",0.28,0.5,0.25,97,0.2,45,51,72.94,0,0,0.1,0.05,18.1948056093583,2302
"p346","ssp245","AWI-CM-1-1-MR","2075",0.47,0.4,0,105,0.1,49,61,81.47,0,0,0.1,0,17.6970391103757,2303
"p346","ssp245","AWI-CM-1-1-MR","2075",0.23,0.37,0,105,0.2,59,69,84.37,0,0,0.1,0,18.390247998121,2304
"p346","ssp245","AWI-CM-1-1-MR","2075",0.52,0.16,0.25,100,0.2,51,57,82.67,0,0,0,0,17.8687264397905,2305
"p346","ssp245","AWI-CM-1-1-MR","2075",0.18,0.58,0,113,0.2,47,53,76.59,0.2,0,0.2,0.15,17.9462491440336,2306
"p346","ssp245","AWI-CM-1-1-MR","2075",0.42,0.56,0,101,0,46,65,77.43,0,0,0.1,0,18.4305585277597,2307
"p346","ssp245","AWI-CM-1-1-MR","2075",0.37,0.45,0,95,0.1,45,51,76.64,0.1,0,0.1,0.15,18.3816803455971,2308
"p346","ssp245","AWI-CM-1-1-MR","2075",0.39,0.47,0,111,0.2,46,52,83.3,0,0,0.1,0,18.6490006572612,2309
"p346","ssp245","AWI-CM-1-1-MR","2075",0.13,0,0,101,0.1,46,70,82.28,0.1,0,0.1,0,17.7250736796496,2310
"p346","ssp245","AWI-CM-1-1-MR","2075",0.34,0.36,0,101,0.2,53,59,76.15,0.1,0,0.1,0.05,18.6536507610287,2311
"p346","ssp245","AWI-CM-1-1-MR","2075",0.31,0.47,0,113,0.1,59,65,90.16,0,0,0.1,0,17.8445348398284,2312
"p346","ssp245","AWI-CM-1-1-MR","2075",0.42,0.31,0.5,99,0,52,58,70.34,0,0,0.2,0,17.7292183966232,2313
"p346","ssp245","AWI-CM-1-1-MR","2075",0.41,0.68,0,84,0.2,49,55,78.89,0,0,0.1,0.2,17.1910179005917,2314
"p346","ssp245","AWI-CM-1-1-MR","2075",0.35,0.44,0,95,0.1,51,57,79.07,0,0,0,0,18.0048552435475,2315
"p346","ssp245","AWI-CM-1-1-MR","2075",0.36,0.61,0,114,0,45,51,71.37,0,0,0,0.05,18.4544875627136,2316
"p346","ssp245","AWI-CM-1-1-MR","2075",0.16,0.45,0,102,0.2,45,51,75.33,0,0,0.1,0,17.5436994954277,2317
"p346","ssp245","AWI-CM-1-1-MR","2075",0.33,0.44,0,115,0.1,56,62,86.58,0,0,0.1,0,18.3986684334082,2318
"p346","ssp245","AWI-CM-1-1-MR","2075",0.67,0.5,0,105,0.1,52,58,81.23,0,0,0.1,0,18.15038237174,2319
"p346","ssp245","AWI-CM-1-1-MR","2075",0.68,0.39,0,91,0.2,49,74,80.57,0,0,0.3,0,19.2094469726995,2320
"p346","ssp245","AWI-CM-1-1-MR","2075",0.6,0.75,0,112,0,59,65,77.76,0,0,0,0.05,19.1102198749148,2321
"p346","ssp245","AWI-CM-1-1-MR","2075",0.4,0.46,0,102,0.2,71,77,99.57,0,0,0.2,0,18.6559795342194,2322
"p346","ssp245","AWI-CM-1-1-MR","2075",0.38,0.55,0,106,0.1,44,50,73.4,0,0,0.1,0.05,17.8341042054606,2323
"p346","ssp245","AWI-CM-1-1-MR","2075",0.3,0.47,0,109,0.2,44,50,77.12,0,0,0.1,0,18.8814921991692,2324
"p346","ssp245","AWI-CM-1-1-MR","2075",0.44,0.51,0,105,0.1,50,56,66.83,0,0,0.4,0.1,18.1574509241549,2325
"p346","ssp245","AWI-CM-1-1-MR","2075",0.24,0.34,0,118,0.1,51,57,84.75,0,0,0,0,19.5850955383406,2326
"p346","ssp245","AWI-CM-1-1-MR","2075",0.38,0.45,0,90,0,65,71,93.15,0,0,0.3,0,19.0321413200464,2327
"p346","ssp245","AWI-CM-1-1-MR","2075",0.32,0.62,0,100,0.5,51,57,80.6,0,0,0,0.05,18.386072410088,2328
"p346","ssp245","AWI-CM-1-1-MR","2075",0.55,0.64,0,89,0,47,53,76.54,0,0,0,0.05,18.7278459323813,2329
"p346","ssp245","AWI-CM-1-1-MR","2075",0.37,0.5,0,108,0,45,51,76.59,0,0,0.2,0.3,18.1634858965197,2330
"p346","ssp245","AWI-CM-1-1-MR","2075",0.41,0.38,0,100,0.1,46,52,79.77,0.1,0,0,0,17.153041231176,2331
"p346","ssp245","AWI-CM-1-1-MR","2075",0.27,0.29,0,104,0.3,57,63,84.2,0,0,0,0,19.1733085185364,2332
"p346","ssp245","AWI-CM-1-1-MR","2075",0.52,0.37,0,107,0.2,69,78,93.05,0,0,0.1,0,18.7086264098066,2333
"p346","ssp245","AWI-CM-1-1-MR","2075",0.48,0.41,0,100,0,52,58,79.51,0,0,0,0.05,18.7868247296913,2334
"p346","ssp245","AWI-CM-1-1-MR","2075",0.31,0.37,0,105,0.15,51,57,81.04,0,0,0.2,0,17.3453963451644,2335
"p346","ssp245","AWI-CM-1-1-MR","2075",0.48,0.88,0,105,0.1,62,68,87.71,0,0,0,0,18.4432253837314,2336
"p346","ssp245","AWI-CM-1-1-MR","2075",0.46,0.92,0,104,0,76,82,101.43,0,0,0,0,18.1415895837347,2337
"p346","ssp245","AWI-CM-1-1-MR","2075",0.32,0.6,0,101,0,44,50,74.44,0,0,0.1,0,18.2602858874554,2338
"p346","ssp245","AWI-CM-1-1-MR","2075",0.36,0.1,0,101,0.1,47,53,79.37,0.1,0,0.1,0.1,17.2331159298003,2339
"p346","ssp245","AWI-CM-1-1-MR","2075",0.42,0.5,0,94,0,47,53,80.23,0,0,0.1,0,17.7482880615846,2340
"p346","ssp245","AWI-CM-1-1-MR","2075",0.51,0.8,0,117,0.1,50,56,79.4,0,0,0,0,18.2731669119161,2341
"p346","ssp245","AWI-CM-1-1-MR","2075",0.38,0.36,0,105,0,55,61,85.68,0,0,0.1,0.05,19.3982585612316,2342
"p346","ssp245","AWI-CM-1-1-MR","2075",0.31,0.62,0,102,0.2,57,89,91.29,0,0,0,0,19.0822029544859,2343
"p346","ssp245","AWI-CM-1-1-MR","2075",0.29,0.44,0,108,0.1,58,70,82.24,0,0,0,0.05,18.5190720295559,2344
"p346","ssp245","AWI-CM-1-1-MR","2075",0.3,0.78,0.2,111,0.15,60,78,86.96,0,0,0.1,0.05,18.4593085045267,2345
"p346","ssp245","AWI-CM-1-1-MR","2075",0.39,0.72,0,116,0.1,53,59,80.78,0,0,0.1,0.05,18.9223311020774,2346
"p346","ssp245","AWI-CM-1-1-MR","2075",0.31,0.56,0,102,0.1,62,105,93.53,0,0,0,0,19.8223411829759,2347
"p346","ssp245","AWI-CM-1-1-MR","2075",0.33,0.49,0,89,0,52,58,84.35,0,0,0.2,0,18.1412975020838,2348
"p346","ssp245","AWI-CM-1-1-MR","2075",0.5,0.47,0,101,0,61,67,91.53,0,0,0.3,0,19.1395765417238,2349
"p346","ssp245","AWI-CM-1-1-MR","2075",0.28,0.28,0.3,94,0.1,47,53,70.32,0,0,0.1,0,16.7453992615887,2350
"p346","ssp245","AWI-CM-1-1-MR","2075",0.22,0.22,0.2,93,0.2,45,51,71.27,0,0,0.2,0,18.2700411607696,2351
"p346","ssp245","AWI-CM-1-1-MR","2075",0.37,0.44,0,117,0,48,54,80.11,0,0,0,0,18.3528521124342,2352
"p346","ssp245","AWI-CM-1-1-MR","2075",0.32,0.32,0,108,0.3,56,62,86.48,0,0,0,0,18.4460151418137,2353
"p346","ssp245","AWI-CM-1-1-MR","2075",0.35,0.34,0,112,0,47,54,78.85,0,0,0.3,0.1,18.4733972933495,2354
"p346","ssp245","AWI-CM-1-1-MR","2075",0.44,0.27,0,100,0.1,55,61,79.95,0,0,0.3,0.05,18.3970693408469,2355
"p346","ssp245","AWI-CM-1-1-MR","2075",0.27,0.43,0,108,0.6,45,76,74.73,0,0,0.4,0,18.9603640971662,2356
"p346","ssp245","AWI-CM-1-1-MR","2075",0.16,0.34,0,115,0.1,52,58,86.21,0.2,0,0.1,0.05,18.2703064090532,2357
"p346","ssp245","AWI-CM-1-1-MR","2075",0.14,0.35,0,91,0.2,79,85,100.7,0,0,0,0,19.4509496630355,2358
"p346","ssp245","AWI-CM-1-1-MR","2075",0.4,0.4,0,119,0,53,60,83.61,0,0,0.1,0,18.6244274275049,2359
"p346","ssp245","AWI-CM-1-1-MR","2075",0.19,0.44,0.2,105,0,65,76,89.38,0,0,0,0,18.9132530947887,2360
"p346","ssp245","AWI-CM-1-1-MR","2075",0.26,0.37,0.2,97,0.1,57,67,84.11,0,0,0.3,0,17.961582052387,2361
"p346","ssp245","AWI-CM-1-1-MR","2075",0.26,0.33,0,86,0,45,51,76.33,0.1,0,0,0,17.7888207684163,2362
"p346","ssp245","AWI-CM-1-1-MR","2075",0.26,0.39,0,105,0.1,59,65,87.54,0,0,0.3,0,19.2395379181697,2363
"p346","ssp245","AWI-CM-1-1-MR","2075",0.29,0.57,0,105,0,45,51,77.04,0,0,0.2,0,18.2564110899515,2364
"p346","ssp245","AWI-CM-1-1-MR","2075",0.22,0.33,0,84,0,49,55,86.18,0,0,0.2,0,18.4103724470549,2365
"p346","ssp245","AWI-CM-1-1-MR","2075",0.15,0.58,0,101,0.2,74,80,96.25,0,0,0.1,0,19.3767721308577,2366
"p346","ssp245","AWI-CM-1-1-MR","2075",0.31,0.25,0,100,0.1,48,63,78.21,0,0,0.2,0,18.945049485552,2367
"p346","ssp245","AWI-CM-1-1-MR","2075",0.36,0.24,0,108,0.1,56,75,86.64,0,0,0,0,18.9374627958294,2368
"p346","ssp245","AWI-CM-1-1-MR","2075",0.31,0.6,0,106,0.1,68,74,93.29,0,0,0.2,0.05,18.8102284941416,2369
"p346","ssp245","AWI-CM-1-1-MR","2075",0.35,0.75,0,106,0.1,44,52,73.04,0,0,0.1,0,17.8937081659364,2370
"p346","ssp245","AWI-CM-1-1-MR","2075",0.15,0.43,0.2,104,0.2,48,54,78.63,0,0,0.2,0,18.1334021670295,2371
"p346","ssp245","AWI-CM-1-1-MR","2075",0.25,0.49,0,103,0.1,58,64,81.98,0,0,0,0,18.3619058149383,2372
"p346","ssp245","AWI-CM-1-1-MR","2075",0.19,0.44,0,107,0,77,83,89.52,0,0,0.1,0.05,19.6181659113938,2373
"p346","ssp245","AWI-CM-1-1-MR","2075",0.46,0.46,0,106,0.1,44,50,69.24,0,0,0.1,0,17.1537278581507,2374
"p346","ssp245","AWI-CM-1-1-MR","2075",0.32,0.34,0,81,0.1,49,55,83.15,0,0,0.1,0,18.4034345487561,2375
"p346","ssp245","AWI-CM-1-1-MR","2075",0.17,0.46,0,90,0.1,51,57,83.05,0,0,0,0.05,17.9806183681179,2376
"p346","ssp245","AWI-CM-1-1-MR","2075",0.41,0.32,0,105,0.1,58,64,87.38,0,0,0.1,0.25,18.4996383351451,2377
"p346","ssp245","AWI-CM-1-1-MR","2075",0.23,0.24,0,109,0.1,65,71,93.93,0,0,0.1,0,18.9881076889022,2378
"p346","ssp245","AWI-CM-1-1-MR","2075",0.15,0.5,0,96,0.2,47,53,80,0,0,0.4,0,19.1056644878074,2379
"p346","ssp245","AWI-CM-1-1-MR","2075",0.21,0.37,0,104,0,83,89,107.65,0,0,0.1,0,19.4873863186148,2380
"p346","ssp245","AWI-CM-1-1-MR","2075",0.35,0.42,0,115,0,46,71,79.81,0,0,0.2,0,17.8210093109113,2381
"p346","ssp245","AWI-CM-1-1-MR","2075",0.52,0.51,0,101,0,45,63,74.85,0,0,0.1,0,18.9287512089967,2382
"p346","ssp245","AWI-CM-1-1-MR","2075",0.28,0.35,0,103,0.1,45,56,76.27,0,0,0.3,0,17.2898980103187,2383
"p346","ssp245","AWI-CM-1-1-MR","2075",0.11,0.23,0,101,0,77,92,97.36,0,0,0.1,0,19.2344417487425,2384
"p346","ssp245","AWI-CM-1-1-MR","2075",0.34,0.5,0,103,0.4,76,82,100.86,0,0,0,0.1,19.0347733627074,2385
"p346","ssp245","AWI-CM-1-1-MR","2075",0.24,0.31,0.2,100,0.1,47,82,81.21,0,0,0.1,0,19.7804993214076,2386
"p346","ssp245","AWI-CM-1-1-MR","2075",0.42,0.48,0,98,0.1,52,72,81.05,0,0,0.1,0,18.4002529730824,2387
"p346","ssp245","AWI-CM-1-1-MR","2075",0.42,0.44,0,113,0,48,54,82.61,0,0,0.1,0,17.9804360749395,2388
"p346","ssp245","AWI-CM-1-1-MR","2075",0.34,0.25,0,100,0.2,62,68,92.14,0,0,0,0,17.680203704491,2389
"p346","ssp245","AWI-CM-1-1-MR","2075",0.11,0.64,0,101,0.2,48,82,79.92,0,0,0.3,0,19.2504662848962,2390
"p346","ssp245","AWI-CM-1-1-MR","2075",0.26,0.55,0,102,0.3,73,79,101.26,0,0,0,0,18.4802158751455,2391
"p346","ssp245","AWI-CM-1-1-MR","2075",0.28,0.47,0,111,0,46,63,73.16,0,0,0.4,0,18.4721882910182,2392
"p346","ssp245","AWI-CM-1-1-MR","2075",0.21,0.65,0,104,0,58,73,82.41,0.1,0,0,0.15,17.4585193761016,2393
"p346","ssp245","AWI-CM-1-1-MR","2075",0.24,0.44,0,106,0.1,57,63,92.33,0,0,0.1,0,19.0149418308066,2394
"p346","ssp245","AWI-CM-1-1-MR","2075",0.2,0.45,0,113,0.1,48,54,77.87,0.1,0,0.1,0,16.8740265673208,2395
"p346","ssp245","AWI-CM-1-1-MR","2075",0.13,0.4,0.25,99,0.2,44,50,63.81,0,0,0.1,0,17.5652055939312,2396
"p346","ssp245","AWI-CM-1-1-MR","2075",0.48,0.61,0,93,0.1,53,59,79.56,0,0,0.2,0,18.1977345692032,2397
"p346","ssp245","AWI-CM-1-1-MR","2075",0.37,0.75,0,95,0.1,57,65,88.15,0,0,0,0.05,18.7754350920671,2398
"p346","ssp245","AWI-CM-1-1-MR","2075",0.28,0.71,0,93,0.1,74,80,102.1,0,0,0.1,0,19.2144808593187,2399
"p346","ssp245","AWI-CM-1-1-MR","2075",0.29,0.45,0,102,0,57,63,87.1,0,0,0.1,0,18.3945160400763,2400
"p346","ssp245","CMCC-ESM2","2075",0.41,0.35,0,101,0,44,50,68.02,0,0,0,0.3,18.410652716317,2401
"p346","ssp245","CMCC-ESM2","2075",0.33,0.63,0,100,0.1,45,51,73.93,0,0,0.1,0.05,18.4340291614907,2402
"p346","ssp245","CMCC-ESM2","2075",0.47,0.78,0,110,0.1,48,55,81.85,0,0,0.1,0.15,17.9386408133253,2403
"p346","ssp245","CMCC-ESM2","2075",0.24,0.62,0,112,0,58,64,84.67,0,0,0.1,0,18.4514928994679,2404
"p346","ssp245","CMCC-ESM2","2075",0.52,0.6,0.25,106,0,51,57,79.82,0,0,0,0.05,18.1687776471809,2405
"p346","ssp245","CMCC-ESM2","2075",0.18,0.66,0,108,0.1,47,53,76.93,0.1,0,0.3,0.35,17.9948325881908,2406
"p346","ssp245","CMCC-ESM2","2075",0.42,0.82,0,108,0,45,62,78.41,0,0,0.2,0,18.5067720762609,2407
"p346","ssp245","CMCC-ESM2","2075",0.37,0.64,0,103,0,45,51,74.35,0,0,0.2,0.65,18.6546279625768,2408
"p346","ssp245","CMCC-ESM2","2075",0.39,0.54,0,115,0.1,46,52,81.6,0,0,0.1,0.35,18.900668771651,2409
"p346","ssp245","CMCC-ESM2","2075",0.19,0.38,0,105,0,46,67,79.86,0.2,0,0,0,17.8290316826546,2410
"p346","ssp245","CMCC-ESM2","2075",0.34,0.55,0,110,0,53,59,72.76,0.1,0,0,0.25,19.0109241615978,2411
"p346","ssp245","CMCC-ESM2","2075",0.35,0.64,0,114,0,58,64,88.73,0,0,0.1,0.15,18.1017431203067,2412
"p346","ssp245","CMCC-ESM2","2075",0.47,0.56,0.5,99,0,51,57,68.31,0,0,0.2,0,17.9546168789818,2413
"p346","ssp245","CMCC-ESM2","2075",0.44,0.76,0,93,0.1,47,53,72.08,0,0,0.1,0.4,17.6662468883027,2414
"p346","ssp245","CMCC-ESM2","2075",0.35,0.82,0,96,0,50,56,76.69,0,0,0,0.05,18.2133495780623,2415
"p346","ssp245","CMCC-ESM2","2075",0.42,0.75,0,118,0,45,51,69.57,0,0,0.1,0.25,18.802917124206,2416
"p346","ssp245","CMCC-ESM2","2075",0.21,0.57,0,104,0.2,45,51,73.35,0,0,0.1,0.05,17.7988375202588,2417
"p346","ssp245","CMCC-ESM2","2075",0.33,0.7,0,118,0,48,57,79.28,0,0,0,0,18.8278654542989,2418
"p346","ssp245","CMCC-ESM2","2075",0.69,0.36,0,102,0.1,50,56,79.03,0,0,0,0,18.6025590790897,2419
"p346","ssp245","CMCC-ESM2","2075",0.69,0.48,0,97,0,49,55,79.89,0,0,0.3,0.05,18.3907721575842,2420
"p346","ssp245","CMCC-ESM2","2075",0.6,0.83,0,114,0,58,64,73.88,0,0,0,0.3,19.236930254155,2421
"p346","ssp245","CMCC-ESM2","2075",0.4,0.6,0.2,102,0.1,70,76,94.93,0,0,0.1,0.35,18.6634777877691,2422
"p346","ssp245","CMCC-ESM2","2075",0.38,0.66,0,105,0,44,50,71.63,0.1,0,0.1,0.1,18.1095441939545,2423
"p346","ssp245","CMCC-ESM2","2075",0.31,0.64,0,111,0,44,50,77.54,0,0,0.1,0,19.2698520100176,2424
"p346","ssp245","CMCC-ESM2","2075",0.44,0.62,0,104,0,49,55,69.17,0,0,0.4,0.4,18.2743548903937,2425
"p346","ssp245","CMCC-ESM2","2075",0.27,0.41,0,119,0,50,56,82.49,0,0,0,0.2,19.7131142067547,2426
"p346","ssp245","CMCC-ESM2","2075",0.38,0.51,0,96,0,63,69,94.07,0,0,0.3,0.05,19.3084503147,2427
"p346","ssp245","CMCC-ESM2","2075",0.4,0.54,0,103,0.2,49,55,75.06,0,0,0,0.25,18.5421991949096,2428
"p346","ssp245","CMCC-ESM2","2075",0.55,0.88,0,97,0,46,52,76.26,0,0,0,0.1,18.977318137107,2429
"p346","ssp245","CMCC-ESM2","2075",0.37,0.61,0,109,0,45,51,74.79,0,0,0.2,0.6,18.6716220012401,2430
"p346","ssp245","CMCC-ESM2","2075",0.41,0.76,0,105,0,46,52,77.49,0.1,0,0.1,0.05,17.5146573657902,2431
"p346","ssp245","CMCC-ESM2","2075",0.27,0.38,0,106,0,56,62,83.59,0,0,0,0,19.182196925597,2432
"p346","ssp245","CMCC-ESM2","2075",0.52,0.66,0,105,0.1,55,68,78.52,0,0,0.1,0,18.2659133660224,2433
"p346","ssp245","CMCC-ESM2","2075",0.49,0.74,0,106,0,51,57,77.49,0,0,0,0.4,18.9690356269086,2434
"p346","ssp245","CMCC-ESM2","2075",0.31,0.4,0,110,0.15,49,55,77.87,0,0,0.3,0.05,17.5418935106724,2435
"p346","ssp245","CMCC-ESM2","2075",0.55,0.85,0,105,0.1,61,67,88.3,0,0,0,0.05,18.3826966911967,2436
"p346","ssp245","CMCC-ESM2","2075",0.46,0.92,0,105,0,74,80,94.66,0,0,0,0.3,17.9067671565812,2437
"p346","ssp245","CMCC-ESM2","2075",0.32,0.67,0,101,0,44,50,74.1,0,0,0,0.05,18.9007083894203,2438
"p346","ssp245","CMCC-ESM2","2075",0.35,0.38,0,105,0.1,47,53,74.11,0.1,0,0.1,0.55,17.6939475638591,2439
"p346","ssp245","CMCC-ESM2","2075",0.45,0.53,0,97,0,47,53,77.67,0,0,0.2,0.1,18.255967800306,2440
"p346","ssp245","CMCC-ESM2","2075",0.56,1,0,118,0.1,49,55,75.89,0,0,0,0.1,18.5912642752056,2441
"p346","ssp245","CMCC-ESM2","2075",0.38,0.78,0,106,0,53,59,84.46,0,0,0.1,0.05,19.5788708944134,2442
"p346","ssp245","CMCC-ESM2","2075",0.31,0.67,0,103,0.1,55,70,85.44,0,0,0,0.2,18.119317529294,2443
"p346","ssp245","CMCC-ESM2","2075",0.29,0.71,0,112,0.1,56,62,81.96,0,0,0,0.05,18.3485850573302,2444
"p346","ssp245","CMCC-ESM2","2075",0.3,0.91,0,111,0,58,73,83.19,0,0,0.3,0.05,18.4283929813247,2445
"p346","ssp245","CMCC-ESM2","2075",0.39,0.83,0,119,0,50,56,77.32,0,0,0.1,0.25,19.0064492698566,2446
"p346","ssp245","CMCC-ESM2","2075",0.31,0.64,0,101,0.1,60,74,91.3,0,0,0,0.1,18.077371211413,2447
"p346","ssp245","CMCC-ESM2","2075",0.33,0.54,0,86,0,51,57,81.13,0,0,0.2,0.2,18.6621962007401,2448
"p346","ssp245","CMCC-ESM2","2075",0.57,0.74,0,105,0,60,66,89.53,0,0,0.3,0.05,19.1815631925408,2449
"p346","ssp245","CMCC-ESM2","2075",0.34,0.33,0.3,99,0,47,53,69.35,0,0,0,0,16.9079932252263,2450
"p346","ssp245","CMCC-ESM2","2075",0.23,0.1,0.4,98,0,45,51,69.41,0,0,0.2,0.3,18.6361941856783,2451
"p346","ssp245","CMCC-ESM2","2075",0.37,0.59,0.25,123,0,47,53,76.8,0,0,0.2,0,18.621681256053,2452
"p346","ssp245","CMCC-ESM2","2075",0.37,0.59,0,111,0.25,51,57,80.05,0,0,0,0.25,18.7988846456056,2453
"p346","ssp245","CMCC-ESM2","2075",0.35,0.81,0,119,0,46,52,75.04,0,0,0.3,0.35,18.8253870651167,2454
"p346","ssp245","CMCC-ESM2","2075",0.44,0.71,0,110,0,54,60,74.6,0,0,0.3,0.3,18.8448594768916,2455
"p346","ssp245","CMCC-ESM2","2075",0.28,0.67,0,110,0.3,45,71,75.6,0,0,0.2,0,19.2444659725238,2456
"p346","ssp245","CMCC-ESM2","2075",0.16,0.5,0,122,0,47,53,80.2,0.2,0,0,0.05,18.603560402294,2457
"p346","ssp245","CMCC-ESM2","2075",0.19,0.48,0,97,0.2,50,70,79.38,0,0,0,0.1,19.381976742381,2458
"p346","ssp245","CMCC-ESM2","2075",0.4,0.75,0,116,0,52,58,76.75,0,0,0,0,18.7414223684595,2459
"p346","ssp245","CMCC-ESM2","2075",0.2,0.38,0.2,103,0,63,69,85.02,0,0,0,0.1,18.8042250501204,2460
"p346","ssp245","CMCC-ESM2","2075",0.37,0.59,0,103,0,56,62,85.24,0,0,0.3,0.15,17.8109702396415,2461
"p346","ssp245","CMCC-ESM2","2075",0.26,0.55,0,94,0,45,51,75.49,0.1,0,0,0.05,17.9081091965217,2462
"p346","ssp245","CMCC-ESM2","2075",0.26,0.49,0,109,0,59,65,86.33,0,0,0.4,0.45,19.1396065655209,2463
"p346","ssp245","CMCC-ESM2","2075",0.29,0.49,0,103,0,44,50,77.78,0,0,0.3,0.1,18.5941893186251,2464
"p346","ssp245","CMCC-ESM2","2075",0.25,0.4,0,91,0,48,54,82.82,0,0,0.2,0,18.6443655357079,2465
"p346","ssp245","CMCC-ESM2","2075",0.15,0.75,0,103,0,73,79,95.89,0,0,0,0.2,19.4864834488017,2466
"p346","ssp245","CMCC-ESM2","2075",0.31,0.29,0,105,0.1,46,59,76.29,0,0,0.1,0,19.185092724183,2467
"p346","ssp245","CMCC-ESM2","2075",0.36,0.8,0,116,0,55,66,83.57,0,0,0.1,0,18.6237402886804,2468
"p346","ssp245","CMCC-ESM2","2075",0.36,0.71,0,107,0,67,73,90.9,0,0,0.1,0.25,19.034438151647,2469
"p346","ssp245","CMCC-ESM2","2075",0.42,0.73,0,109,0.1,44,50,72.84,0,0,0.1,0.15,17.9246129152363,2470
"p346","ssp245","CMCC-ESM2","2075",0.15,0.48,0,108,0.2,48,54,75.44,0,0,0.2,0.05,18.3864933927271,2471
"p346","ssp245","CMCC-ESM2","2075",0.25,0.77,0,109,0.1,57,63,81.68,0,0,0,0,18.6565177906732,2472
"p346","ssp245","CMCC-ESM2","2075",0.19,0.62,0,112,0,57,79,76.2,0,0,0.1,0.3,19.5521310767057,2473
"p346","ssp245","CMCC-ESM2","2075",0.46,0.58,0,109,0,44,50,66.49,0,0,0.1,0,17.4656338139924,2474
"p346","ssp245","CMCC-ESM2","2075",0.35,0.53,0,84,0,48,54,79.13,0,0,0.1,0.15,18.6269624595443,2475
"p346","ssp245","CMCC-ESM2","2075",0.22,0.64,0,95,0,50,56,81.3,0,0,0,0.2,18.0035834834363,2476
"p346","ssp245","CMCC-ESM2","2075",0.41,0.48,0,110,0.1,56,62,88.01,0,0,0.2,0.6,18.5989776855756,2477
"p346","ssp245","CMCC-ESM2","2075",0.29,0.33,0,111,0,55,63,83.86,0,0,0.1,0,19.0262406007666,2478
"p346","ssp245","CMCC-ESM2","2075",0.15,0.62,0,106,0.1,46,52,81.02,0,0,0.2,0.1,19.5491664714603,2479
"p346","ssp245","CMCC-ESM2","2075",0.3,0.49,0,105,0,66,78,90.68,0,0,0.1,0.2,18.9390285973839,2480
"p346","ssp245","CMCC-ESM2","2075",0.35,0.67,0,124,0,46,67,75.72,0,0,0.1,0,18.0583794804731,2481
"p346","ssp245","CMCC-ESM2","2075",0.54,0.6,0,97,0,45,59,72.16,0,0,0.2,0,19.2066474407591,2482
"p346","ssp245","CMCC-ESM2","2075",0.29,0.48,0,108,0.1,45,51,76.21,0,0,0.4,0,17.4636614946315,2483
"p346","ssp245","CMCC-ESM2","2075",0.11,0.35,0,99,0,76,89,96.4,0,0,0,0.1,19.2323135231053,2484
"p346","ssp245","CMCC-ESM2","2075",0.36,0.61,0,103,0.2,75,81,97,0,0,0,0.25,18.77337904128,2485
"p346","ssp245","CMCC-ESM2","2075",0.32,0.41,0,103,0.1,47,70,75.92,0,0,0.2,0.1,18.9892426796805,2486
"p346","ssp245","CMCC-ESM2","2075",0.42,0.61,0,103,0.1,51,70,77.82,0,0,0.2,0,18.4567261196648,2487
"p346","ssp245","CMCC-ESM2","2075",0.42,0.9,0,122,0,48,54,78.24,0,0,0.1,0.15,18.5690643147792,2488
"p346","ssp245","CMCC-ESM2","2075",0.34,0.55,0,107,0,61,67,90.84,0,0,0,0,17.9917203857738,2489
"p346","ssp245","CMCC-ESM2","2075",0.12,0.55,0.2,100,0.2,47,69,76.87,0,0,0.2,0,18.7100428207222,2490
"p346","ssp245","CMCC-ESM2","2075",0.29,0.51,0,104,0.2,68,75,97.86,0,0,0.1,0,18.5225735296073,2491
"p346","ssp245","CMCC-ESM2","2075",0.28,0.49,0,114,0,46,61,70.77,0,0,0.8,0,18.8023993870067,2492
"p346","ssp245","CMCC-ESM2","2075",0.26,0.83,0,111,0,57,63,78.12,0.1,0,0,0.3,17.2522416463128,2493
"p346","ssp245","CMCC-ESM2","2075",0.24,0.71,0,107,0.1,54,60,88.11,0,0,0.1,0,19.0239445320357,2494
"p346","ssp245","CMCC-ESM2","2075",0.32,0.43,0.25,111,0,48,54,71.59,0,0,0.1,0.05,17.3233629450089,2495
"p346","ssp245","CMCC-ESM2","2075",0.13,0.56,0.2,99,0,44,50,61.32,0,0,0.1,0,17.8307816230292,2496
"p346","ssp245","CMCC-ESM2","2075",0.52,0.87,0,99,0,51,57,74.17,0,0,0.2,0,18.2304467171651,2497
"p346","ssp245","CMCC-ESM2","2075",0.48,0.65,0,97,0.1,53,59,83.21,0,0,0,0.2,18.9407174011743,2498
"p346","ssp245","CMCC-ESM2","2075",0.28,0.78,0,90,0,65,71,93.27,0,0,0.1,0.15,19.4758639207907,2499
"p346","ssp245","CMCC-ESM2","2075",0.29,0.67,0,107,0,56,62,86.18,0,0,0.1,0,18.3402746240568,2500
"p346","ssp245","CNRM-CM6-1-HR","2075",0.4,0.22,0,92,0,44,50,72.95,0,0,0,0.2,18.4031499416082,2501
"p346","ssp245","CNRM-CM6-1-HR","2075",0.28,0.43,0.25,94,0.2,44,50,70.76,0,0,0.1,0.05,18.5170055611706,2502
"p346","ssp245","CNRM-CM6-1-HR","2075",0.47,0.28,0,102,0.1,46,52,77.5,0,0,0.1,0,17.7867762396177,2503
"p346","ssp245","CNRM-CM6-1-HR","2075",0.23,0.15,0,100,0.1,48,54,78.31,0,0,0.1,0,18.2723867941077,2504
"p346","ssp245","CNRM-CM6-1-HR","2075",0.47,0.38,0.25,97,0.3,49,55,82.8,0,0,0,0,18.0924603620766,2505
"p346","ssp245","CNRM-CM6-1-HR","2075",0.18,0.5,0,111,0.2,45,51,77.21,0.1,0,0.3,0.2,18.3181438014174,2506
"p346","ssp245","CNRM-CM6-1-HR","2075",0.42,0.43,0,95,0,44,50,74.44,0,0,0.3,0,18.0172550167573,2507
"p346","ssp245","CNRM-CM6-1-HR","2075",0.37,0.34,0,90,0.2,44,50,75.64,0,0,0.2,0.25,18.8719156309719,2508
"p346","ssp245","CNRM-CM6-1-HR","2075",0.33,0.24,0,103,0.2,45,51,80.65,0,0,0.1,0.05,18.9726084576888,2509
"p346","ssp245","CNRM-CM6-1-HR","2075",0.13,0,0.2,94,0.1,45,51,78.02,0.2,0,0,0,16.8257410385459,2510
"p346","ssp245","CNRM-CM6-1-HR","2075",0.33,0.24,0,93,0.2,44,50,67.72,0,0,0.1,0.1,18.672188304726,2511
"p346","ssp245","CNRM-CM6-1-HR","2075",0.3,0.35,0,109,0.2,55,61,89,0,0,0.1,0,18.0347277454948,2512
"p346","ssp245","CNRM-CM6-1-HR","2075",0.42,0.1,0.5,99,0,50,56,74.08,0,0,0.2,0,17.8235046350295,2513
"p346","ssp245","CNRM-CM6-1-HR","2075",0.41,0.6,0,82,0.1,44,50,75.01,0,0,0.1,0.2,17.4212066388276,2514
"p346","ssp245","CNRM-CM6-1-HR","2075",0.35,0.46,0,93,0.1,48,54,78.48,0,0,0.1,0,18.1678352246903,2515
"p346","ssp245","CNRM-CM6-1-HR","2075",0.36,0.44,0,113,0.1,44,50,72.02,0,0,0.1,0.1,18.8024676413984,2516
"p346","ssp245","CNRM-CM6-1-HR","2075",0.15,0.34,0.2,100,0.4,44,50,75.31,0,0,0.1,0,17.8841415757122,2517
"p346","ssp245","CNRM-CM6-1-HR","2075",0.28,0.54,0,113,0.1,45,51,77.58,0,0,0,0,18.6770893386241,2518
"p346","ssp245","CNRM-CM6-1-HR","2075",0.64,0.49,0,104,0.3,46,52,76.62,0,0,0,0,18.7135474794094,2519
"p346","ssp245","CNRM-CM6-1-HR","2075",0.66,0.39,0,87,0.2,47,53,77.8,0,0,0.3,0,18.5258268397866,2520
"p346","ssp245","CNRM-CM6-1-HR","2075",0.6,0.72,0,105,0.1,57,63,80.96,0,0,0,0.15,19.0046859549813,2521
"p346","ssp245","CNRM-CM6-1-HR","2075",0.36,0.36,0,103,0.5,45,58,78.81,0,0,0.3,0.05,18.0633295424243,2522
"p346","ssp245","CNRM-CM6-1-HR","2075",0.32,0.53,0,100,0.15,44,50,73.78,0.1,0,0.1,0.05,18.1956354231837,2523
"p346","ssp245","CNRM-CM6-1-HR","2075",0.25,0.36,0,103,0.2,44,50,77.01,0,0,0.1,0,19.3480623935451,2524
"p346","ssp245","CNRM-CM6-1-HR","2075",0.39,0.54,0,105,0.1,47,53,70.05,0,0,0.5,0.1,18.4439059674202,2525
"p346","ssp245","CNRM-CM6-1-HR","2075",0.17,0.31,0,116,0.1,48,54,82.88,0,0,0,0.05,19.5456594806662,2526
"p346","ssp245","CNRM-CM6-1-HR","2075",0.37,0.32,0.25,83,0.1,61,67,92.79,0,0,0.3,0,19.2034264510736,2527
"p346","ssp245","CNRM-CM6-1-HR","2075",0.32,0.47,0,97,0.5,45,51,77.65,0,0,0,0.05,18.5797224546996,2528
"p346","ssp245","CNRM-CM6-1-HR","2075",0.47,0.62,0,85,0,44,50,77.02,0,0,0,0.05,18.9098034226318,2529
"p346","ssp245","CNRM-CM6-1-HR","2075",0.29,0.45,0,99,0,44,50,75.35,0,0,0.2,0.3,18.3431258655874,2530
"p346","ssp245","CNRM-CM6-1-HR","2075",0.4,0.39,0,95,0.25,45,51,78.07,0,0,0.1,0,17.5132060146243,2531
"p346","ssp245","CNRM-CM6-1-HR","2075",0.27,0.33,0,100,0.35,54,60,83.24,0,0,0,0,19.3633625855258,2532
"p346","ssp245","CNRM-CM6-1-HR","2075",0.51,0.36,0,106,0.2,52,58,81.49,0,0,0.1,0,18.0798441425456,2533
"p346","ssp245","CNRM-CM6-1-HR","2075",0.41,0.38,0,96,0,49,55,80.08,0,0,0,0.1,18.9852623582224,2534
"p346","ssp245","CNRM-CM6-1-HR","2075",0.31,0.16,0,103,0.15,47,53,80.33,0,0,0.3,0,17.5529771244207,2535
"p346","ssp245","CNRM-CM6-1-HR","2075",0.48,0.65,0,105,0.1,60,66,89.09,0,0,0,0,18.4817435249881,2536
"p346","ssp245","CNRM-CM6-1-HR","2075",0.46,0.8,0,102,0.2,46,52,76.79,0.1,0,0,0.1,16.7184358446463,2537
"p346","ssp245","CNRM-CM6-1-HR","2075",0.25,0.59,0,96,0,43,49,73.97,0,0,0,0,18.700387384779,2538
"p346","ssp245","CNRM-CM6-1-HR","2075",0.33,0.1,0,99,0.3,44,50,77.13,0.1,0,0.1,0.25,17.5517656042699,2539
"p346","ssp245","CNRM-CM6-1-HR","2075",0.42,0.5,0,85,0.1,45,51,78.02,0,0,0.2,0.05,18.1901296993611,2540
"p346","ssp245","CNRM-CM6-1-HR","2075",0.4,0.54,0,113,0.1,44,50,75.45,0,0,0,0,18.6080903866534,2541
"p346","ssp245","CNRM-CM6-1-HR","2075",0.38,0.25,0,102,0.1,49,55,79.86,0,0,0.1,0.05,19.4212087507047,2542
"p346","ssp245","CNRM-CM6-1-HR","2075",0.31,0.4,0,99,0.2,52,58,87.3,0,0,0.1,0,17.4947033254912,2543
"p346","ssp245","CNRM-CM6-1-HR","2075",0.29,0.3,0,106,0.1,55,61,84.23,0,0,0,0.05,18.4948078333878,2544
"p346","ssp245","CNRM-CM6-1-HR","2075",0.3,0.73,0.2,109,0.15,53,59,83.83,0,0,0.3,0.05,17.8831906189147,2545
"p346","ssp245","CNRM-CM6-1-HR","2075",0.39,0.54,0,110,0.1,47,53,76.26,0,0,0.1,0.05,19.0068377517452,2546
"p346","ssp245","CNRM-CM6-1-HR","2075",0.31,0.42,0,97,0.1,55,61,88.52,0,0,0,0,17.5528166662204,2547
"p346","ssp245","CNRM-CM6-1-HR","2075",0.33,0.48,0,87,0.1,48,54,81.95,0,0,0.2,0,18.3861081597921,2548
"p346","ssp245","CNRM-CM6-1-HR","2075",0.46,0.32,0,98,0,52,58,85.08,0,0,0.4,0,18.9377888071138,2549
"p346","ssp245","CNRM-CM6-1-HR","2075",0.23,0.18,0.3,91,0.2,45,51,73.33,0.1,0,0,0,17.0235271001117,2550
"p346","ssp245","CNRM-CM6-1-HR","2075",0.22,0.33,0,93,0.1,44,50,69.35,0,0,0.2,0,18.6097398122632,2551
"p346","ssp245","CNRM-CM6-1-HR","2075",0.37,0.34,0,105,0.1,46,52,78.6,0,0,0.2,0,18.3781240817836,2552
"p346","ssp245","CNRM-CM6-1-HR","2075",0.32,0.15,0.2,100,0.4,49,55,79.6,0,0,0,0.05,18.5592826949126,2553
"p346","ssp245","CNRM-CM6-1-HR","2075",0.32,0.3,0,102,0,45,51,77.81,0,0,0.3,0.1,18.6414930728035,2554
"p346","ssp245","CNRM-CM6-1-HR","2075",0.44,0.11,0,94,0.1,45,52,73.12,0,0,0.3,0.05,18.687279757254,2555
"p346","ssp245","CNRM-CM6-1-HR","2075",0.27,0.32,0,104,0.8,44,50,69.64,0,0,0.2,0,17.6338532580582,2556
"p346","ssp245","CNRM-CM6-1-HR","2075",0.16,0.22,0,110,0.2,45,51,77.86,0,0,0,0.05,18.4796353166017,2557
"p346","ssp245","CNRM-CM6-1-HR","2075",0.14,0.14,0.2,90,0.2,45,51,76.76,0,0,0,0,18.2048872068261,2558
"p346","ssp245","CNRM-CM6-1-HR","2075",0.4,0.33,0,118,0,49,55,81.61,0,0,0,0,18.7638794075849,2559
"p346","ssp245","CNRM-CM6-1-HR","2075",0.19,0.41,0.2,102,0,47,58,75.41,0,0,0,0,18.3641675325532,2560
"p346","ssp245","CNRM-CM6-1-HR","2075",0.19,0.36,0.2,92,0.1,53,59,83.14,0,0,0.3,0,17.8941089177595,2561
"p346","ssp245","CNRM-CM6-1-HR","2075",0.26,0.21,0,81,0,44,50,71.92,0.1,0,0,0,18.0391583885793,2562
"p346","ssp245","CNRM-CM6-1-HR","2075",0.26,0.37,0,103,0.1,57,63,83.94,0,0,0.5,0.05,19.1963910260677,2563
"p346","ssp245","CNRM-CM6-1-HR","2075",0.29,0.57,0,102,0,44,50,74.36,0,0,0.3,0,18.712422884742,2564
"p346","ssp245","CNRM-CM6-1-HR","2075",0.22,0.12,0,80,0,46,52,81.83,0,0,0.2,0,18.6415943694962,2565
"p346","ssp245","CNRM-CM6-1-HR","2075",0.15,0.56,0,98,0.1,63,71,92.89,0,0,0,0,19.1829699502156,2566
"p346","ssp245","CNRM-CM6-1-HR","2075",0.3,0.23,0.2,94,0.35,45,51,76.37,0,0,0.1,0,18.7980472456015,2567
"p346","ssp245","CNRM-CM6-1-HR","2075",0.29,0.24,0,99,0.1,53,59,84.5,0.1,0,0.1,0,18.3679780340983,2568
"p346","ssp245","CNRM-CM6-1-HR","2075",0.31,0.44,0,100,0.1,67,73,94.44,0,0,0.1,0.05,18.8232667974828,2569
"p346","ssp245","CNRM-CM6-1-HR","2075",0.34,0.61,0,106,0.1,43,49,72.14,0,0,0.1,0.05,17.8467242959806,2570
"p346","ssp245","CNRM-CM6-1-HR","2075",0.15,0.23,0.2,99,0.2,46,52,76.48,0,0,0.2,0,18.3131652907188,2571
"p346","ssp245","CNRM-CM6-1-HR","2075",0.25,0.25,0,97,0.1,53,59,79.4,0,0,0,0,18.6045017708148,2572
"p346","ssp245","CNRM-CM6-1-HR","2075",0.14,0.3,0,98,0,51,57,75.8,0,0,0.2,0.05,18.0819735655865,2573
"p346","ssp245","CNRM-CM6-1-HR","2075",0.46,0.35,0,102,0.2,44,50,68.85,0,0,0.1,0,17.446726044889,2574
"p346","ssp245","CNRM-CM6-1-HR","2075",0.32,0.22,0,79,0.2,46,52,78.88,0,0,0.2,0,18.5972192642663,2575
"p346","ssp245","CNRM-CM6-1-HR","2075",0.17,0.31,0,84,0.15,49,55,81.41,0,0,0,0.05,17.9615090775863,2576
"p346","ssp245","CNRM-CM6-1-HR","2075",0.36,0.26,0,99,0.2,54,60,84.78,0,0,0.2,0.3,18.4717138948038,2577
"p346","ssp245","CNRM-CM6-1-HR","2075",0.15,0.24,0,104,0.1,51,57,81.04,0,0,0.1,0,18.7278318699981,2578
"p346","ssp245","CNRM-CM6-1-HR","2075",0.15,0.44,0,93,0.2,45,51,76.72,0,0,0.2,0,19.1652565235578,2579
"p346","ssp245","CNRM-CM6-1-HR","2075",0.21,0.34,0,100,0.2,64,70,94.22,0,0,0.3,0,18.3483348655838,2580
"p346","ssp245","CNRM-CM6-1-HR","2075",0.3,0.12,0,109,0,44,50,77.19,0,0,0.2,0,17.0170567410452,2581
"p346","ssp245","CNRM-CM6-1-HR","2075",0.51,0.51,0,104,0,44,50,72.28,0,0,0.2,0,18.7594274019203,2582
"p346","ssp245","CNRM-CM6-1-HR","2075",0.26,0.21,0,98,0.1,44,50,73.13,0,0,0.4,0,17.3144832162555,2583
"p346","ssp245","CNRM-CM6-1-HR","2075",0.11,0.13,0,98,0.2,45,72,78.16,0,0,0,0,18.057835781158,2584
"p346","ssp245","CNRM-CM6-1-HR","2075",0.34,0.33,0,95,0.45,44,52,76.71,0,0,0,0.1,17.5818168328763,2585
"p346","ssp245","CNRM-CM6-1-HR","2075",0.24,0.42,0.2,91,0.4,45,51,79.22,0,0,0.2,0,18.2909894168408,2586
"p346","ssp245","CNRM-CM6-1-HR","2075",0.36,0.25,0,94,0.1,45,51,75.85,0,0,0.2,0,17.7726017469525,2587
"p346","ssp245","CNRM-CM6-1-HR","2075",0.42,0.35,0,107,0,47,53,80.33,0,0,0.1,0,18.4919115139963,2588
"p346","ssp245","CNRM-CM6-1-HR","2075",0.33,0,0,97,0.2,60,66,89.37,0,0,0,0,17.6875213812866,2589
"p346","ssp245","CNRM-CM6-1-HR","2075",0.11,0.71,0,101,0.3,46,52,78.7,0,0,0.2,0,17.9530901900643,2590
"p346","ssp245","CNRM-CM6-1-HR","2075",0.24,0.31,0,99,0.3,47,58,80.81,0,0,0.1,0,17.9308072026813,2591
"p346","ssp245","CNRM-CM6-1-HR","2075",0.23,0.24,0,107,0,44,56,73,0,0,0.8,0,18.4436683040689,2592
"p346","ssp245","CNRM-CM6-1-HR","2075",0.21,0.55,0,98,0,55,61,82.31,0,0,0,0.15,17.0150608888782,2593
"p346","ssp245","CNRM-CM6-1-HR","2075",0.24,0.54,0,106,0.1,45,51,81.06,0,0,0.1,0,18.7241921730385,2594
"p346","ssp245","CNRM-CM6-1-HR","2075",0.2,0.42,0,107,0.2,47,53,77.31,0,0,0.1,0.05,17.0846396235338,2595
"p346","ssp245","CNRM-CM6-1-HR","2075",0.13,0.27,0.3,98,0.2,43,49,61.3,0,0,0.1,0,17.6657219865078,2596
"p346","ssp245","CNRM-CM6-1-HR","2075",0.42,0.48,0,93,0.1,47,53,76.24,0,0,0.2,0,18.0861095116638,2597
"p346","ssp245","CNRM-CM6-1-HR","2075",0.36,0.54,0,95,0.1,52,58,82.03,0,0,0,0.05,18.8478331738468,2598
"p346","ssp245","CNRM-CM6-1-HR","2075",0.23,0.53,0,93,0.1,48,54,82.52,0,0,0.2,0,18.5931274465964,2599
"p346","ssp245","CNRM-CM6-1-HR","2075",0.29,0.33,0,95,0,55,61,85.42,0,0,0.1,0,18.2653281995065,2600
"p346","ssp245","CNRM-ESM2-1","2075",0.4,0.22,0,92,0,45,51,75.49,0,0,0,0.2,17.5899341368498,2601
"p346","ssp245","CNRM-ESM2-1","2075",0.28,0.31,0.25,95,0.3,45,51,73.04,0,0,0.1,0.05,17.5084700391291,2602
"p346","ssp245","CNRM-ESM2-1","2075",0.47,0.24,0,100,0.3,49,76,82.01,0.1,0,0,0,17.4834760363818,2603
"p346","ssp245","CNRM-ESM2-1","2075",0.23,0.12,0,99,0.1,59,80,87.25,0,0,0.2,0,18.5578876137333,2604
"p346","ssp245","CNRM-ESM2-1","2075",0.47,0.28,0.25,95,0.2,52,58,82.99,0,0,0,0,17.0380939289545,2605
"p346","ssp245","CNRM-ESM2-1","2075",0.18,0.51,0,109,0.2,48,54,79.6,0.2,0,0.3,0.2,17.434983916257,2606
"p346","ssp245","CNRM-ESM2-1","2075",0.42,0.32,0,93,0,47,67,77.59,0,0,0.3,0,17.7762723454692,2607
"p346","ssp245","CNRM-ESM2-1","2075",0.37,0.34,0,88,0.2,45,51,77.96,0.1,0,0.2,0.25,18.0496343629966,2608
"p346","ssp245","CNRM-ESM2-1","2075",0.39,0.14,0,105,0.1,47,66,83.37,0,0,0,0,18.6829632650433,2609
"p346","ssp245","CNRM-ESM2-1","2075",0.12,0,0,90,0.1,46,70,81.88,0.4,0,0,0,16.7884132856789,2610
"p346","ssp245","CNRM-ESM2-1","2075",0.34,0.24,0,92,0.2,54,75,77.54,0,0,0.1,0.15,18.8275867846116,2611
"p346","ssp245","CNRM-ESM2-1","2075",0.3,0.1,0,110,0.1,59,65,89.4,0.1,0,0.1,0.05,17.1230484706716,2612
"p346","ssp245","CNRM-ESM2-1","2075",0.42,0.1,0.5,98,0,53,59,74.46,0,0,0.2,0,16.9494795209773,2613
"p346","ssp245","CNRM-ESM2-1","2075",0.34,0.59,0,82,0.2,50,57,80.96,0.2,0,0.2,0.2,16.324756119873,2614
"p346","ssp245","CNRM-ESM2-1","2075",0.35,0.36,0,93,0.1,60,66,87.47,0,0,0,0,17.3088170609177,2615
"p346","ssp245","CNRM-ESM2-1","2075",0.36,0.36,0,111,0,46,52,74.31,0,0,0.1,0.1,17.6084726186016,2616
"p346","ssp245","CNRM-ESM2-1","2075",0.16,0.38,0.2,99,0.4,49,67,79.05,0,0,0.1,0.05,17.6298172993793,2617
"p346","ssp245","CNRM-ESM2-1","2075",0.28,0.62,0,112,0.1,56,62,85.34,0,0,0.1,0,17.8048018357259,2618
"p346","ssp245","CNRM-ESM2-1","2075",0.67,0.39,0,103,0.3,52,58,82.46,0,0,0.1,0,17.6912200992993,2619
"p346","ssp245","CNRM-ESM2-1","2075",0.66,0.38,0,82,0.1,50,76,79.78,0,0,0.3,0,19.0877657820381,2620
"p346","ssp245","CNRM-ESM2-1","2075",0.6,0.76,0,107,0,59,65,81.25,0,0,0,0.1,18.1486236490489,2621
"p346","ssp245","CNRM-ESM2-1","2075",0.4,0.4,0,104,0.4,71,77,98.89,0,0,0.1,0.1,17.7197494345804,2622
"p346","ssp245","CNRM-ESM2-1","2075",0.32,0.33,0,100,0.1,44,50,76.35,0.1,0,0.1,0.05,17.2185137286624,2623
"p346","ssp245","CNRM-ESM2-1","2075",0.3,0.35,0,105,0.2,45,51,76.91,0,0,0.1,0,18.2513570541694,2624
"p346","ssp245","CNRM-ESM2-1","2075",0.39,0.54,0,104,0.1,52,58,70.06,0,0,0.5,0.1,17.8383304940914,2625
"p346","ssp245","CNRM-ESM2-1","2075",0.22,0.2,0,113,0,51,57,84.27,0,0,0,0,18.8249839248458,2626
"p346","ssp245","CNRM-ESM2-1","2075",0.38,0.32,0,77,0,65,71,91.93,0,0,0.3,0,18.4901254983486,2627
"p346","ssp245","CNRM-ESM2-1","2075",0.32,0.46,0,97,0.3,52,58,82.53,0,0,0,0.05,17.7874115598299,2628
"p346","ssp245","CNRM-ESM2-1","2075",0.54,0.62,0,83,0,47,53,76.9,0,0,0,0.05,18.1575828327613,2629
"p346","ssp245","CNRM-ESM2-1","2075",0.35,0.33,0,102,0.1,45,51,76.34,0,0,0.2,0.3,17.4307665845578,2630
"p346","ssp245","CNRM-ESM2-1","2075",0.38,0.35,0,94,0.2,47,53,80.31,0.1,0,0.1,0,16.4078066616548,2631
"p346","ssp245","CNRM-ESM2-1","2075",0.27,0.23,0,96,0.3,58,64,82.57,0,0,0.1,0,18.4074834222102,2632
"p346","ssp245","CNRM-ESM2-1","2075",0.51,0.2,0,105,0.4,69,78,92.88,0,0,0.1,0,17.7692440254307,2633
"p346","ssp245","CNRM-ESM2-1","2075",0.48,0.28,0,95,0,52,58,79.54,0,0,0,0.1,17.9863796807978,2634
"p346","ssp245","CNRM-ESM2-1","2075",0.31,0.27,0,103,0.4,52,58,82.21,0.3,0,0.3,0,16.5147130414038,2635
"p346","ssp245","CNRM-ESM2-1","2075",0.48,0.65,0,104,0.1,63,69,89.23,0,0,0,0,17.8513486004177,2636
"p346","ssp245","CNRM-ESM2-1","2075",0.46,0.7,0,100,0,76,82,101.5,0,0,0,0,17.1180844744656,2637
"p346","ssp245","CNRM-ESM2-1","2075",0.32,0.49,0,96,0,44,50,78.11,0,0,0,0,17.4008250589442,2638
"p346","ssp245","CNRM-ESM2-1","2075",0.33,0.1,0,101,0.3,51,58,83.5,0.1,0,0.1,0.15,16.649391943154,2639
"p346","ssp245","CNRM-ESM2-1","2075",0.42,0.5,0,84,0,47,53,81.22,0,0,0.2,0,16.8885634471312,2640
"p346","ssp245","CNRM-ESM2-1","2075",0.46,0.59,0,113,0.1,51,57,83.43,0,0,0,0,17.6687170169676,2641
"p346","ssp245","CNRM-ESM2-1","2075",0.33,0.12,0,106,0,56,62,84.77,0,0,0.1,0.05,19.0213214992782,2642
"p346","ssp245","CNRM-ESM2-1","2075",0.31,0.4,0,99,0.2,57,92,90.01,0,0,0,0,18.1158491905583,2643
"p346","ssp245","CNRM-ESM2-1","2075",0.29,0.28,0,104,0.1,59,73,83.07,0,0,0,0.05,18.00100980971,2644
"p346","ssp245","CNRM-ESM2-1","2075",0.3,0.71,0.2,108,0.15,75,81,97.21,0,0,0.2,0.05,17.7919755875123,2645
"p346","ssp245","CNRM-ESM2-1","2075",0.39,0.58,0,109,0.1,54,60,80.58,0,0,0.1,0.05,18.3954047113148,2646
"p346","ssp245","CNRM-ESM2-1","2075",0.31,0.41,0,97,0.1,104,110,122.1,0,0,0,0,20.0006059707386,2647
"p346","ssp245","CNRM-ESM2-1","2075",0.33,0.47,0,89,0,52,58,82.75,0,0,0.3,0,17.4506392530518,2648
"p346","ssp245","CNRM-ESM2-1","2075",0.5,0.22,0,96,0,62,68,89.62,0,0,0.3,0,18.3124821637475,2649
"p346","ssp245","CNRM-ESM2-1","2075",0.23,0,0.3,91,0,48,92,72.9,0.1,0,0,0,17.6677721828273,2650
"p346","ssp245","CNRM-ESM2-1","2075",0.22,0.33,0,89,0.1,51,57,78.9,0,0,0.2,0.05,17.7278380128804,2651
"p346","ssp245","CNRM-ESM2-1","2075",0.37,0.34,0,103,0,48,54,80.4,0,0,0.2,0,17.7827460563714,2652
"p346","ssp245","CNRM-ESM2-1","2075",0.32,0.15,0,102,0.65,56,62,85.68,0,0,0,0,17.5067015259723,2653
"p346","ssp245","CNRM-ESM2-1","2075",0.35,0.34,0,102,0,54,60,83.8,0,0,0.3,0.1,17.7351455327235,2654
"p346","ssp245","CNRM-ESM2-1","2075",0.44,0.1,0,92,0.1,56,62,81.51,0,0,0.3,0.05,17.7748020429943,2655
"p346","ssp245","CNRM-ESM2-1","2075",0.27,0.21,0,105,0.6,75,81,93.23,0,0,0.4,0,18.3535348164975,2656
"p346","ssp245","CNRM-ESM2-1","2075",0.16,0.21,0,107,0.1,53,62,86.01,0.2,0,0.1,0.05,17.6887253881267,2657
"p346","ssp245","CNRM-ESM2-1","2075",0.14,0,0,89,0.2,79,85,99.08,0,0,0,0,18.6294281099152,2658
"p346","ssp245","CNRM-ESM2-1","2075",0.4,0.33,0,117,0,59,65,86.97,0,0,0.1,0,18.1160795311056,2659
"p346","ssp245","CNRM-ESM2-1","2075",0.19,0.31,0.2,101,0,65,76,89.57,0,0,0,0,18.3034444822357,2660
"p346","ssp245","CNRM-ESM2-1","2075",0.26,0.25,0.2,92,0.1,58,74,83.33,0,0,0.3,0,17.2516233548679,2661
"p346","ssp245","CNRM-ESM2-1","2075",0.26,0.1,0,81,0,45,51,75.75,0.1,0,0,0,17.0648428464461,2662
"p346","ssp245","CNRM-ESM2-1","2075",0.26,0.31,0,100,0.1,60,66,87.65,0,0,0.4,0.05,18.5775730950031,2663
"p346","ssp245","CNRM-ESM2-1","2075",0.29,0.52,0,100,0,45,51,76.5,0,0,0.2,0,17.6547614655798,2664
"p346","ssp245","CNRM-ESM2-1","2075",0.22,0.24,0,78,0,50,56,85.66,0,0,0.2,0,17.5818356891066,2665
"p346","ssp245","CNRM-ESM2-1","2075",0.15,0.48,0,96,0.1,74,80,96.67,0,0,0,0,19.1473558155697,2666
"p346","ssp245","CNRM-ESM2-1","2075",0.3,0.25,0.2,91,0.25,62,68,90.38,0,0,0.2,0,18.2593383139181,2667
"p346","ssp245","CNRM-ESM2-1","2075",0.35,0.24,0,97,0.2,74,80,99.57,0.2,0,0.1,0,18.0589863700223,2668
"p346","ssp245","CNRM-ESM2-1","2075",0.31,0.44,0,100,0.1,68,74,95.13,0,0,0.2,0.05,18.3047568957352,2669
"p346","ssp245","CNRM-ESM2-1","2075",0.35,0.62,0,109,0.1,45,54,75.12,0,0,0.1,0.05,17.0679326909055,2670
"p346","ssp245","CNRM-ESM2-1","2075",0.15,0.13,0.2,98,0.2,49,55,77.8,0,0,0.2,0,17.4057771402954,2671
"p346","ssp245","CNRM-ESM2-1","2075",0.25,0.15,0,97,0.1,59,65,85.12,0,0,0,0,17.7309112505254,2672
"p346","ssp245","CNRM-ESM2-1","2075",0.14,0.29,0,100,0.1,77,83,91.16,0,0,0.1,0.05,19.1043101374732,2673
"p346","ssp245","CNRM-ESM2-1","2075",0.46,0.35,0,94,0.2,44,50,71.41,0.1,0,0.1,0,16.5202349027847,2674
"p346","ssp245","CNRM-ESM2-1","2075",0.31,0.22,0,77,0.1,50,56,83.59,0,0,0.1,0,17.6247104585464,2675
"p346","ssp245","CNRM-ESM2-1","2075",0.17,0.21,0,86,0.15,51,57,81.2,0.1,0,0,0.05,17.2279367348047,2676
"p346","ssp245","CNRM-ESM2-1","2075",0.36,0.26,0,99,0.1,59,65,87.22,0,0,0.2,0.25,17.6438125504568,2677
"p346","ssp245","CNRM-ESM2-1","2075",0.23,0.24,0,101,0.1,67,73,94.72,0,0,0.1,0,18.2110409359965,2678
"p346","ssp245","CNRM-ESM2-1","2075",0.15,0.44,0,94,0.2,47,53,78.36,0,0,0.3,0,18.2396395846981,2679
"p346","ssp245","CNRM-ESM2-1","2075",0.23,0.22,0,98,0.1,84,90,106.76,0,0,0.2,0,18.5870467880279,2680
"p346","ssp245","CNRM-ESM2-1","2075",0.3,0.1,0,106,0,47,74,80.56,0,0,0.3,0,16.7994879499277,2681
"p346","ssp245","CNRM-ESM2-1","2075",0.52,0.53,0,104,0.1,45,65,76.4,0,0,0.2,0,18.3770034616545,2682
"p346","ssp245","CNRM-ESM2-1","2075",0.28,0.34,0,100,0.1,46,67,75.82,0.1,0,0.4,0,16.8188312355817,2683
"p346","ssp245","CNRM-ESM2-1","2075",0.11,0.11,0,96,0,77,94,98.61,0,0,0.1,0,18.4219073137352,2684
"p346","ssp245","CNRM-ESM2-1","2075",0.34,0.32,0,97,0.4,76,87,101.6,0.1,0,0,0.1,18.6432770967871,2685
"p346","ssp245","CNRM-ESM2-1","2075",0.23,0.37,0.4,93,0.3,48,84,80.52,0,0,0.2,0,19.6274035253056,2686
"p346","ssp245","CNRM-ESM2-1","2075",0.41,0.38,0,93,0.1,70,76,93.79,0,0,0.2,0,17.5565925502125,2687
"p346","ssp245","CNRM-ESM2-1","2075",0.42,0.4,0,105,0,50,56,82.73,0,0,0.1,0,17.8320009446481,2688
"p346","ssp245","CNRM-ESM2-1","2075",0.34,0,0,93,0.2,62,69,90.37,0,0,0,0,16.7790470629584,2689
"p346","ssp245","CNRM-ESM2-1","2075",0.11,0.6,0,96,0.2,48,82,79.61,0,0,0.3,0,18.4704704631138,2690
"p346","ssp245","CNRM-ESM2-1","2075",0.26,0.3,0,98,0.3,73,79,100.05,0,0,0.1,0,17.6951594090255,2691
"p346","ssp245","CNRM-ESM2-1","2075",0.23,0.13,0,106,0,62,69,87.2,0,0,0.6,0,18.0136989904899,2692
"p346","ssp245","CNRM-ESM2-1","2075",0.21,0.34,0,99,0,58,73,84.09,0.1,0,0,0.2,16.5392567773286,2693
"p346","ssp245","CNRM-ESM2-1","2075",0.24,0.56,0,107,0.1,61,71,93.26,0,0,0.1,0,18.8774178031509,2694
"p346","ssp245","CNRM-ESM2-1","2075",0.2,0.43,0,109,0.1,49,55,79.3,0.3,0,0.1,0.05,16.2165134831016,2695
"p346","ssp245","CNRM-ESM2-1","2075",0.13,0.23,0.3,97,0.2,44,63,63.69,0,0,0.1,0,17.0936549008731,2696
"p346","ssp245","CNRM-ESM2-1","2075",0.42,0.42,0,94,0.1,54,61,81.04,0,0,0.3,0,17.1329557573141,2697
"p346","ssp245","CNRM-ESM2-1","2075",0.37,0.54,0,93,0.1,58,67,87.28,0,0,0,0.05,17.9584897918065,2698
"p346","ssp245","CNRM-ESM2-1","2075",0.23,0.53,0,91,0.1,74,80,101.57,0,0,0.1,0,18.5603368387832,2699
"p346","ssp245","CNRM-ESM2-1","2075",0.29,0.33,0,91,0,61,75,89.45,0,0,0.1,0,18.0485013946066,2700
"p346","ssp245","EC-Earth3-CC","2075",0.4,0.22,0,84,0,45,51,75.19,0,0,0,0.05,17.3080442992822,2701
"p346","ssp245","EC-Earth3-CC","2075",0.28,0.1,0.25,95,0.2,46,52,73.15,0,0,0.1,0,17.2351956785217,2702
"p346","ssp245","EC-Earth3-CC","2075",0.47,0.12,0,93,0.1,78,90,104.91,0,0,0,0,17.8047914414746,2703
"p346","ssp245","EC-Earth3-CC","2075",0.23,0,0,87,0.1,60,90,87.58,0,0,0,0,18.911463683422,2704
"p346","ssp245","EC-Earth3-CC","2075",0.47,0.27,0.25,91,0.2,52,58,81.72,0,0,0,0,17.0165376507172,2705
"p346","ssp245","EC-Earth3-CC","2075",0.18,0.41,0,103,0.2,50,79,78.76,0,0,0.3,0,18.5597021364887,2706
"p346","ssp245","EC-Earth3-CC","2075",0.42,0.1,0,89,0,47,74,77.34,0,0,0.3,0,17.9916400427415,2707
"p346","ssp245","EC-Earth3-CC","2075",0.37,0.23,0,77,0.2,46,52,78.32,0.1,0,0.1,0.15,17.7446410521701,2708
"p346","ssp245","EC-Earth3-CC","2075",0.33,0.14,0,95,0.1,48,69,85.09,0,0,0.1,0,18.6708984744231,2709
"p346","ssp245","EC-Earth3-CC","2075",0.13,0,0,88,0.1,47,101,82.14,0,0,0,0,18.7052935092578,2710
"p346","ssp245","EC-Earth3-CC","2075",0.33,0.13,0,77,0.2,78,84,95.14,0,0,0.1,0.05,19.0810746995919,2711
"p346","ssp245","EC-Earth3-CC","2075",0.3,0,0,105,0.1,60,66,89.6,0,0,0.1,0,17.1092479879941,2712
"p346","ssp245","EC-Earth3-CC","2075",0.37,0.1,0,91,0,54,61,72.31,0,0,0.2,0,16.7399285282701,2713
"p346","ssp245","EC-Earth3-CC","2075",0.41,0.46,0.2,78,0.1,51,80,81.55,0,0,0.3,0.1,17.1022436841395,2714
"p346","ssp245","EC-Earth3-CC","2075",0.35,0.36,0,93,0.1,62,70,88.24,0,0,0,0,17.3591374175094,2715
"p346","ssp245","EC-Earth3-CC","2075",0.36,0.34,0,111,0,46,52,72.81,0,0,0,0.05,17.6527263821633,2716
"p346","ssp245","EC-Earth3-CC","2075",0.2,0.36,0.2,97,0.4,51,70,79.59,0,0,0.2,0,17.667463596319,2717
"p346","ssp245","EC-Earth3-CC","2075",0.28,0.4,0,110,0.1,57,63,85.78,0,0,0.2,0,17.4895811655297,2718
"p346","ssp245","EC-Earth3-CC","2075",0.64,0.43,0,98,0.3,54,60,82.94,0.1,0,0.1,0,17.5172257938008,2719
"p346","ssp245","EC-Earth3-CC","2075",0.66,0.38,0,69,0.1,50,77,80.11,0,0,0.3,0,19.0240112746553,2720
"p346","ssp245","EC-Earth3-CC","2075",0.6,0.48,0,105,0,60,66,78.81,0,0,0,0.05,18.1021012933163,2721
"p346","ssp245","EC-Earth3-CC","2075",0.4,0.3,0,94,0.4,71,77,98.55,0,0,0.2,0,17.790358905514,2722
"p346","ssp245","EC-Earth3-CC","2075",0.38,0.13,0,96,0.1,44,50,76.53,0.1,0,0.1,0,17.0289965391069,2723
"p346","ssp245","EC-Earth3-CC","2075",0.25,0.37,0,102,0.2,45,51,78.14,0,0,0.1,0,18.1730749705663,2724
"p346","ssp245","EC-Earth3-CC","2075",0.39,0.43,0,98,0.1,53,63,68.71,0,0,0.5,0.1,17.8805341719259,2725
"p346","ssp245","EC-Earth3-CC","2075",0.22,0.1,0,104,0,52,58,84.48,0,0,0,0,18.5600445841188,2726
"p346","ssp245","EC-Earth3-CC","2075",0.38,0.22,0.25,73,0,66,72,91.76,0,0,0.4,0,18.3855394151741,2727
"p346","ssp245","EC-Earth3-CC","2075",0.32,0.36,0,90,0.5,53,68,82.45,0,0,0,0.05,17.9395314279391,2728
"p346","ssp245","EC-Earth3-CC","2075",0.54,0.59,0,79,0,48,54,76.93,0,0,0.2,0,17.8760659097365,2729
"p346","ssp245","EC-Earth3-CC","2075",0.35,0.11,0,98,0,45,51,75.9,0,0,0.2,0.2,17.219165814182,2730
"p346","ssp245","EC-Earth3-CC","2075",0.41,0.25,0,90,0.1,47,77,80.21,0,0,0.1,0,17.0933193446524,2731
"p346","ssp245","EC-Earth3-CC","2075",0.27,0.34,0,88,0.3,58,64,82.33,0,0,0,0,18.0703013165821,2732
"p346","ssp245","EC-Earth3-CC","2075",0.51,0.1,0,99,0.2,70,81,92.69,0,0,0.1,0,17.4783207843476,2733
"p346","ssp245","EC-Earth3-CC","2075",0.48,0.14,0,92,0,53,59,79.24,0,0,0,0.05,17.9121423122803,2734
"p346","ssp245","EC-Earth3-CC","2075",0.31,0.16,0,95,0.15,52,58,80.77,0.3,0,0.2,0,16.4262345619617,2735
"p346","ssp245","EC-Earth3-CC","2075",0.48,0.43,0,98,0.1,64,71,88.99,0,0,0,0,17.8397722891374,2736
"p346","ssp245","EC-Earth3-CC","2075",0.46,0.51,0,97,0,79,85,103.5,0,0,0,0,17.1565873098672,2737
"p346","ssp245","EC-Earth3-CC","2075",0.25,0.5,0,93,0,44,50,78.03,0,0,0.1,0,17.0779223118259,2738
"p346","ssp245","EC-Earth3-CC","2075",0.33,0.21,0,97,0.3,51,60,82.34,0.1,0,0.1,0.05,16.3727616640286,2739
"p346","ssp245","EC-Earth3-CC","2075",0.4,0.46,0,83,0,48,54,80.61,0,0,0.2,0,16.8356479068219,2740
"p346","ssp245","EC-Earth3-CC","2075",0.41,0.58,0,112,0.1,51,67,82.18,0,0,0.1,0,17.8797249765073,2741
"p346","ssp245","EC-Earth3-CC","2075",0.38,0.1,0,103,0,56,62,84.86,0,0,0.2,0,18.5785835753406,2742
"p346","ssp245","EC-Earth3-CC","2075",0.31,0.38,0,96,0.2,91,97,115.66,0,0,0,0,18.4253923963929,2743
"p346","ssp245","EC-Earth3-CC","2075",0.29,0.38,0,102,0.1,73,79,91.64,0,0,0,0,18.0829656505165,2744
"p346","ssp245","EC-Earth3-CC","2075",0.3,0.7,0.2,108,0.15,75,81,95.84,0,0,0.3,0,17.8764462684306,2745
"p346","ssp245","EC-Earth3-CC","2075",0.39,0.25,0,111,0.1,57,66,81.72,0,0,0.1,0,18.5929317265762,2746
"p346","ssp245","EC-Earth3-CC","2075",0.31,0.3,0,95,0.1,104,110,121.13,0,0,0,0,20.0710967139273,2747
"p346","ssp245","EC-Earth3-CC","2075",0.33,0.36,0,85,0,53,60,83.15,0,0,0.3,0,17.2681115788752,2748
"p346","ssp245","EC-Earth3-CC","2075",0.46,0.16,0,89,0,62,68,88.82,0,0,0.3,0,18.0579243983643,2749
"p346","ssp245","EC-Earth3-CC","2075",0.24,0,0.3,77,0,49,95,71.27,0.1,0,0,0,17.917024226477,2750
"p346","ssp245","EC-Earth3-CC","2075",0.22,0.32,0,88,0.1,53,59,80.06,0,0,0.2,0,17.5463035013715,2751
"p346","ssp245","EC-Earth3-CC","2075",0.37,0.34,0,88,0,48,54,78.69,0,0,0.2,0,17.2915149610294,2752
"p346","ssp245","EC-Earth3-CC","2075",0.32,0.18,0,100,0.3,57,63,87.67,0,0,0,0,17.3337725635716,2753
"p346","ssp245","EC-Earth3-CC","2075",0.35,0.26,0,96,0,55,61,83.26,0,0,0.3,0.1,17.5447421011245,2754
"p346","ssp245","EC-Earth3-CC","2075",0.44,0,0,88,0.1,61,67,84.23,0,0,0.4,0,17.5817855936779,2755
"p346","ssp245","EC-Earth3-CC","2075",0.27,0.21,0,102,0.8,81,87,96.9,0,0,0.3,0,18.3048461757773,2756
"p346","ssp245","EC-Earth3-CC","2075",0.16,0,0,104,0.1,55,64,87.98,0.2,0,0.1,0,17.5642406252731,2757
"p346","ssp245","EC-Earth3-CC","2075",0.14,0,0,82,0.2,79,85,99.01,0,0,0,0,18.6664142691839,2758
"p346","ssp245","EC-Earth3-CC","2075",0.4,0.13,0,113,0,62,68,89.08,0,0,0.1,0,18.0331538480636,2759
"p346","ssp245","EC-Earth3-CC","2075",0.19,0.19,0.2,92,0,79,85,100.5,0,0,0,0,18.4645525688541,2760
"p346","ssp245","EC-Earth3-CC","2075",0.19,0.25,0,77,0.1,58,96,82.86,0,0,0.2,0,18.5038249230198,2761
"p346","ssp245","EC-Earth3-CC","2075",0.26,0.1,0,74,0,46,52,75.57,0.1,0,0,0,16.8253676012398,2762
"p346","ssp245","EC-Earth3-CC","2075",0.26,0.1,0,86,0.1,60,66,87.57,0,0,0.4,0,18.4418757989658,2763
"p346","ssp245","EC-Earth3-CC","2075",0.29,0.28,0,94,0,45,51,77.88,0,0,0.4,0,17.4414749766534,2764
"p346","ssp245","EC-Earth3-CC","2075",0.22,0.25,0,67,0,51,68,86.81,0,0,0.2,0,17.81809917377,2765
"p346","ssp245","EC-Earth3-CC","2075",0.15,0.46,0,94,0.1,75,81,95.34,0,0,0,0,19.0716771735602,2766
"p346","ssp245","EC-Earth3-CC","2075",0.31,0.22,0,78,0.25,63,69,91.86,0,0,0.2,0,18.0641142228217,2767
"p346","ssp245","EC-Earth3-CC","2075",0.29,0.11,0,94,0.1,77,83,99.55,0.1,0,0,0,17.9766917223626,2768
"p346","ssp245","EC-Earth3-CC","2075",0.36,0.32,0,96,0.1,69,75,94.01,0,0,0.3,0,18.1349100506902,2769
"p346","ssp245","EC-Earth3-CC","2075",0.35,0.52,0,108,0.1,45,55,74.37,0,0,0.1,0,16.7926041302781,2770
"p346","ssp245","EC-Earth3-CC","2075",0.15,0.22,0.2,88,0.2,49,55,78.07,0,0,0.2,0,17.2148553925995,2771
"p346","ssp245","EC-Earth3-CC","2075",0.25,0.14,0,93,0.1,59,65,85.73,0,0,0,0,17.8068649828657,2772
"p346","ssp245","EC-Earth3-CC","2075",0.14,0.29,0,96,0,78,84,89.09,0,0,0.1,0,18.9501785078321,2773
"p346","ssp245","EC-Earth3-CC","2075",0.46,0.32,0,93,0.2,44,50,70.18,0.2,0,0.1,0,16.0282067245793,2774
"p346","ssp245","EC-Earth3-CC","2075",0.32,0.22,0,71,0.1,50,56,84.45,0,0,0.2,0,17.4832119434126,2775
"p346","ssp245","EC-Earth3-CC","2075",0.17,0,0,77,0.1,52,58,80.54,0.1,0,0,0,17.2144512190961,2776
"p346","ssp245","EC-Earth3-CC","2075",0.36,0.21,0,91,0.1,60,66,87.28,0,0,0.2,0.1,17.6184755899938,2777
"p346","ssp245","EC-Earth3-CC","2075",0.23,0.24,0,98,0.1,68,74,95.97,0,0,0.1,0,18.0581741399354,2778
"p346","ssp245","EC-Earth3-CC","2075",0.15,0.31,0,80,0.2,48,54,80.62,0,0,0.4,0,18.116150564126,2779
"p346","ssp245","EC-Earth3-CC","2075",0.21,0.22,0,96,0,84,90,106.97,0,0,0.3,0,18.8225550223831,2780
"p346","ssp245","EC-Earth3-CC","2075",0.3,0,0,104,0,72,78,95.95,0,0,0.2,0,16.4322479725288,2781
"p346","ssp245","EC-Earth3-CC","2075",0.52,0.42,0,95,0,46,73,75.62,0,0,0.2,0,18.9286902485099,2782
"p346","ssp245","EC-Earth3-CC","2075",0.28,0.21,0,92,0.1,46,69,75.89,0,0,0.4,0,16.6789057400552,2783
"p346","ssp245","EC-Earth3-CC","2075",0.11,0.11,0,88,0,95,101,109.9,0,0,0.1,0,18.8077980845973,2784
"p346","ssp245","EC-Earth3-CC","2075",0.34,0.21,0,84,0.4,89,107,111.15,0,0,0,0.1,20.0533568599824,2785
"p346","ssp245","EC-Earth3-CC","2075",0.24,0.34,0.2,83,0.3,48,84,80.74,0,0,0.2,0,19.5390393814507,2786
"p346","ssp245","EC-Earth3-CC","2075",0.36,0.25,0,84,0.1,72,81,94.22,0,0,0.1,0,17.4588652557121,2787
"p346","ssp245","EC-Earth3-CC","2075",0.42,0.1,0,102,0,51,60,83.57,0,0,0.1,0,17.6728549355086,2788
"p346","ssp245","EC-Earth3-CC","2075",0.33,0,0,84,0.2,99,105,118.45,0,0,0,0,17.8318469928319,2789
"p346","ssp245","EC-Earth3-CC","2075",0.11,0.48,0,101,0.2,82,88,103.77,0,0,0.3,0,18.6028452586561,2790
"p346","ssp245","EC-Earth3-CC","2075",0.26,0.29,0,87,0.3,74,80,100.53,0,0,0.1,0,17.4975150395616,2791
"p346","ssp245","EC-Earth3-CC","2075",0.23,0.12,0,102,0,77,83,98.01,0,0,0.6,0,18.5168031210204,2792
"p346","ssp245","EC-Earth3-CC","2075",0.21,0.23,0,92,0,59,108,83.37,0,0,0,0,19.3528065557207,2793
"p346","ssp245","EC-Earth3-CC","2075",0.24,0.44,0,102,0.1,61,73,92.59,0,0,0.1,0,18.8337898641407,2794
"p346","ssp245","EC-Earth3-CC","2075",0.2,0.42,0,105,0.1,49,55,77.82,0.2,0,0.1,0,15.9868937146206,2795
"p346","ssp245","EC-Earth3-CC","2075",0.13,0.22,0.3,90,0.2,44,66,62.36,0,0,0.1,0,17.0704703509754,2796
"p346","ssp245","EC-Earth3-CC","2075",0.45,0.28,0,89,0.1,56,64,81.69,0,0,0.3,0,17.0260868950268,2797
"p346","ssp245","EC-Earth3-CC","2075",0.37,0.41,0,92,0.1,58,68,87.98,0,0,0,0,17.8147729866289,2798
"p346","ssp245","EC-Earth3-CC","2075",0.23,0.51,0,87,0.1,75,81,100.85,0,0,0.1,0,18.4025537306285,2799
"p346","ssp245","EC-Earth3-CC","2075",0.29,0.3,0,87,0,75,91,101,0,0,0,0,18.9340892450012,2800
"p346","ssp245","EC-Earth3-Veg-LR","2075",0.4,0.22,0,88,0,45,51,73.96,0,0,0,0.05,18.0473295145743,2801
"p346","ssp245","EC-Earth3-Veg-LR","2075",0.28,0.21,0.25,96,0.2,45,51,71.42,0,0,0.1,0,18.07340269223,2802
"p346","ssp245","EC-Earth3-Veg-LR","2075",0.47,0.22,0,98,0.1,48,56,83.04,0,0,0.1,0,17.380422250526,2803
"p346","ssp245","EC-Earth3-Veg-LR","2075",0.23,0.12,0,92,0.1,58,64,89.36,0,0,0.2,0,18.1923074521899,2804
"p346","ssp245","EC-Earth3-Veg-LR","2075",0.47,0.27,0.25,92,0.3,51,57,80.41,0,0,0,0,17.7611606207319,2805
"p346","ssp245","EC-Earth3-Veg-LR","2075",0.18,0.36,0,107,0.2,47,53,80.24,0.1,0,0.3,0,18.0405546937293,2806
"p346","ssp245","EC-Earth3-Veg-LR","2075",0.42,0.12,0,89,0,46,64,76.75,0,0,0.3,0,18.3498941499627,2807
"p346","ssp245","EC-Earth3-Veg-LR","2075",0.37,0.23,0,83,0.2,45,51,78.11,0,0,0.2,0.15,18.4655296670873,2808
"p346","ssp245","EC-Earth3-Veg-LR","2075",0.39,0.14,0,100,0.1,46,52,82.81,0,0,0.1,0,18.627889768232,2809
"p346","ssp245","EC-Earth3-Veg-LR","2075",0.19,0.11,0.25,90,0.1,46,68,82.22,0.2,0,0,0,17.2091112951033,2810
"p346","ssp245","EC-Earth3-Veg-LR","2075",0.34,0.23,0,79,0.2,53,59,74.52,0.1,0,0.1,0.05,18.4467807320523,2811
"p346","ssp245","EC-Earth3-Veg-LR","2075",0.29,0,0,108,0.2,59,65,89.78,0,0,0.1,0,17.6184475970752,2812
"p346","ssp245","EC-Earth3-Veg-LR","2075",0.42,0.1,0.5,93,0,52,58,71.4,0,0,0.2,0,17.2696132063292,2813
"p346","ssp245","EC-Earth3-Veg-LR","2075",0.34,0.55,0,79,0.2,49,55,79.93,0,0,0.3,0.1,16.8758049474839,2814
"p346","ssp245","EC-Earth3-Veg-LR","2075",0.35,0.35,0,92,0.1,50,56,77.24,0,0,0,0,17.7038510882065,2815
"p346","ssp245","EC-Earth3-Veg-LR","2075",0.36,0.27,0,111,0.1,45,51,72.56,0,0,0.1,0.05,18.1925199026924,2816
"p346","ssp245","EC-Earth3-Veg-LR","2075",0.16,0.23,0.2,99,0.4,45,51,74.68,0,0,0.1,0,17.433750081168,2817
"p346","ssp245","EC-Earth3-Veg-LR","2075",0.28,0.62,0,113,0.1,56,62,85.32,0,0,0.2,0,18.3103489305153,2818
"p346","ssp245","EC-Earth3-Veg-LR","2075",0.67,0.39,0,101,0.3,51,57,83.02,0,0,0.1,0,18.1768739874659,2819
"p346","ssp245","EC-Earth3-Veg-LR","2075",0.66,0.37,0,78,0.2,49,55,78.89,0,0,0.4,0,18.1027941266088,2820
"p346","ssp245","EC-Earth3-Veg-LR","2075",0.6,0.69,0,103,0.2,58,64,80.53,0,0,0,0.05,18.7068190747995,2821
"p346","ssp245","EC-Earth3-Veg-LR","2075",0.31,0.42,0,99,0.4,70,76,95.14,0,0,0.1,0,18.18934344957,2822
"p346","ssp245","EC-Earth3-Veg-LR","2075",0.32,0.25,0,97,0.1,44,50,76.67,0.1,0,0.1,0,17.7388000835521,2823
"p346","ssp245","EC-Earth3-Veg-LR","2075",0.3,0.24,0,103,0.2,44,50,76.55,0,0,0.1,0,18.9183298904001,2824
"p346","ssp245","EC-Earth3-Veg-LR","2075",0.39,0.43,0,98,0.1,49,55,69.45,0,0,0.5,0.1,18.1379069680373,2825
"p346","ssp245","EC-Earth3-Veg-LR","2075",0.17,0,0,110,0.1,51,57,85.3,0,0,0,0,19.3715281923337,2826
"p346","ssp245","EC-Earth3-Veg-LR","2075",0.37,0.21,0.25,77,0.1,63,69,91.35,0,0,0.4,0,19.0195706223574,2827
"p346","ssp245","EC-Earth3-Veg-LR","2075",0.4,0.35,0,95,0.3,51,57,81.15,0,0,0,0.05,18.2922490115872,2828
"p346","ssp245","EC-Earth3-Veg-LR","2075",0.47,0.59,0,82,0,47,53,76.4,0,0,0,0,18.5351340507374,2829
"p346","ssp245","EC-Earth3-Veg-LR","2075",0.29,0.11,0,95,0,45,51,75.56,0,0,0.2,0.2,18.0513527542065,2830
"p346","ssp245","EC-Earth3-Veg-LR","2075",0.4,0.35,0,91,0.25,46,52,80.65,0,0,0.1,0,16.811025868357,2831
"p346","ssp245","EC-Earth3-Veg-LR","2075",0.27,0.22,0,91,0.35,57,63,80.39,0,0,0.1,0,18.8411114323938,2832
"p346","ssp245","EC-Earth3-Veg-LR","2075",0.51,0.1,0,101,0.2,65,71,90.17,0,0,0.1,0,17.8250536233355,2833
"p346","ssp245","EC-Earth3-Veg-LR","2075",0.41,0.18,0,92,0,52,58,78.08,0,0,0,0.05,18.6172867092668,2834
"p346","ssp245","EC-Earth3-Veg-LR","2075",0.31,0.27,0,98,0.15,51,57,82.94,0,0,0.3,0,17.1763640401429,2835
"p346","ssp245","EC-Earth3-Veg-LR","2075",0.48,0.64,0,103,0.1,61,67,87.79,0,0,0,0,18.2717693910865,2836
"p346","ssp245","EC-Earth3-Veg-LR","2075",0.46,0.69,0,99,0.1,74,80,100.62,0,0,0,0,17.4940142883198,2837
"p346","ssp245","EC-Earth3-Veg-LR","2075",0.25,0.5,0,94,0,44,50,77.67,0,0,0.1,0,17.9607351346868,2838
"p346","ssp245","EC-Earth3-Veg-LR","2075",0.33,0.1,0,94,0.3,47,53,80.07,0.1,0,0.1,0.05,17.0942906204644,2839
"p346","ssp245","EC-Earth3-Veg-LR","2075",0.42,0.49,0,82,0,47,53,79.45,0,0,0.2,0,17.5662315722274,2840
"p346","ssp245","EC-Earth3-Veg-LR","2075",0.45,0.58,0,113,0.1,49,55,81.59,0,0,0,0,18.3223472268183,2841
"p346","ssp245","EC-Earth3-Veg-LR","2075",0.33,0.12,0,103,0,55,61,82.61,0,0,0.1,0,19.2210943724986,2842
"p346","ssp245","EC-Earth3-Veg-LR","2075",0.31,0.34,0,99,0.2,56,71,88.9,0,0,0,0,17.6450659522985,2843
"p346","ssp245","EC-Earth3-Veg-LR","2075",0.29,0.26,0,103,0.1,57,63,80.55,0,0,0,0,18.1485259282006,2844
"p346","ssp245","EC-Earth3-Veg-LR","2075",0.3,0.68,0.2,109,0.15,59,74,86.3,0,0,0.4,0,18.184320671314,2845
"p346","ssp245","EC-Earth3-Veg-LR","2075",0.39,0.21,0,109,0.1,50,56,76.47,0,0,0.1,0,18.7652699605649,2846
"p346","ssp245","EC-Earth3-Veg-LR","2075",0.31,0.3,0,94,0.1,60,75,90.19,0,0,0.1,0,18.0929214255971,2847
"p346","ssp245","EC-Earth3-Veg-LR","2075",0.32,0.36,0,88,0.1,51,57,80.02,0,0,0.3,0,18.1011052274029,2848
"p346","ssp245","EC-Earth3-Veg-LR","2075",0.49,0.22,0,93,0,61,67,88.57,0,0,0.3,0,18.6571819053485,2849
"p346","ssp245","EC-Earth3-Veg-LR","2075",0.23,0,0.3,85,0.1,47,53,74.03,0.1,0,0.1,0,16.5265677080506,2850
"p346","ssp245","EC-Earth3-Veg-LR","2075",0.15,0.29,0,89,0.1,45,51,74.76,0,0,0.2,0,18.1789761888236,2851
"p346","ssp245","EC-Earth3-Veg-LR","2075",0.37,0.33,0,94,0.1,48,54,80.89,0,0,0.2,0,18.0154145954354,2852
"p346","ssp245","EC-Earth3-Veg-LR","2075",0.32,0.14,0.2,99,0.4,52,58,82.67,0,0,0,0,18.1682576290174,2853
"p346","ssp245","EC-Earth3-Veg-LR","2075",0.32,0.12,0,101,0,46,52,76.43,0,0,0.3,0.1,18.1831726127693,2854
"p346","ssp245","EC-Earth3-Veg-LR","2075",0.38,0.1,0,90,0.1,54,60,79.64,0,0,0.3,0,18.2685056858961,2855
"p346","ssp245","EC-Earth3-Veg-LR","2075",0.27,0.21,0,99,0.6,45,73,76.76,0,0,0.4,0,18.5178484351575,2856
"p346","ssp245","EC-Earth3-Veg-LR","2075",0.16,0,0,108,0.2,50,56,82.94,0.1,0,0.1,0,18.1131948934393,2857
"p346","ssp245","EC-Earth3-Veg-LR","2075",0.14,0,0,85,0.2,67,73,91.54,0,0,0,0,18.8713166123657,2858
"p346","ssp245","EC-Earth3-Veg-LR","2075",0.4,0.23,0,113,0,53,59,81.34,0,0,0.1,0,18.4029365434979,2859
"p346","ssp245","EC-Earth3-Veg-LR","2075",0.19,0.19,0.2,98,0,64,70,90.54,0,0,0,0,18.5723482993443,2860
"p346","ssp245","EC-Earth3-Veg-LR","2075",0.26,0.25,0.2,85,0.1,57,63,82.34,0,0,0.3,0,17.5344525773855,2861
"p346","ssp245","EC-Earth3-Veg-LR","2075",0.26,0.1,0,74,0,45,51,74.16,0.1,0,0,0,17.6948331068859,2862
"p346","ssp245","EC-Earth3-Veg-LR","2075",0.26,0.2,0,92,0.1,59,65,85.16,0,0,0.4,0,19.2034169513512,2863
"p346","ssp245","EC-Earth3-Veg-LR","2075",0.29,0.4,0,95,0,45,51,77.61,0,0,0.4,0,18.2821701448763,2864
"p346","ssp245","EC-Earth3-Veg-LR","2075",0.22,0.24,0,73,0,49,55,84.58,0,0,0.2,0,18.1324020421822,2865
"p346","ssp245","EC-Earth3-Veg-LR","2075",0.15,0.42,0,95,0.1,73,79,96.56,0,0,0,0,19.3514832762183,2866
"p346","ssp245","EC-Earth3-Veg-LR","2075",0.3,0.22,0.2,84,0.25,47,60,80.87,0,0,0.2,0,18.6421239076786,2867
"p346","ssp245","EC-Earth3-Veg-LR","2075",0.35,0.12,0,96,0.1,55,66,85.27,0.1,0,0.1,0,18.1290862107902,2868
"p346","ssp245","EC-Earth3-Veg-LR","2075",0.31,0.33,0,100,0.1,67,73,93.47,0,0,0.2,0,18.6186631378717,2869
"p346","ssp245","EC-Earth3-Veg-LR","2075",0.34,0.62,0,109,0.1,44,51,73.43,0,0,0.1,0.05,17.5316207078065,2870
"p346","ssp245","EC-Earth3-Veg-LR","2075",0.15,0.1,0.2,91,0.2,48,54,75.06,0,0,0.2,0,18.0827210182055,2871
"p346","ssp245","EC-Earth3-Veg-LR","2075",0.25,0.14,0,91,0.1,57,63,86.11,0,0,0,0,18.1932605324332,2872
"p346","ssp245","EC-Earth3-Veg-LR","2075",0.14,0.29,0,97,0,57,79,78.61,0,0,0.1,0.05,19.118643217402,2873
"p346","ssp245","EC-Earth3-Veg-LR","2075",0.46,0.32,0,93,0.3,44,50,71.63,0,0,0.1,0,16.9062123330402,2874
"p346","ssp245","EC-Earth3-Veg-LR","2075",0.32,0.1,0,77,0.2,49,55,84.53,0,0,0.2,0,18.1768705647363,2875
"p346","ssp245","EC-Earth3-Veg-LR","2075",0.17,0.2,0,79,0.15,50,56,80.12,0,0,0,0,17.9157120809644,2876
"p346","ssp245","EC-Earth3-Veg-LR","2075",0.36,0.25,0,96,0.1,57,63,85.75,0,0,0.2,0.15,18.3393027802062,2877
"p346","ssp245","EC-Earth3-Veg-LR","2075",0.23,0.24,0,100,0.1,55,64,84.33,0,0,0.1,0,18.521793163764,2878
"p346","ssp245","EC-Earth3-Veg-LR","2075",0.15,0.3,0,84,0.2,46,52,81.5,0,0,0.4,0,18.933876119389,2879
"p346","ssp245","EC-Earth3-Veg-LR","2075",0.23,0.22,0,97,0.2,66,78,92.36,0,0,0.4,0,18.5549620114574,2880
"p346","ssp245","EC-Earth3-Veg-LR","2075",0.3,0,0,103,0,46,69,78.26,0,0,0.3,0,17.2969880064011,2881
"p346","ssp245","EC-Earth3-Veg-LR","2075",0.51,0.39,0,102,0,45,60,75.3,0,0,0.2,0,18.8728411354623,2882
"p346","ssp245","EC-Earth3-Veg-LR","2075",0.26,0.37,0,96,0.1,45,54,75.73,0,0,0.4,0,16.9084649048623,2883
"p346","ssp245","EC-Earth3-Veg-LR","2075",0.11,0.22,0,94,0.1,76,90,100.41,0,0,0.1,0,18.5819232081621,2884
"p346","ssp245","EC-Earth3-Veg-LR","2075",0.34,0.22,0,91,0.35,75,81,98.06,0,0,0,0.1,18.6237992150547,2885
"p346","ssp245","EC-Earth3-Veg-LR","2075",0.23,0.36,0.4,87,0.4,47,79,79.23,0,0,0.2,0,19.4228071783124,2886
"p346","ssp245","EC-Earth3-Veg-LR","2075",0.35,0.25,0,91,0.1,51,70,79.64,0,0,0.2,0,17.8564250418391,2887
"p346","ssp245","EC-Earth3-Veg-LR","2075",0.42,0.3,0,100,0,48,54,80.26,0,0,0.1,0,18.2163876420829,2888
"p346","ssp245","EC-Earth3-Veg-LR","2075",0.34,0,0,86,0.2,61,67,90.47,0,0,0,0,16.9344620364067,2889
"p346","ssp245","EC-Earth3-Veg-LR","2075",0.11,0.58,0,101,0.3,48,72,78.6,0,0,0.3,0,18.2957943188418,2890
"p346","ssp245","EC-Earth3-Veg-LR","2075",0.26,0.3,0,90,0.3,68,75,96.99,0,0,0.1,0,17.8620754542603,2891
"p346","ssp245","EC-Earth3-Veg-LR","2075",0.23,0.13,0,105,0,46,61,77.15,0,0,0.9,0,18.2878658314504,2892
"p346","ssp245","EC-Earth3-Veg-LR","2075",0.21,0.34,0,94,0,57,70,79.21,0.1,0,0,0.05,17.045119314907,2893
"p346","ssp245","EC-Earth3-Veg-LR","2075",0.24,0.44,0,105,0.1,55,61,88.61,0,0,0.1,0,18.7956074083093,2894
"p346","ssp245","EC-Earth3-Veg-LR","2075",0.2,0.41,0,106,0.1,48,54,77.8,0,0,0.1,0,16.6960024411981,2895
"p346","ssp245","EC-Earth3-Veg-LR","2075",0.13,0.22,0.3,93,0.1,44,50,61.34,0,0,0.1,0,17.2101608963435,2896
"p346","ssp245","EC-Earth3-Veg-LR","2075",0.42,0.29,0,92,0.1,52,58,77.61,0,0,0.3,0,17.6893228469165,2897
"p346","ssp245","EC-Earth3-Veg-LR","2075",0.36,0.44,0,94,0.1,55,61,85.79,0,0,0,0,18.3307889210262,2898
"p346","ssp245","EC-Earth3-Veg-LR","2075",0.23,0.51,0,87,0,65,71,95.2,0,0,0.1,0,18.6992078775139,2899
"p346","ssp245","EC-Earth3-Veg-LR","2075",0.29,0.3,0,90,0,57,63,86.72,0,0,0.1,0,18.1794881435192,2900
"p346","ssp245","FGOALS-g3","2075",0.4,0.16,0,78,0,45,51,74.44,0,0,0,0.1,17.8943245393245,2901
"p346","ssp245","FGOALS-g3","2075",0.28,0.33,0.25,90,0.2,45,51,73.19,0,0,0.1,0,18.0556795729659,2902
"p346","ssp245","FGOALS-g3","2075",0.47,0.11,0,90,0.1,49,66,83.11,0,0,0,0,17.8723640234701,2903
"p346","ssp245","FGOALS-g3","2075",0.23,0.1,0,84,0.1,59,66,86.71,0,0,0.1,0,18.2707725319277,2904
"p346","ssp245","FGOALS-g3","2075",0.47,0.27,0.25,81,0.2,52,58,82.82,0,0,0,0,17.8149108784881,2905
"p346","ssp245","FGOALS-g3","2075",0.18,0.23,0,102,0.2,48,54,78.84,0.2,0,0.3,0,17.6739836363031,2906
"p346","ssp245","FGOALS-g3","2075",0.42,0.11,0,78,0,47,66,78.51,0,0,0.2,0,18.4096391533459,2907
"p346","ssp245","FGOALS-g3","2075",0.37,0.21,0,77,0.2,45,51,77.63,0.1,0,0.2,0.15,18.3618051937046,2908
"p346","ssp245","FGOALS-g3","2075",0.33,0,0,89,0.1,47,64,82.98,0,0,0,0,19.1345043792205,2909
"p346","ssp245","FGOALS-g3","2075",0.19,0.11,0.25,81,0.1,46,70,81.79,0.2,0,0,0,17.4129479541458,2910
"p346","ssp245","FGOALS-g3","2075",0.34,0.11,0,67,0.2,54,75,77.6,0,0,0,0.05,19.2854539789611,2911
"p346","ssp245","FGOALS-g3","2075",0.29,0,0,102,0.2,59,65,89.71,0,0,0.1,0,17.736255476271,2912
"p346","ssp245","FGOALS-g3","2075",0.42,0.1,0,80,0,53,59,71.87,0,0,0.2,0,17.4274208840729,2913
"p346","ssp245","FGOALS-g3","2075",0.41,0.31,0.2,76,0.2,50,56,79.14,0,0,0.1,0.1,17.0094790380698,2914
"p346","ssp245","FGOALS-g3","2075",0.35,0.23,0,87,0.1,59,65,86.11,0,0,0,0,18.0793760660724,2915
"p346","ssp245","FGOALS-g3","2075",0.36,0.26,0,108,0,46,52,72.83,0,0,0.1,0.1,18.1984010211357,2916
"p346","ssp245","FGOALS-g3","2075",0.16,0.32,0.2,93,0.4,49,67,78.44,0,0,0.1,0,18.1968766412575,2917
"p346","ssp245","FGOALS-g3","2075",0.28,0.53,0,108,0.1,56,62,85.09,0,0,0,0,18.2311838900588,2918
"p346","ssp245","FGOALS-g3","2075",0.64,0.38,0,94,0.3,52,58,81.98,0,0,0,0,18.1504912769399,2919
"p346","ssp245","FGOALS-g3","2075",0.66,0.22,0,68,0.1,50,76,80.78,0,0,0.2,0,19.3302468718296,2920
"p346","ssp245","FGOALS-g3","2075",0.6,0.49,0,98,0.1,59,65,78.2,0,0,0,0.05,18.9017362757858,2921
"p346","ssp245","FGOALS-g3","2075",0.31,0.28,0,90,0.4,71,77,100.06,0,0,0.1,0,18.5489244573475,2922
"p346","ssp245","FGOALS-g3","2075",0.32,0.13,0,86,0.1,44,50,75.74,0.1,0,0.1,0,17.6800687884881,2923
"p346","ssp245","FGOALS-g3","2075",0.25,0.12,0,97,0.2,45,51,77.76,0,0,0.1,0,18.9028955265173,2924
"p346","ssp245","FGOALS-g3","2075",0.39,0.42,0,90,0.1,52,58,69.28,0,0,0.4,0.1,18.2616508926209,2925
"p346","ssp245","FGOALS-g3","2075",0.17,0,0,98,0.1,51,57,84.84,0,0,0,0,19.4456904464731,2926
"p346","ssp245","FGOALS-g3","2075",0.37,0.11,0.25,65,0.1,65,71,92.45,0,0,0.3,0,19.0864782307594,2927
"p346","ssp245","FGOALS-g3","2075",0.4,0.23,0,87,0.3,52,58,82.97,0,0,0,0.05,18.3384788953724,2928
"p346","ssp245","FGOALS-g3","2075",0.47,0.58,0,70,0,47,53,77.15,0,0,0,0,18.6685221603493,2929
"p346","ssp245","FGOALS-g3","2075",0.29,0,0,88,0,45,51,76.62,0,0,0.2,0.2,18.0767402537171,2930
"p346","ssp245","FGOALS-g3","2075",0.41,0.1,0,83,0.2,47,53,80.27,0.1,0,0.1,0,16.8220297132881,2931
"p346","ssp245","FGOALS-g3","2075",0.27,0.1,0,85,0.3,58,64,83.49,0,0,0,0,18.9167116386014,2932
"p346","ssp245","FGOALS-g3","2075",0.51,0,0,92,0.2,69,76,92.35,0,0,0.1,0,18.1592561279278,2933
"p346","ssp245","FGOALS-g3","2075",0.48,0.18,0,85,0,52,58,79.14,0,0,0,0.05,18.6654361508753,2934
"p346","ssp245","FGOALS-g3","2075",0.31,0,0,90,0.15,52,58,80.64,0,0,0.3,0,17.3013613031488,2935
"p346","ssp245","FGOALS-g3","2075",0.48,0.32,0,95,0.1,63,69,88.84,0,0,0,0,18.4778820345601,2936
"p346","ssp245","FGOALS-g3","2075",0.46,0.44,0,96,0.1,76,82,101.47,0,0,0,0,17.8162945041921,2937
"p346","ssp245","FGOALS-g3","2075",0.25,0.32,0,93,0,44,50,78.69,0,0,0,0,17.935572704876,2938
"p346","ssp245","FGOALS-g3","2075",0.33,0,0,88,0.3,51,58,82.91,0.1,0,0.1,0.05,17.2113277767665,2939
"p346","ssp245","FGOALS-g3","2075",0.42,0.5,0,77,0,47,53,81.23,0,0,0.2,0,17.6867957169734,2940
"p346","ssp245","FGOALS-g3","2075",0.4,0.6,0,110,0.1,51,57,81.96,0,0,0,0,18.4036372066659,2941
"p346","ssp245","FGOALS-g3","2075",0.38,0.1,0,98,0,55,61,84.14,0,0,0.1,0,19.186699391931,2942
"p346","ssp245","FGOALS-g3","2075",0.31,0.21,0,93,0.2,57,85,90.47,0,0,0,0,18.5875856656804,2943
"p346","ssp245","FGOALS-g3","2075",0.29,0.25,0,99,0.1,58,66,81.01,0,0,0,0.05,18.3785417944905,2944
"p346","ssp245","FGOALS-g3","2075",0.3,0.57,0.2,107,0.15,74,80,96.13,0,0,0.2,0,18.2067334515102,2945
"p346","ssp245","FGOALS-g3","2075",0.39,0.11,0,108,0.1,54,60,80.46,0,0,0.1,0,18.9902365649081,2946
"p346","ssp245","FGOALS-g3","2075",0.31,0.3,0,89,0.1,62,101,93.01,0,0,0,0,19.8006824183968,2947
"p346","ssp245","FGOALS-g3","2075",0.32,0.36,0,82,0,52,58,81.66,0,0,0.2,0,18.0483867505339,2948
"p346","ssp245","FGOALS-g3","2075",0.46,0.16,0,80,0,62,68,89.54,0,0,0.3,0,18.8254219120978,2949
"p346","ssp245","FGOALS-g3","2075",0.23,0,0,63,0.1,48,89,70.5,0.1,0,0,0,18.0246009626882,2950
"p346","ssp245","FGOALS-g3","2075",0.15,0.31,0,86,0.1,50,56,76.51,0,0,0.2,0,18.3680286089317,2951
"p346","ssp245","FGOALS-g3","2075",0.37,0.22,0,79,0,48,54,79.25,0,0,0.2,0,18.1629124877554,2952
"p346","ssp245","FGOALS-g3","2075",0.32,0.13,0,95,0.4,56,62,85.28,0,0,0,0,18.2042189368628,2953
"p346","ssp245","FGOALS-g3","2075",0.32,0.12,0,89,0,54,60,83.25,0,0,0.3,0.1,18.3769396925496,2954
"p346","ssp245","FGOALS-g3","2075",0.38,0.1,0,78,0.1,56,62,80.89,0,0,0.3,0,18.3967172366005,2955
"p346","ssp245","FGOALS-g3","2075",0.27,0.21,0,97,0.6,74,80,93.98,0,0,0.2,0,18.9619392977111,2956
"p346","ssp245","FGOALS-g3","2075",0.16,0,0,105,0.2,53,62,86.49,0.2,0,0,0,18.3546626246142,2957
"p346","ssp245","FGOALS-g3","2075",0.14,0,0,76,0.2,73,80,96.62,0,0,0,0,19.3630372627338,2958
"p346","ssp245","FGOALS-g3","2075",0.4,0.12,0,104,0,58,64,85.61,0,0,0,0,18.5985243409756,2959
"p346","ssp245","FGOALS-g3","2075",0.19,0.19,0.2,88,0,65,76,89.43,0,0,0,0,18.7777064916055,2960
"p346","ssp245","FGOALS-g3","2075",0.19,0.15,0.2,76,0.1,58,68,83.47,0,0,0.3,0,17.6640089545549,2961
"p346","ssp245","FGOALS-g3","2075",0.26,0.1,0,67,0,45,51,75.74,0.1,0,0,0,17.455825332652,2962
"p346","ssp245","FGOALS-g3","2075",0.26,0.1,0,78,0.1,60,66,87.67,0,0,0.4,0.05,19.1394392732432,2963
"p346","ssp245","FGOALS-g3","2075",0.29,0.28,0,84,0,45,51,78.01,0,0,0.3,0,18.146140436441,2964
"p346","ssp245","FGOALS-g3","2075",0.22,0.22,0,65,0,50,56,85.88,0,0,0.2,0,18.1832077787053,2965
"p346","ssp245","FGOALS-g3","2075",0.15,0.39,0,93,0.1,74,80,96.26,0,0,0,0,19.3512421696796,2966
"p346","ssp245","FGOALS-g3","2075",0.3,0.21,0,78,0.25,62,68,89.97,0,0,0.1,0,18.9256719866261,2967
"p346","ssp245","FGOALS-g3","2075",0.29,0.12,0,91,0.1,73,79,99.09,0.1,0,0.1,0,18.6895760051129,2968
"p346","ssp245","FGOALS-g3","2075",0.31,0.33,0,94,0.1,68,74,94.69,0,0,0.1,0,18.7791397711948,2969
"p346","ssp245","FGOALS-g3","2075",0.34,0.52,0,107,0.1,45,54,74.9,0,0,0.1,0.05,17.6577208692838,2970
"p346","ssp245","FGOALS-g3","2075",0.15,0,0.2,88,0.2,49,55,78.38,0,0,0.2,0,18.0820335196253,2971
"p346","ssp245","FGOALS-g3","2075",0.25,0.11,0,84,0.1,58,64,85.1,0,0,0,0,18.3749812523433,2972
"p346","ssp245","FGOALS-g3","2075",0.14,0.29,0,86,0,76,82,89.1,0,0,0.1,0.05,19.4220536686616,2973
"p346","ssp245","FGOALS-g3","2075",0.46,0.11,0,88,0.3,44,50,69.98,0.1,0,0.1,0,16.763057250712,2974
"p346","ssp245","FGOALS-g3","2075",0.32,0.1,0,67,0.1,50,56,84.17,0,0,0.1,0,18.3392914856663,2975
"p346","ssp245","FGOALS-g3","2075",0.17,0,0,70,0.15,51,57,81.99,0,0,0,0,17.9327872362631,2976
"p346","ssp245","FGOALS-g3","2075",0.36,0.12,0,86,0.1,59,65,87.06,0,0,0.2,0.2,18.4749570421427,2977
"p346","ssp245","FGOALS-g3","2075",0.23,0.12,0,93,0.1,65,71,92.69,0,0,0.1,0,18.7545123020277,2978
"p346","ssp245","FGOALS-g3","2075",0.15,0.1,0,81,0.2,47,53,80.21,0,0,0.2,0,18.92552999046,2979
"p346","ssp245","FGOALS-g3","2075",0.23,0.11,0,88,0.1,83,89,107.14,0,0,0,0,19.162333967716,2980
"p346","ssp245","FGOALS-g3","2075",0.3,0,0,100,0,47,73,81.52,0,0,0.1,0,17.4788488559583,2981
"p346","ssp245","FGOALS-g3","2075",0.51,0.19,0,94,0,45,64,75.3,0,0,0.2,0,19.0921721753552,2982
"p346","ssp245","FGOALS-g3","2075",0.26,0,0,87,0.1,46,66,77.23,0,0,0.4,0,17.4724595535276,2983
"p346","ssp245","FGOALS-g3","2075",0.11,0.21,0.2,85,0.1,77,92,98.45,0,0,0,0,18.995217521024,2984
"p346","ssp245","FGOALS-g3","2075",0.34,0.21,0,81,0.45,75,81,100.38,0,0,0,0.1,18.7627769273532,2985
"p346","ssp245","FGOALS-g3","2075",0.24,0.36,0.2,75,0.4,48,83,81.53,0,0,0.2,0,19.8376844563329,2986
"p346","ssp245","FGOALS-g3","2075",0.36,0.12,0,81,0.1,70,76,93.33,0,0,0.2,0,18.1091937570057,2987
"p346","ssp245","FGOALS-g3","2075",0.42,0.1,0,94,0,50,56,82.5,0,0,0.1,0,18.2022329602637,2988
"p346","ssp245","FGOALS-g3","2075",0.33,0,0,79,0.2,62,68,90.35,0,0,0,0,17.1057917970468,2989
"p346","ssp245","FGOALS-g3","2075",0.11,0.38,0,99,0.3,48,79,79.44,0,0,0.2,0,18.8573581573739,2990
"p346","ssp245","FGOALS-g3","2075",0.24,0.29,0,81,0.3,72,78,100.67,0,0,0.1,0,18.410201995828,2991
"p346","ssp245","FGOALS-g3","2075",0.23,0.12,0,100,0,61,67,86.36,0,0,0.7,0,18.6669176204457,2992
"p346","ssp245","FGOALS-g3","2075",0.21,0.12,0,89,0,58,72,83.12,0.1,0,0,0.05,17.361491539635,2993
"p346","ssp245","FGOALS-g3","2075",0.24,0.43,0,96,0.1,60,66,92.84,0,0,0.1,0,19.0203723480438,2994
"p346","ssp245","FGOALS-g3","2075",0.2,0.43,0,101,0.1,49,55,77.42,0,0,0.1,0,16.7373324966505,2995
"p346","ssp245","FGOALS-g3","2075",0.13,0.21,0.3,83,0.2,44,63,63.48,0,0,0.1,0,17.7042376844199,2996
"p346","ssp245","FGOALS-g3","2075",0.42,0.18,0,87,0.1,54,60,79.74,0,0,0.2,0,17.8076186848207,2997
"p346","ssp245","FGOALS-g3","2075",0.36,0.25,0,89,0.1,58,66,86.75,0,0,0,0,18.6104009487565,2998
"p346","ssp245","FGOALS-g3","2075",0.23,0.48,0,85,0.1,72,78,100.76,0,0,0.1,0,18.8708787159339,2999
"p346","ssp245","FGOALS-g3","2075",0.29,0.2,0,85,0,61,71,90.49,0,0,0.1,0,18.5103628015899,3000
"p346","ssp245","FIO-ESM-2-0","2075",0.4,0.22,0,90,0,45,51,75.32,0,0,0,0.2,18.0192464333672,3001
"p346","ssp245","FIO-ESM-2-0","2075",0.28,0.33,0.25,92,0.2,46,52,71.91,0,0,0.1,0.05,18.0919093045273,3002
"p346","ssp245","FIO-ESM-2-0","2075",0.47,0.27,0,94,0.1,77,83,105.05,0,0,0,0,18.4929230050712,3003
"p346","ssp245","FIO-ESM-2-0","2075",0.23,0.15,0,94,0.1,60,82,89.1,0,0,0,0,18.8270101771171,3004
"p346","ssp245","FIO-ESM-2-0","2075",0.52,0.28,0.25,94,0.3,52,58,81.31,0,0,0,0,17.812163759973,3005
"p346","ssp245","FIO-ESM-2-0","2075",0.18,0.53,0,109,0.2,50,56,80.98,0.2,0,0.2,0.2,17.928932415431,3006
"p346","ssp245","FIO-ESM-2-0","2075",0.42,0.23,0,91,0,47,71,77.77,0,0,0,0,18.6366663525655,3007
"p346","ssp245","FIO-ESM-2-0","2075",0.37,0.34,0,88,0.1,46,52,79.11,0.1,0,0,0.25,18.2864656757616,3008
"p346","ssp245","FIO-ESM-2-0","2075",0.39,0.17,0,98,0.2,48,68,84.34,0,0,0,0.1,19.1479143479656,3009
"p346","ssp245","FIO-ESM-2-0","2075",0.19,0,0,94,0.1,47,98,82.18,0,0,0,0,19.5261405152598,3010
"p346","ssp245","FIO-ESM-2-0","2075",0.34,0.24,0,79,0.2,54,76,76.76,0,0,0,0.15,19.5278662473688,3011
"p346","ssp245","FIO-ESM-2-0","2075",0.3,0.35,0,104,0.1,60,66,89.65,0,0,0.1,0.05,17.8156027415686,3012
"p346","ssp245","FIO-ESM-2-0","2075",0.42,0.1,0.25,95,0,54,60,73.46,0,0,0.1,0,17.6170201845346,3013
"p346","ssp245","FIO-ESM-2-0","2075",0.41,0.61,0,80,0.1,51,58,81.84,0,0,0,0.2,17.1431748231677,3014
"p346","ssp245","FIO-ESM-2-0","2075",0.35,0.36,0,92,0.1,62,69,88,0,0,0,0.05,18.1874904807366,3015
"p346","ssp245","FIO-ESM-2-0","2075",0.36,0.56,0,115,0.1,46,52,73.36,0,0,0,0.2,18.2473012659858,3016
"p346","ssp245","FIO-ESM-2-0","2075",0.16,0.4,0.2,96,0.4,51,69,79.99,0,0,0.1,0.05,18.2201592594502,3017
"p346","ssp245","FIO-ESM-2-0","2075",0.28,0.58,0,110,0.1,57,63,85.49,0,0,0,0,18.5184679434621,3018
"p346","ssp245","FIO-ESM-2-0","2075",0.67,0.53,0,99,0.3,54,60,85.01,0.1,0,0,0,18.280612867225,3019
"p346","ssp245","FIO-ESM-2-0","2075",0.67,0.4,0,80,0.2,50,76,78.22,0,0,0.1,0,19.2599775898048,3020
"p346","ssp245","FIO-ESM-2-0","2075",0.6,0.45,0,104,0.1,59,65,80.65,0,0,0,0.2,18.9418065256708,3021
"p346","ssp245","FIO-ESM-2-0","2075",0.4,0.35,0,96,0.5,71,77,98.09,0,0,0.1,0.1,18.5203527187454,3022
"p346","ssp245","FIO-ESM-2-0","2075",0.38,0.56,0,97,0.15,44,50,77.03,0.1,0,0,0.05,17.7602525816631,3023
"p346","ssp245","FIO-ESM-2-0","2075",0.31,0.39,0,103,0.2,45,51,77.89,0,0,0.1,0,18.8349379560892,3024
"p346","ssp245","FIO-ESM-2-0","2075",0.44,0.53,0,99,0.1,53,62,70.62,0,0,0.1,0.2,18.2117052490572,3025
"p346","ssp245","FIO-ESM-2-0","2075",0.22,0.24,0,109,0,52,58,86.42,0,0,0,0.1,19.5277401597862,3026
"p346","ssp245","FIO-ESM-2-0","2075",0.38,0.44,0,75,0,65,71,89.59,0,0,0.2,0.05,19.0453303777669,3027
"p346","ssp245","FIO-ESM-2-0","2075",0.4,0.47,0,90,0.3,53,60,83.76,0,0,0,0.15,18.255701513447,3028
"p346","ssp245","FIO-ESM-2-0","2075",0.54,0.62,0,77,0,48,54,76.6,0,0,0,0.05,18.8290953588417,3029
"p346","ssp245","FIO-ESM-2-0","2075",0.35,0.35,0,102,0,45,51,75.72,0,0,0.1,0.3,17.9411836743123,3030
"p346","ssp245","FIO-ESM-2-0","2075",0.41,0.35,0,90,0.25,47,55,80.89,0.1,0,0,0,17.2206099287706,3031
"p346","ssp245","FIO-ESM-2-0","2075",0.27,0.38,0,92,0.35,58,64,82.3,0,0,0,0,19.2235664338107,3032
"p346","ssp245","FIO-ESM-2-0","2075",0.51,0.37,0,100,0.2,69,78,92.23,0,0,0.1,0,18.7622508333158,3033
"p346","ssp245","FIO-ESM-2-0","2075",0.41,0.28,0,93,0,52,58,77.36,0,0,0,0.2,18.7678410868369,3034
"p346","ssp245","FIO-ESM-2-0","2075",0.31,0.27,0,100,0.15,52,58,82.6,0.2,0,0.1,0,17.0476812085634,3035
"p346","ssp245","FIO-ESM-2-0","2075",0.54,0.54,0,96,0.1,63,69,87.33,0,0,0,0,18.3899974651791,3036
"p346","ssp245","FIO-ESM-2-0","2075",0.46,0.8,0,99,0.1,76,82,100.76,0,0,0,0.15,17.8561859476788,3037
"p346","ssp245","FIO-ESM-2-0","2075",0.32,0.6,0,97,0,44,50,78.49,0,0,0.1,0,18.1782186134079,3038
"p346","ssp245","FIO-ESM-2-0","2075",0.33,0.1,0,96,0.1,51,59,84.52,0.1,0,0.1,0.4,17.3261074742442,3039
"p346","ssp245","FIO-ESM-2-0","2075",0.43,0.52,0,80,0.1,48,54,80.22,0,0,0,0.05,17.6909016228195,3040
"p346","ssp245","FIO-ESM-2-0","2075",0.51,0.59,0,112,0.1,51,57,83.73,0,0,0,0,18.1914628951796,3041
"p346","ssp245","FIO-ESM-2-0","2075",0.38,0.25,0,101,0.1,56,62,84.1,0,0,0,0.05,19.2007539680064,3042
"p346","ssp245","FIO-ESM-2-0","2075",0.31,0.41,0,96,0.2,57,91,89.08,0,0,0,0.05,19.0222328472778,3043
"p346","ssp245","FIO-ESM-2-0","2075",0.29,0.43,0,103,0.1,59,73,81.6,0,0,0,0.05,18.5789432420551,3044
"p346","ssp245","FIO-ESM-2-0","2075",0.3,0.72,0,108,0.15,75,81,96.76,0,0,0.1,0.05,18.466973956113,3045
"p346","ssp245","FIO-ESM-2-0","2075",0.39,0.52,0,109,0.1,56,62,81.75,0,0,0,0.1,18.7512826155797,3046
"p346","ssp245","FIO-ESM-2-0","2075",0.31,0.34,0,95,0.1,103,109,119.4,0,0,0,0.1,20.0729301095404,3047
"p346","ssp245","FIO-ESM-2-0","2075",0.33,0.38,0,83,0.1,53,60,83.16,0,0,0.1,0.05,18.0690686946833,3048
"p346","ssp245","FIO-ESM-2-0","2075",0.55,0.32,0,90,0,62,68,88.85,0,0,0.2,0,18.8637715018198,3049
"p346","ssp245","FIO-ESM-2-0","2075",0.23,0.13,0.3,83,0.1,49,91,74.28,0.1,0,0,0,18.0687662928095,3050
"p346","ssp245","FIO-ESM-2-0","2075",0.22,0.32,0,91,0.1,53,59,82.09,0,0,0,0.2,18.2254583698772,3051
"p346","ssp245","FIO-ESM-2-0","2075",0.37,0.34,0,95,0.1,48,54,79.12,0,0,0,0,18.3632133419362,3052
"p346","ssp245","FIO-ESM-2-0","2075",0.32,0.18,0.2,101,0.4,56,62,85.67,0,0,0,0.05,18.3743406470699,3053
"p346","ssp245","FIO-ESM-2-0","2075",0.35,0.32,0,96,0,55,61,84.16,0,0,0.2,0.1,18.5445881461316,3054
"p346","ssp245","FIO-ESM-2-0","2075",0.44,0.2,0,88,0.1,56,63,81.21,0,0,0.1,0.1,18.6134047136658,3055
"p346","ssp245","FIO-ESM-2-0","2075",0.27,0.31,0,101,0.6,75,81,94.43,0,0,0.1,0,19.2792623054392,3056
"p346","ssp245","FIO-ESM-2-0","2075",0.16,0.11,0,107,0.1,55,64,86.87,0.2,0,0,0.05,18.4133472153155,3057
"p346","ssp245","FIO-ESM-2-0","2075",0.14,0.13,0.2,88,0.2,79,85,98.98,0,0,0,0,19.635297797287,3058
"p346","ssp245","FIO-ESM-2-0","2075",0.4,0.44,0,113,0,62,68,89.08,0,0,0,0,18.6568452379514,3059
"p346","ssp245","FIO-ESM-2-0","2075",0.19,0.3,0.2,95,0,65,77,91.16,0,0,0,0.05,18.8761837086499,3060
"p346","ssp245","FIO-ESM-2-0","2075",0.36,0.35,0,85,0.1,58,74,81.61,0,0,0.2,0,17.9674664961549,3061
"p346","ssp245","FIO-ESM-2-0","2075",0.26,0.21,0,74,0,46,52,74.02,0.1,0,0,0,17.5829710568534,3062
"p346","ssp245","FIO-ESM-2-0","2075",0.26,0.22,0,95,0.1,60,66,86.6,0,0,0.2,0.3,19.0373064192108,3063
"p346","ssp245","FIO-ESM-2-0","2075",0.29,0.47,0,95,0,45,51,76.8,0,0,0.2,0,18.141666294576,3064
"p346","ssp245","FIO-ESM-2-0","2075",0.22,0.26,0,72,0,51,63,87.39,0,0,0.1,0,18.6188387428851,3065
"p346","ssp245","FIO-ESM-2-0","2075",0.15,0.47,0,94,0.1,74,80,95.73,0,0,0,0,19.4751092016023,3066
"p346","ssp245","FIO-ESM-2-0","2075",0.31,0.22,0,87,0.2,63,69,91.72,0,0,0.1,0,19.0839798854612,3067
"p346","ssp245","FIO-ESM-2-0","2075",0.35,0.25,0,95,0.1,74,80,99.44,0.1,0,0,0,18.9330546042842,3068
"p346","ssp245","FIO-ESM-2-0","2075",0.31,0.54,0,97,0.1,68,74,94.28,0,0,0,0.05,18.9071506555033,3069
"p346","ssp245","FIO-ESM-2-0","2075",0.4,0.51,0,105,0.1,45,54,75.65,0,0,0,0.05,17.5205263195084,3070
"p346","ssp245","FIO-ESM-2-0","2075",0.15,0.33,0.2,92,0.2,49,55,76.43,0,0,0.2,0,18.0839152626549,3071
"p346","ssp245","FIO-ESM-2-0","2075",0.25,0.24,0,97,0.1,59,65,87.6,0,0,0,0,18.4374636751678,3072
"p346","ssp245","FIO-ESM-2-0","2075",0.14,0.3,0,95,0,77,83,90.74,0,0,0,0.05,19.4741262592913,3073
"p346","ssp245","FIO-ESM-2-0","2075",0.46,0.22,0,105,0.1,44,50,71.65,0.1,0,0.1,0,17.0521892329275,3074
"p346","ssp245","FIO-ESM-2-0","2075",0.32,0.22,0,75,0.2,50,56,83.82,0,0,0.1,0.05,18.2362564904506,3075
"p346","ssp245","FIO-ESM-2-0","2075",0.22,0.23,0,83,0.15,51,57,79.62,0.1,0,0,0.1,17.6267930125477,3076
"p346","ssp245","FIO-ESM-2-0","2075",0.36,0.26,0,95,0.2,60,66,86.5,0,0,0.1,0.3,18.3695324684505,3077
"p346","ssp245","FIO-ESM-2-0","2075",0.23,0.25,0,100,0.1,67,73,93.09,0,0,0,0,18.9796149335171,3078
"p346","ssp245","FIO-ESM-2-0","2075",0.15,0.32,0,90,0.2,48,54,81.19,0,0,0.1,0,19.0081938468393,3079
"p346","ssp245","FIO-ESM-2-0","2075",0.23,0.34,0,98,0.1,83,89,105.32,0,0,0,0.05,19.3730490003456,3080
"p346","ssp245","FIO-ESM-2-0","2075",0.3,0.12,0,102,0,71,77,96.51,0,0,0,0,17.6455664770229,3081
"p346","ssp245","FIO-ESM-2-0","2075",0.52,0.39,0,102,0,46,71,77.04,0,0,0.1,0,19.2016465940461,3082
"p346","ssp245","FIO-ESM-2-0","2075",0.29,0.21,0,100,0.1,46,68,76.04,0,0,0,0,17.5974353649457,3083
"p346","ssp245","FIO-ESM-2-0","2075",0.11,0.13,0,86,0.1,77,92,98.18,0,0,0,0,19.1699199923833,3084
"p346","ssp245","FIO-ESM-2-0","2075",0.34,0.33,0,94,0.3,76,82,100.34,0,0,0,0.2,18.8200182709935,3085
"p346","ssp245","FIO-ESM-2-0","2075",0.24,0.37,0.2,88,0.3,48,83,79.54,0,0,0.1,0,19.6637631047124,3086
"p346","ssp245","FIO-ESM-2-0","2075",0.42,0.41,0,88,0.1,70,76,92.83,0,0,0,0,18.2708474548939,3087
"p346","ssp245","FIO-ESM-2-0","2075",0.42,0.3,0,107,0,50,57,81.73,0,0,0,0,18.0956803439415,3088
"p346","ssp245","FIO-ESM-2-0","2075",0.34,0,0,89,0.2,62,69,89.57,0,0,0,0,17.8186252473719,3089
"p346","ssp245","FIO-ESM-2-0","2075",0.11,0.59,0,102,0.2,49,83,79.95,0,0,0.2,0,19.0907891318662,3090
"p346","ssp245","FIO-ESM-2-0","2075",0.28,0.31,0,92,0.3,73,79,99.32,0,0,0,0,18.574287327073,3091
"p346","ssp245","FIO-ESM-2-0","2075",0.23,0.24,0,104,0,63,71,89.32,0,0,0.1,0,18.7196463519352,3092
"p346","ssp245","FIO-ESM-2-0","2075",0.26,0.45,0,96,0,58,73,82.85,0.1,0,0,0.2,17.3725360401938,3093
"p346","ssp245","FIO-ESM-2-0","2075",0.24,0.42,0,103,0.1,61,71,92.5,0,0,0,0,19.0906584725111,3094
"p346","ssp245","FIO-ESM-2-0","2075",0.2,0.44,0,106,0.2,49,55,78.31,0.2,0,0.1,0.05,16.7923852386325,3095
"p346","ssp245","FIO-ESM-2-0","2075",0.13,0.27,0.3,92,0.1,44,63,64.35,0,0,0,0,17.7139637806773,3096
"p346","ssp245","FIO-ESM-2-0","2075",0.51,0.48,0,90,0.1,55,63,80.05,0,0,0.1,0,17.9988124927086,3097
"p346","ssp245","FIO-ESM-2-0","2075",0.37,0.54,0,93,0.1,58,67,88.71,0,0,0,0.1,18.8283334257348,3098
"p346","ssp245","FIO-ESM-2-0","2075",0.23,0.52,0,89,0,74,80,101.55,0,0,0,0,19.4339689471359,3099
"p346","ssp245","FIO-ESM-2-0","2075",0.29,0.22,0,87,0,73,79,98.96,0,0,0,0,18.7793357776637,3100
"p346","ssp245","GFDL-ESM4","2075",0.4,0.22,0,83,0,45,51,74.39,0,0,0,0.15,18.0135375610816,3101
"p346","ssp245","GFDL-ESM4","2075",0.28,0.31,0.25,91,0.1,45,51,71.74,0,0,0.1,0.05,18.1362048335525,3102
"p346","ssp245","GFDL-ESM4","2075",0.46,0.22,0,91,0.1,49,77,82.67,0,0,0,0,18.1890554196043,3103
"p346","ssp245","GFDL-ESM4","2075",0.23,0.12,0,88,0.2,59,80,88.08,0,0,0.1,0,18.8233517618957,3104
"p346","ssp245","GFDL-ESM4","2075",0.47,0.28,0.25,87,0.3,52,58,80.73,0,0,0,0,17.6454950399572,3105
"p346","ssp245","GFDL-ESM4","2075",0.18,0.36,0,105,0.2,48,54,76.64,0.2,0,0.3,0.15,17.8157549714721,3106
"p346","ssp245","GFDL-ESM4","2075",0.42,0.12,0,82,0,47,67,76.36,0,0,0.3,0,18.4419974309252,3107
"p346","ssp245","GFDL-ESM4","2075",0.37,0.32,0,83,0.2,45,51,78.5,0.1,0,0.1,0.2,18.2437407824429,3108
"p346","ssp245","GFDL-ESM4","2075",0.39,0.14,0,93,0.3,47,65,82.49,0,0,0,0,19.0977727644477,3109
"p346","ssp245","GFDL-ESM4","2075",0.12,0.11,0.25,91,0.1,46,96,80.96,0,0,0,0,19.3293464616605,3110
"p346","ssp245","GFDL-ESM4","2075",0.34,0.35,0,73,0.1,54,75,76.07,0,0,0.1,0.05,19.3715995854943,3111
"p346","ssp245","GFDL-ESM4","2075",0.29,0.1,0,103,0.1,59,65,88.97,0,0,0.1,0,17.6955231490849,3112
"p346","ssp245","GFDL-ESM4","2075",0.42,0.1,0.25,86,0,53,59,71.28,0,0,0.1,0,17.483198329195,3113
"p346","ssp245","GFDL-ESM4","2075",0.34,0.44,0,78,0.3,50,56,80.19,0,0,0.1,0.2,17.0257933751363,3114
"p346","ssp245","GFDL-ESM4","2075",0.35,0.35,0,87,0.1,59,65,86.01,0,0,0,0,17.9551973496254,3115
"p346","ssp245","GFDL-ESM4","2075",0.36,0.38,0,112,0.1,46,52,71.87,0,0,0,0.1,18.181386222746,3116
"p346","ssp245","GFDL-ESM4","2075",0.16,0.23,0.2,91,0.2,46,52,74.84,0.1,0,0.1,0,17.311626540727,3117
"p346","ssp245","GFDL-ESM4","2075",0.33,0.5,0,108,0.1,56,62,84.53,0,0,0.1,0,18.3190944602003,3118
"p346","ssp245","GFDL-ESM4","2075",0.67,0.39,0,95,0.1,52,58,81.38,0,0,0.1,0,18.1765074570808,3119
"p346","ssp245","GFDL-ESM4","2075",0.63,0.26,0,75,0.3,50,76,79.89,0,0,0.3,0,19.1339293037279,3120
"p346","ssp245","GFDL-ESM4","2075",0.6,0.48,0,98,0.2,59,65,77.06,0,0,0,0.1,18.9479321722768,3121
"p346","ssp245","GFDL-ESM4","2075",0.31,0.4,0,94,0.3,71,77,97.55,0,0,0.1,0,18.4984723233004,3122
"p346","ssp245","GFDL-ESM4","2075",0.32,0.23,0,88,0.15,44,50,76.36,0.1,0,0.1,0.05,17.7114150955931,3123
"p346","ssp245","GFDL-ESM4","2075",0.3,0.25,0,98,0.1,45,51,77.47,0,0,0.1,0,18.7703378233466,3124
"p346","ssp245","GFDL-ESM4","2075",0.39,0.44,0,92,0.1,52,58,65.54,0,0,0.4,0.1,18.1907782365793,3125
"p346","ssp245","GFDL-ESM4","2075",0.17,0.1,0,103,0.2,51,57,83.88,0,0,0,0,19.3450590492372,3126
"p346","ssp245","GFDL-ESM4","2075",0.31,0.31,0,70,0.1,65,71,90.96,0,0,0.3,0.05,18.7917401445903,3127
"p346","ssp245","GFDL-ESM4","2075",0.32,0.46,0,87,0.3,52,58,81.23,0,0,0,0.05,18.1770653261502,3128
"p346","ssp245","GFDL-ESM4","2075",0.47,0.59,0,72,0,47,53,75.72,0,0,0,0.05,18.6549376378358,3129
"p346","ssp245","GFDL-ESM4","2075",0.29,0.11,0,93,0,45,51,75.44,0,0,0.2,0.3,17.884194085009,3130
"p346","ssp245","GFDL-ESM4","2075",0.4,0.35,0,87,0.25,47,53,79.77,0.1,0,0,0,16.9073225229067,3131
"p346","ssp245","GFDL-ESM4","2075",0.27,0.21,0,88,0.25,58,64,82.02,0,0,0,0,18.9850979231799,3132
"p346","ssp245","GFDL-ESM4","2075",0.51,0.1,0,92,0.2,69,78,90.96,0,0,0.1,0,18.5984166765729,3133
"p346","ssp245","GFDL-ESM4","2075",0.41,0.18,0,86,0,52,58,77.12,0,0,0,0.1,18.6411215810772,3134
"p346","ssp245","GFDL-ESM4","2075",0.31,0.27,0,96,0.15,52,58,80.22,0,0,0.2,0,17.1107535307152,3135
"p346","ssp245","GFDL-ESM4","2075",0.48,0.54,0,94,0.1,63,69,87.15,0,0,0,0,18.3496093448174,3136
"p346","ssp245","GFDL-ESM4","2075",0.46,0.66,0,98,0.2,76,82,101.47,0,0,0,0.05,17.9356704726563,3137
"p346","ssp245","GFDL-ESM4","2075",0.32,0.45,0,96,0,44,50,77.97,0,0,0,0,17.982667454973,3138
"p346","ssp245","GFDL-ESM4","2075",0.34,0.1,0,89,0.3,51,58,82.06,0.1,0,0.1,0.2,17.210026225333,3139
"p346","ssp245","GFDL-ESM4","2075",0.42,0.49,0,77,0.1,47,53,80.39,0,0,0.1,0,17.5831941970943,3140
"p346","ssp245","GFDL-ESM4","2075",0.45,0.59,0,110,0.1,51,57,82.49,0,0,0,0,18.1299345907055,3141
"p346","ssp245","GFDL-ESM4","2075",0.33,0.12,0,97,0.1,55,61,82.5,0,0,0.1,0.05,19.155945948525,3142
"p346","ssp245","GFDL-ESM4","2075",0.28,0.46,0,92,0.2,57,91,90.71,0,0,0,0,18.858591521948,3143
"p346","ssp245","GFDL-ESM4","2075",0.29,0.28,0,102,0.1,58,72,79.71,0,0,0,0.05,18.3521463387098,3144
"p346","ssp245","GFDL-ESM4","2075",0.3,0.58,0.2,107,0.15,75,81,95.5,0,0,0.2,0.05,18.1712779988185,3145
"p346","ssp245","GFDL-ESM4","2075",0.39,0.21,0,106,0.1,54,60,79.5,0,0,0.1,0.05,18.7583152368222,3146
"p346","ssp245","GFDL-ESM4","2075",0.31,0.33,0,92,0.1,62,105,91.03,0,0,0,0,19.8336640387183,3147
"p346","ssp245","GFDL-ESM4","2075",0.32,0.36,0,83,0.1,52,58,80.78,0,0,0.3,0,17.9619327906583,3148
"p346","ssp245","GFDL-ESM4","2075",0.45,0.22,0,87,0,62,68,88.99,0,0,0.3,0,18.8495283500037,3149
"p346","ssp245","GFDL-ESM4","2075",0.23,0,0.2,74,0.3,48,91,69.96,0.1,0,0,0,18.0957917493672,3150
"p346","ssp245","GFDL-ESM4","2075",0.15,0.28,0,89,0.2,50,56,76.53,0,0,0.1,0,18.2836900086584,3151
"p346","ssp245","GFDL-ESM4","2075",0.37,0.23,0,86,0.1,48,54,79.65,0,0,0.1,0,18.1618761886914,3152
"p346","ssp245","GFDL-ESM4","2075",0.32,0.14,0,97,0.4,56,62,86.11,0,0,0,0,18.1862428999057,3153
"p346","ssp245","GFDL-ESM4","2075",0.32,0.16,0,94,0,54,60,81.28,0,0,0.3,0.1,18.2497230290415,3154
"p346","ssp245","GFDL-ESM4","2075",0.38,0.2,0,82,0.1,56,62,79.82,0,0,0.3,0.05,18.4253026767698,3155
"p346","ssp245","GFDL-ESM4","2075",0.27,0.11,0,94,0.4,75,81,93.44,0,0,0.4,0,19.1223604452285,3156
"p346","ssp245","GFDL-ESM4","2075",0.16,0,0,103,0.2,52,58,85.68,0.2,0,0.1,0.05,18.0253608183284,3157
"p346","ssp245","GFDL-ESM4","2075",0.14,0,0.2,82,0.2,79,85,98.06,0,0,0,0,19.3627171146053,3158
"p346","ssp245","GFDL-ESM4","2075",0.4,0.33,0,108,0,59,65,85.88,0,0,0.1,0,18.5751891134719,3159
"p346","ssp245","GFDL-ESM4","2075",0.19,0.2,0.2,89,0,65,77,90.05,0,0,0,0,18.747382034006,3160
"p346","ssp245","GFDL-ESM4","2075",0.26,0.25,0.2,80,0.1,58,74,82.11,0,0,0.3,0,17.8645028321991,3161
"p346","ssp245","GFDL-ESM4","2075",0.26,0.1,0,72,0,45,51,73.59,0.1,0,0,0,17.4643189984024,3162
"p346","ssp245","GFDL-ESM4","2075",0.26,0.21,0,90,0.1,60,66,86.44,0,0,0.3,0.05,18.9576059170023,3163
"p346","ssp245","GFDL-ESM4","2075",0.29,0.4,0,88,0,45,51,76.51,0,0,0.2,0,17.9374684396106,3164
"p346","ssp245","GFDL-ESM4","2075",0.22,0.24,0,68,0,50,56,84.83,0,0,0.2,0,18.19746427615,3165
"p346","ssp245","GFDL-ESM4","2075",0.15,0.42,0,93,0.2,74,80,94.72,0,0,0,0,19.4554005569142,3166
"p346","ssp245","GFDL-ESM4","2075",0.3,0.22,0,81,0.35,62,68,91.33,0,0,0.2,0,19.0500296501047,3167
"p346","ssp245","GFDL-ESM4","2075",0.36,0.12,0,92,0.1,74,80,98.75,0.1,0,0,0,18.8446802549404,3168
"p346","ssp245","GFDL-ESM4","2075",0.31,0.34,0,97,0.1,68,74,94.65,0,0,0.2,0.05,18.9196722270696,3169
"p346","ssp245","GFDL-ESM4","2075",0.34,0.61,0,107,0.1,45,54,72.77,0,0,0.1,0.05,17.6725049680454,3170
"p346","ssp245","GFDL-ESM4","2075",0.15,0.1,0.2,88,0.2,49,55,77.93,0,0,0.2,0,17.9391278697386,3171
"p346","ssp245","GFDL-ESM4","2075",0.25,0.1,0,92,0.1,58,64,85.82,0,0,0,0,18.2229925855217,3172
"p346","ssp245","GFDL-ESM4","2075",0.14,0.29,0,91,0,77,83,88.4,0,0,0.1,0.05,19.4643171116688,3173
"p346","ssp245","GFDL-ESM4","2075",0.46,0.12,0,94,0.2,44,50,69.9,0.1,0,0.1,0,16.8900996997402,3174
"p346","ssp245","GFDL-ESM4","2075",0.32,0.1,0,73,0.2,50,56,84.95,0,0,0.1,0,18.1708585736114,3175
"p346","ssp245","GFDL-ESM4","2075",0.17,0.1,0,77,0.15,51,57,79.5,0.1,0,0,0.05,17.8261487602765,3176
"p346","ssp245","GFDL-ESM4","2075",0.36,0.25,0,90,0.2,59,65,86.3,0,0,0.1,0.3,18.2150867268614,3177
"p346","ssp245","GFDL-ESM4","2075",0.15,0.24,0,92,0.1,67,73,94.92,0,0,0.1,0,18.865373536823,3178
"p346","ssp245","GFDL-ESM4","2075",0.13,0.2,0,86,0.1,47,53,80.97,0,0,0.3,0,18.8333591454112,3179
"p346","ssp245","GFDL-ESM4","2075",0.21,0.12,0,90,0.2,83,89,106.68,0,0,0.2,0,19.043097059012,3180
"p346","ssp245","GFDL-ESM4","2075",0.35,0.1,0,99,0,47,74,81.13,0,0,0.2,0,17.5520765473376,3181
"p346","ssp245","GFDL-ESM4","2075",0.51,0.29,0,97,0,45,65,74.57,0,0,0.1,0,19.0030535613306,3182
"p346","ssp245","GFDL-ESM4","2075",0.26,0.37,0,92,0.1,46,67,75.83,0,0,0.4,0,17.4856342623147,3183
"p346","ssp245","GFDL-ESM4","2075",0.11,0.22,0,82,0.2,77,93,96.79,0,0,0.1,0,19.2272573828009,3184
"p346","ssp245","GFDL-ESM4","2075",0.33,0.22,0,87,0.35,76,83,100.25,0,0,0,0.1,18.8186436369635,3185
"p346","ssp245","GFDL-ESM4","2075",0.23,0.37,0.4,83,0.2,48,84,79.77,0,0,0.2,0,19.8263882414673,3186
"p346","ssp245","GFDL-ESM4","2075",0.41,0.25,0,81,0.1,71,77,94.45,0,0,0.1,0,18.3308533462627,3187
"p346","ssp245","GFDL-ESM4","2075",0.42,0.3,0,100,0,50,56,82.43,0,0,0,0,18.060907831318,3188
"p346","ssp245","GFDL-ESM4","2075",0.34,0,0,82,0.1,62,83,88.97,0,0,0,0,18.0813960012157,3189
"p346","ssp245","GFDL-ESM4","2075",0.11,0.48,0,100,0.3,48,82,78.34,0,0,0.3,0,18.949168246152,3190
"p346","ssp245","GFDL-ESM4","2075",0.26,0.3,0,85,0.3,73,79,99.25,0,0,0.1,0,18.4515489104527,3191
"p346","ssp245","GFDL-ESM4","2075",0.28,0.24,0,101,0,62,70,86.09,0,0,0.5,0,18.7304143654246,3192
"p346","ssp245","GFDL-ESM4","2075",0.21,0.23,0,94,0,58,73,81.57,0.1,0,0,0.15,17.1300443105665,3193
"p346","ssp245","GFDL-ESM4","2075",0.24,0.44,0,99,0.1,61,72,93.01,0,0,0.1,0,19.2850489539365,3194
"p346","ssp245","GFDL-ESM4","2075",0.2,0.41,0,102,0.2,49,55,76.91,0.2,0,0.1,0,16.6924150007167,3195
"p346","ssp245","GFDL-ESM4","2075",0.13,0.22,0.3,88,0.1,44,63,61.99,0,0,0.1,0,17.7749667287869,3196
"p346","ssp245","GFDL-ESM4","2075",0.42,0.42,0,89,0.1,54,60,79.32,0,0,0.3,0,17.758014049655,3197
"p346","ssp245","GFDL-ESM4","2075",0.36,0.44,0,89,0.1,58,67,87.85,0,0,0,0.05,18.673797925835,3198
"p346","ssp245","GFDL-ESM4","2075",0.28,0.51,0,89,0.1,74,80,101.01,0,0,0.1,0,19.2233738481923,3199
"p346","ssp245","GFDL-ESM4","2075",0.29,0.3,0,85,0,61,76,91.31,0,0,0.1,0,18.7259328866026,3200
"p346","ssp245","INM-CM4-8","2075",0.41,0.22,0,90,0,45,51,73.84,0,0,0,0.15,17.5553416202486,3201
"p346","ssp245","INM-CM4-8","2075",0.28,0.23,0.25,92,0.1,46,52,71.04,0,0,0.1,0,17.5485181736712,3202
"p346","ssp245","INM-CM4-8","2075",0.47,0.22,0,91,0.1,49,78,82.77,0,0,0.1,0,17.6201441544855,3203
"p346","ssp245","INM-CM4-8","2075",0.23,0.13,0,88,0.2,59,88,88.42,0,0,0.1,0,19.1474298751375,3204
"p346","ssp245","INM-CM4-8","2075",0.5,0.28,0.25,90,0.3,52,58,80.61,0,0,0,0,17.287489718654,3205
"p346","ssp245","INM-CM4-8","2075",0.18,0.53,0,107,0.2,50,56,80.56,0.2,0,0.2,0.15,17.4468658902676,3206
"p346","ssp245","INM-CM4-8","2075",0.42,0.23,0,90,0,47,72,76.6,0,0,0.2,0,18.2074615027262,3207
"p346","ssp245","INM-CM4-8","2075",0.37,0.44,0,82,0.2,46,52,79.16,0.1,0,0.1,0.15,17.9391531198121,3208
"p346","ssp245","INM-CM4-8","2075",0.39,0.27,0,96,0.3,47,67,82.53,0,0,0.1,0,18.7674627206715,3209
"p346","ssp245","INM-CM4-8","2075",0.19,0,0,91,0.1,46,99,80.63,0,0,0,0,18.9157727032148,3210
"p346","ssp245","INM-CM4-8","2075",0.34,0.36,0,76,0.1,54,77,74.99,0,0,0.1,0.05,19.0601816665218,3211
"p346","ssp245","INM-CM4-8","2075",0.3,0.11,0,104,0,60,66,88.22,0,0,0.1,0,17.2202989835548,3212
"p346","ssp245","INM-CM4-8","2075",0.42,0.1,0.25,89,0,53,59,71.12,0,0,0.2,0,16.982664219373,3213
"p346","ssp245","INM-CM4-8","2075",0.41,0.62,0,79,0.2,50,57,79.24,0,0,0.1,0.15,16.4426767737654,3214
"p346","ssp245","INM-CM4-8","2075",0.35,0.36,0,91,0.1,62,70,88.13,0,0,0,0,17.6418216950955,3215
"p346","ssp245","INM-CM4-8","2075",0.36,0.61,0,108,0.1,46,52,72.9,0,0,0,0.1,17.7260854791766,3216
"p346","ssp245","INM-CM4-8","2075",0.16,0.38,0,93,0.2,50,69,77.32,0,0,0.1,0,17.8221019657127,3217
"p346","ssp245","INM-CM4-8","2075",0.33,0.62,0,106,0.1,57,63,85.35,0,0,0.1,0,17.7903052550187,3218
"p346","ssp245","INM-CM4-8","2075",0.64,0.53,0,96,0.1,53,59,83.3,0.1,0,0.1,0,17.706435252773,3219
"p346","ssp245","INM-CM4-8","2075",0.66,0.27,0,79,0.3,50,76,78.24,0,0,0.3,0,19.17172018181,3220
"p346","ssp245","INM-CM4-8","2075",0.6,0.44,0,102,0.1,59,65,79.82,0,0,0,0.05,18.3674065760962,3221
"p346","ssp245","INM-CM4-8","2075",0.4,0.41,0,98,0.4,71,77,96.22,0,0,0.1,0,17.9425509982544,3222
"p346","ssp245","INM-CM4-8","2075",0.38,0.39,0,95,0.15,44,50,78.01,0.1,0,0.1,0,17.1273383776371,3223
"p346","ssp245","INM-CM4-8","2075",0.3,0.36,0,102,0.1,45,51,77.6,0,0,0.1,0,18.2871002925589,3224
"p346","ssp245","INM-CM4-8","2075",0.44,0.54,0,98,0.1,53,62,68.12,0,0,0.3,0.1,18.134445861489,3225
"p346","ssp245","INM-CM4-8","2075",0.22,0.1,0,104,0,51,57,83.4,0,0,0,0,18.8638255535504,3226
"p346","ssp245","INM-CM4-8","2075",0.38,0.31,0,73,0.1,66,72,90.54,0,0,0.3,0,18.6603732328239,3227
"p346","ssp245","INM-CM4-8","2075",0.4,0.47,0,90,0.35,52,59,81.04,0,0,0,0.05,17.9051078400125,3228
"p346","ssp245","INM-CM4-8","2075",0.55,0.62,0,77,0,47,53,74.7,0,0,0,0.05,18.1301069372215,3229
"p346","ssp245","INM-CM4-8","2075",0.35,0.23,0,99,0,45,51,74.55,0,0,0.2,0.3,17.5607198978637,3230
"p346","ssp245","INM-CM4-8","2075",0.41,0.45,0,89,0.25,47,55,80.57,0.1,0,0,0,16.2935741377544,3231
"p346","ssp245","INM-CM4-8","2075",0.27,0.34,0,89,0.25,58,64,80.43,0,0,0.1,0,18.3569283388414,3232
"p346","ssp245","INM-CM4-8","2075",0.51,0.26,0,95,0.2,70,81,90.05,0,0,0.1,0,17.7715605251554,3233
"p346","ssp245","INM-CM4-8","2075",0.41,0.18,0,90,0,52,58,76.28,0,0,0.1,0.05,18.0829634629083,3234
"p346","ssp245","INM-CM4-8","2075",0.31,0.38,0,96,0.15,52,58,81.37,0.3,0,0.3,0,16.7193946713542,3235
"p346","ssp245","INM-CM4-8","2075",0.48,0.54,0,96,0.1,63,69,86.76,0,0,0,0,18.0584025714822,3236
"p346","ssp245","INM-CM4-8","2075",0.46,0.7,0,97,0.1,78,84,100.88,0,0,0,0,17.4420983438656,3237
"p346","ssp245","INM-CM4-8","2075",0.32,0.6,0.2,94,0,44,50,78.02,0,0,0.1,0,17.3778462375446,3238
"p346","ssp245","INM-CM4-8","2075",0.34,0.1,0,95,0.3,51,58,82.12,0.1,0,0.1,0.05,16.6357491297132,3239
"p346","ssp245","INM-CM4-8","2075",0.42,0.49,0,79,0.1,48,54,79.83,0,0,0.1,0,17.1110459204681,3240
"p346","ssp245","INM-CM4-8","2075",0.46,0.59,0,111,0.1,51,57,83.08,0,0,0,0,17.7907308459443,3241
"p346","ssp245","INM-CM4-8","2075",0.38,0.15,0,102,0.1,56,62,82.75,0,0,0.1,0.05,18.7275400874239,3242
"p346","ssp245","INM-CM4-8","2075",0.31,0.46,0,96,0.2,57,93,89.33,0,0,0,0,18.4715292936319,3243
"p346","ssp245","INM-CM4-8","2075",0.29,0.43,0,101,0.1,59,74,79.7,0,0,0,0.05,18.2359940667149,3244
"p346","ssp245","INM-CM4-8","2075",0.3,0.72,0.2,105,0.15,75,81,95.95,0,0,0.3,0,18.1092216292406,3245
"p346","ssp245","INM-CM4-8","2075",0.39,0.52,0,106,0.1,54,60,79.46,0,0,0.1,0,18.5363409633095,3246
"p346","ssp245","INM-CM4-8","2075",0.31,0.33,0,96,0.1,103,109,119.55,0,0,0,0,20.061932680218,3247
"p346","ssp245","INM-CM4-8","2075",0.33,0.39,0,82,0.1,53,60,80.71,0,0,0.3,0,17.5605103858438,3248
"p346","ssp245","INM-CM4-8","2075",0.53,0.22,0,88,0,62,68,88.35,0,0,0.3,0,18.317483175487,3249
"p346","ssp245","INM-CM4-8","2075",0.28,0.12,0.3,81,0.2,48,92,72.2,0.1,0,0.1,0,17.882066017732,3250
"p346","ssp245","INM-CM4-8","2075",0.22,0.32,0,88,0.1,52,58,80.8,0,0,0.2,0,17.9436610319355,3251
"p346","ssp245","INM-CM4-8","2075",0.37,0.24,0,93,0.1,48,54,78.79,0,0,0,0,17.6802427249731,3252
"p346","ssp245","INM-CM4-8","2075",0.32,0.18,0,99,0.4,56,62,85.38,0,0,0,0,17.5968880482882,3253
"p346","ssp245","INM-CM4-8","2075",0.35,0.34,0,94,0,55,61,82.8,0,0,0.3,0.1,17.7645464770308,3254
"p346","ssp245","INM-CM4-8","2075",0.44,0.2,0,84,0.1,56,63,80.23,0,0,0.3,0.05,17.8200407404387,3255
"p346","ssp245","INM-CM4-8","2075",0.27,0.21,0,98,0.4,81,87,96.5,0,0,0.3,0,18.7221262019697,3256
"p346","ssp245","INM-CM4-8","2075",0.16,0.11,0,101,0.1,53,62,86.35,0.2,0,0.1,0,17.7714005870225,3257
"p346","ssp245","INM-CM4-8","2075",0.14,0.1,0.2,83,0.2,79,85,97.53,0,0,0.1,0,18.9308520805992,3258
"p346","ssp245","INM-CM4-8","2075",0.4,0.44,0,108,0,62,68,87.56,0,0,0.1,0,18.0615403582234,3259
"p346","ssp245","INM-CM4-8","2075",0.19,0.3,0.2,90,0,65,80,92.02,0,0,0,0,18.6355881246865,3260
"p346","ssp245","INM-CM4-8","2075",0.26,0.35,0.2,82,0.1,58,94,80.46,0,0,0.2,0,18.5577602616762,3261
"p346","ssp245","INM-CM4-8","2075",0.26,0.21,0,74,0,46,52,73.43,0.1,0,0.1,0,17.0802731353017,3262
"p346","ssp245","INM-CM4-8","2075",0.26,0.22,0,94,0.1,60,66,86.67,0,0,0.3,0,18.7290873375024,3263
"p346","ssp245","INM-CM4-8","2075",0.29,0.47,0,92,0,45,51,76.79,0,0,0.3,0,17.7027986782919,3264
"p346","ssp245","INM-CM4-8","2075",0.22,0.25,0,71,0,50,56,86.1,0,0,0.2,0,17.6253954354679,3265
"p346","ssp245","INM-CM4-8","2075",0.15,0.62,0,94,0.2,74,80,94.32,0,0,0,0,19.0826783686364,3266
"p346","ssp245","INM-CM4-8","2075",0.3,0.22,0,82,0.45,63,69,92.69,0,0,0.2,0,18.3580857235681,3267
"p346","ssp245","INM-CM4-8","2075",0.36,0.24,0,94,0.1,77,83,100.28,0.1,0,0.1,0,18.207649135925,3268
"p346","ssp245","INM-CM4-8","2075",0.31,0.37,0,96,0.2,68,74,93.93,0,0,0.2,0,18.3493753373157,3269
"p346","ssp245","INM-CM4-8","2075",0.4,0.51,0,105,0.1,45,54,73.83,0,0,0.1,0,17.0896060184471,3270
"p346","ssp245","INM-CM4-8","2075",0.15,0.23,0,91,0.2,49,55,76.45,0,0,0.2,0,17.5109126810136,3271
"p346","ssp245","INM-CM4-8","2075",0.25,0.14,0,93,0.2,59,65,87.22,0,0,0,0,17.9288737083033,3272
"p346","ssp245","INM-CM4-8","2075",0.14,0.35,0,93,0,78,84,90.02,0,0,0.2,0.05,19.1125897100598,3273
"p346","ssp245","INM-CM4-8","2075",0.46,0.28,0,100,0.1,44,50,71.1,0.2,0,0.1,0,16.3298622574909,3274
"p346","ssp245","INM-CM4-8","2075",0.32,0.22,0,73,0.2,50,56,85.21,0,0,0.1,0,17.7669623263155,3275
"p346","ssp245","INM-CM4-8","2075",0.17,0.2,0,82,0.15,51,57,77.19,0.1,0,0,0,17.4758189911469,3276
"p346","ssp245","INM-CM4-8","2075",0.36,0.26,0,92,0.3,60,66,85.65,0,0,0.1,0.25,17.909999150929,3277
"p346","ssp245","INM-CM4-8","2075",0.15,0.24,0,99,0.1,67,73,92.81,0,0,0.1,0,18.302322581148,3278
"p346","ssp245","INM-CM4-8","2075",0.15,0.32,0,88,0.1,48,54,80.78,0,0,0.4,0,18.4140691824914,3279
"p346","ssp245","INM-CM4-8","2075",0.16,0.23,0,93,0.1,84,90,105.44,0,0,0.1,0,18.8917452359415,3280
"p346","ssp245","INM-CM4-8","2075",0.35,0.11,0,98,0,71,77,96.49,0,0,0.3,0,16.8630631804833,3281
"p346","ssp245","INM-CM4-8","2075",0.52,0.43,0,101,0,46,72,75.68,0,0,0.1,0,19.0468608997637,3282
"p346","ssp245","INM-CM4-8","2075",0.28,0.32,0,95,0.1,46,68,75.17,0,0,0.3,0,16.9515386223811,3283
"p346","ssp245","INM-CM4-8","2075",0.11,0.13,0,82,0.1,93,99,107.89,0,0,0.2,0,19.0100450984153,3284
"p346","ssp245","INM-CM4-8","2075",0.34,0.23,0,89,0.3,76,90,98.36,0,0,0,0.1,19.0377188341647,3285
"p346","ssp245","INM-CM4-8","2075",0.23,0.37,0.2,82,0.1,48,84,78.65,0,0,0.1,0,19.7099523044317,3286
"p346","ssp245","INM-CM4-8","2075",0.42,0.27,0,85,0.1,71,77,92.26,0,0,0.1,0,17.5404762999532,3287
"p346","ssp245","INM-CM4-8","2075",0.39,0.33,0,99,0,50,57,80.61,0,0,0.1,0,17.6889050726657,3288
"p346","ssp245","INM-CM4-8","2075",0.34,0,0,86,0.1,62,98,89.47,0,0,0,0,17.8772698291704,3289
"p346","ssp245","INM-CM4-8","2075",0.11,0.59,0,96,0.2,49,84,79.3,0,0,0.3,0,18.6373420549351,3290
"p346","ssp245","INM-CM4-8","2075",0.26,0.31,0,89,0.3,73,79,98.53,0,0,0.1,0,17.7769452969699,3291
"p346","ssp245","INM-CM4-8","2075",0.28,0.35,0,103,0.2,63,76,87.7,0,0,0.7,0,18.4127070635087,3292
"p346","ssp245","INM-CM4-8","2075",0.21,0.35,0,95,0,58,105,81.4,0,0,0,0.1,19.3784046962599,3293
"p346","ssp245","INM-CM4-8","2075",0.24,0.42,0,104,0.1,61,73,92.17,0,0,0.1,0,19.1196933343455,3294
"p346","ssp245","INM-CM4-8","2075",0.2,0.44,0,106,0.35,49,55,78.29,0.2,0,0.2,0,16.179481248576,3295
"p346","ssp245","INM-CM4-8","2075",0.13,0.27,0.25,89,0.1,44,65,61.68,0,0,0.1,0,17.3262460094753,3296
"p346","ssp245","INM-CM4-8","2075",0.48,0.47,0,91,0.1,55,63,80.45,0,0,0.4,0,17.2257862984295,3297
"p346","ssp245","INM-CM4-8","2075",0.37,0.54,0,93,0.1,58,67,86.59,0,0,0,0,18.0696497614318,3298
"p346","ssp245","INM-CM4-8","2075",0.28,0.52,0,89,0.1,75,81,100.01,0,0,0.1,0,18.4209334027369,3299
"p346","ssp245","INM-CM4-8","2075",0.29,0.2,0,82,0,75,91,100.29,0,0,0,0,19.2039063367561,3300
"p346","ssp245","INM-CM5-0","2075",0.4,0.22,0,87,0,44,50,74.36,0,0,0,0.2,18.0382993793899,3301
"p346","ssp245","INM-CM5-0","2075",0.28,0.23,0.25,90,0.2,45,51,72.61,0,0,0.1,0.05,18.0910494867436,3302
"p346","ssp245","INM-CM5-0","2075",0.47,0.25,0,88,0.1,48,56,80.04,0,0,0.1,0,17.2251868259377,3303
"p346","ssp245","INM-CM5-0","2075",0.23,0.13,0,84,0.1,59,65,85.04,0,0,0.1,0,18.1297381890084,3304
"p346","ssp245","INM-CM5-0","2075",0.52,0.28,0.25,88,0.2,51,57,82.48,0,0,0,0,17.6443483179459,3305
"p346","ssp245","INM-CM5-0","2075",0.18,0.53,0,106,0.2,47,53,78.89,0.2,0,0.2,0.15,17.8517507022661,3306
"p346","ssp245","INM-CM5-0","2075",0.42,0.23,0,81,0,45,63,77.07,0,0,0.1,0,18.2398343753366,3307
"p346","ssp245","INM-CM5-0","2075",0.37,0.44,0,84,0.1,45,51,76.41,0.1,0,0.1,0.2,18.3590848023967,3308
"p346","ssp245","INM-CM5-0","2075",0.39,0.14,0,94,0.1,46,52,82.3,0,0,0.1,0,18.6226351737658,3309
"p346","ssp245","INM-CM5-0","2075",0.13,0,0,90,0.1,46,69,81.79,0.3,0,0,0,16.99642331189,3310
"p346","ssp245","INM-CM5-0","2075",0.34,0.36,0,75,0.2,53,59,77.44,0.1,0,0,0.15,18.3297687545667,3311
"p346","ssp245","INM-CM5-0","2075",0.3,0.21,0,100,0.1,59,65,89.66,0,0,0.1,0,17.566388080655,3312
"p346","ssp245","INM-CM5-0","2075",0.42,0.1,0.25,90,0,52,58,74.13,0,0,0.2,0,17.3534608560226,3313
"p346","ssp245","INM-CM5-0","2075",0.41,0.61,0,79,0.1,47,53,79.47,0.1,0,0,0.2,16.8169035134068,3314
"p346","ssp245","INM-CM5-0","2075",0.35,0.35,0,85,0.1,50,56,80.19,0,0,0,0,17.6536159285857,3315
"p346","ssp245","INM-CM5-0","2075",0.36,0.46,0,108,0,45,51,73.03,0,0,0,0.1,18.0871880116303,3316
"p346","ssp245","INM-CM5-0","2075",0.16,0.38,0.2,92,0.4,45,51,76.38,0,0,0.1,0,17.3464324530131,3317
"p346","ssp245","INM-CM5-0","2075",0.33,0.54,0,105,0.1,48,59,79.92,0,0,0,0,18.0875884150124,3318
"p346","ssp245","INM-CM5-0","2075",0.67,0.53,0,94,0.3,50,56,79.79,0,0,0,0,18.1035140047573,3319
"p346","ssp245","INM-CM5-0","2075",0.66,0.39,0,78,0.1,49,55,79.75,0,0,0.2,0,18.0670667642794,3320
"p346","ssp245","INM-CM5-0","2075",0.6,0.45,0,100,0,58,64,81.9,0,0,0,0.1,18.6574403343476,3321
"p346","ssp245","INM-CM5-0","2075",0.4,0.23,0,95,0.4,70,76,98.04,0,0,0.1,0.05,17.9330290864556,3322
"p346","ssp245","INM-CM5-0","2075",0.38,0.47,0,91,0.1,44,50,75.85,0.1,0,0.1,0.05,17.7359735693214,3323
"p346","ssp245","INM-CM5-0","2075",0.3,0.39,0,101,0.2,44,50,75.87,0,0,0.1,0,18.5890510221416,3324
"p346","ssp245","INM-CM5-0","2075",0.44,0.54,0,94,0.1,49,55,66.95,0,0,0.4,0.1,18.0840620741134,3325
"p346","ssp245","INM-CM5-0","2075",0.22,0.3,0,105,0,51,57,84.43,0,0,0,0,19.2580037379465,3326
"p346","ssp245","INM-CM5-0","2075",0.38,0.43,0,68,0,63,69,92.4,0,0,0.3,0,18.9127398774672,3327
"p346","ssp245","INM-CM5-0","2075",0.32,0.47,0,87,0.3,50,56,82.06,0,0,0,0.05,18.1512232475174,3328
"p346","ssp245","INM-CM5-0","2075",0.55,0.62,0,75,0,47,53,76.72,0,0,0,0.05,18.5788800303962,3329
"p346","ssp245","INM-CM5-0","2075",0.35,0.35,0,97,0,45,51,76.58,0,0,0.2,0.3,17.9833255830149,3330
"p346","ssp245","INM-CM5-0","2075",0.41,0.35,0,89,0.2,46,52,80.32,0.1,0,0,0,16.7727516756184,3331
"p346","ssp245","INM-CM5-0","2075",0.27,0.38,0,86,0.3,57,63,83.44,0,0,0,0,18.7709461473386,3332
"p346","ssp245","INM-CM5-0","2075",0.51,0.37,0,94,0.2,65,71,91.39,0,0,0.1,0,17.8297367963036,3333
"p346","ssp245","INM-CM5-0","2075",0.48,0.28,0,86,0,52,58,79.86,0,0,0,0.05,18.5020379491916,3334
"p346","ssp245","INM-CM5-0","2075",0.31,0.27,0,96,0.15,50,56,80.68,0,0,0.2,0,17.0425741797145,3335
"p346","ssp245","INM-CM5-0","2075",0.54,0.54,0,90,0.1,62,68,88.5,0,0,0,0,18.2379547067869,3336
"p346","ssp245","INM-CM5-0","2075",0.46,0.8,0,95,0,75,81,103.12,0,0,0,0,17.5239944721467,3337
"p346","ssp245","INM-CM5-0","2075",0.32,0.61,0,95,0,44,50,75.66,0,0,0,0,17.8301615317826,3338
"p346","ssp245","INM-CM5-0","2075",0.34,0.1,0,88,0.3,47,53,80.49,0.1,0,0.1,0.1,16.9620018933903,3339
"p346","ssp245","INM-CM5-0","2075",0.42,0.49,0,78,0,47,53,79.35,0,0,0.1,0,17.5209876000863,3340
"p346","ssp245","INM-CM5-0","2075",0.51,0.49,0,109,0.1,49,55,81.03,0,0,0,0,18.1618413675684,3341
"p346","ssp245","INM-CM5-0","2075",0.38,0.24,0,97,0,55,61,84.25,0,0,0.1,0.05,19.1729312939216,3342
"p346","ssp245","INM-CM5-0","2075",0.31,0.5,0,91,0.2,56,71,90.83,0,0,0,0,17.5349871694995,3343
"p346","ssp245","INM-CM5-0","2075",0.29,0.43,0,103,0.1,57,63,83.28,0,0,0,0.05,18.1330572178221,3344
"p346","ssp245","INM-CM5-0","2075",0.3,0.72,0.2,104,0.15,60,75,88.73,0,0,0.3,0.05,18.0282863318901,3345
"p346","ssp245","INM-CM5-0","2075",0.39,0.56,0,101,0.1,50,56,78.13,0,0,0.1,0.05,18.6973372185878,3346
"p346","ssp245","INM-CM5-0","2075",0.31,0.33,0,92,0.1,61,82,92.52,0,0,0,0,18.6011660380664,3347
"p346","ssp245","INM-CM5-0","2075",0.33,0.38,0,81,0,51,57,82.6,0,0,0.2,0,17.9224168944707,3348
"p346","ssp245","INM-CM5-0","2075",0.5,0.32,0,88,0,61,67,91.27,0,0,0.3,0,18.5922922886201,3349
"p346","ssp245","INM-CM5-0","2075",0.23,0.18,0.3,79,0,47,53,74.38,0.1,0,0,0,16.6364357800894,3350
"p346","ssp245","INM-CM5-0","2075",0.22,0.32,0,88,0.1,45,51,73.89,0,0,0.2,0,17.963105360775,3351
"p346","ssp245","INM-CM5-0","2075",0.37,0.24,0,89,0,48,54,80.34,0,0,0.1,0,17.9924309220689,3352
"p346","ssp245","INM-CM5-0","2075",0.32,0.18,0,100,0.4,52,58,85.58,0,0,0,0,18.0331760736953,3353
"p346","ssp245","INM-CM5-0","2075",0.35,0.34,0,91,0,46,52,78.1,0,0,0.3,0.1,17.9850882846365,3354
"p346","ssp245","INM-CM5-0","2075",0.44,0.1,0,79,0.1,54,60,79.89,0,0,0.3,0.05,18.1505339441135,3355
"p346","ssp245","INM-CM5-0","2075",0.27,0.21,0,96,0.6,45,74,72.46,0,0,0.2,0,18.403556112346,3356
"p346","ssp245","INM-CM5-0","2075",0.16,0.11,0,98,0.1,50,56,84.57,0.2,0,0,0.05,17.9616476378373,3357
"p346","ssp245","INM-CM5-0","2075",0.14,0.14,0,85,0.2,68,74,93.86,0,0,0,0,18.6521951564234,3358
"p346","ssp245","INM-CM5-0","2075",0.4,0.44,0,106,0,53,59,85.19,0,0,0,0,18.4551326598679,3359
"p346","ssp245","INM-CM5-0","2075",0.19,0.3,0.2,88,0,64,70,90.94,0,0,0,0,18.4114155997607,3360
"p346","ssp245","INM-CM5-0","2075",0.26,0.35,0,85,0.1,57,65,83.35,0,0,0.3,0,17.4904627691995,3361
"p346","ssp245","INM-CM5-0","2075",0.26,0.21,0,72,0,45,51,74.65,0.1,0,0,0,17.496236512418,3362
"p346","ssp245","INM-CM5-0","2075",0.26,0.22,0,93,0.1,59,65,86.66,0,0,0.3,0,18.968314079002,3363
"p346","ssp245","INM-CM5-0","2075",0.29,0.47,0,90,0,44,50,74.52,0,0,0.3,0,18.1231393993645,3364
"p346","ssp245","INM-CM5-0","2075",0.22,0.13,0,69,0,48,54,84.47,0,0,0.2,0,17.9398270020633,3365
"p346","ssp245","INM-CM5-0","2075",0.15,0.47,0,91,0.1,74,80,97.14,0,0,0,0,19.309510576773,3366
"p346","ssp245","INM-CM5-0","2075",0.31,0.22,0,82,0.1,46,60,75.03,0,0,0.1,0,18.5085174939646,3367
"p346","ssp245","INM-CM5-0","2075",0.36,0.24,0,93,0.1,56,67,86.31,0.1,0,0,0,18.093069705848,3368
"p346","ssp245","INM-CM5-0","2075",0.31,0.44,0,95,0.1,68,74,93.65,0,0,0.1,0.05,18.4929210068094,3369
"p346","ssp245","INM-CM5-0","2075",0.35,0.51,0,104,0.1,44,51,73.26,0,0,0.1,0.05,17.4601694564706,3370
"p346","ssp245","INM-CM5-0","2075",0.15,0.23,0.2,88,0.2,48,54,78.22,0,0,0.2,0,17.7910727771268,3371
"p346","ssp245","INM-CM5-0","2075",0.25,0.24,0,92,0.1,57,63,81.67,0,0,0,0,18.1461743851824,3372
"p346","ssp245","INM-CM5-0","2075",0.14,0.3,0,89,0,57,79,79.91,0,0,0.1,0.05,19.0509525830471,3373
"p346","ssp245","INM-CM5-0","2075",0.46,0.22,0,102,0.1,44,50,70.93,0,0,0.1,0,16.8733298797347,3374
"p346","ssp245","INM-CM5-0","2075",0.32,0.22,0,73,0.1,49,55,82.52,0,0,0.1,0,18.035308773125,3375
"p346","ssp245","INM-CM5-0","2075",0.22,0.23,0,82,0.15,50,56,80.65,0.1,0,0,0.05,17.7862993694163,3376
"p346","ssp245","INM-CM5-0","2075",0.36,0.26,0,89,0.1,57,63,85.93,0,0,0.1,0.25,18.1553244623149,3377
"p346","ssp245","INM-CM5-0","2075",0.23,0.24,0,95,0.1,55,65,87.13,0,0,0.1,0,18.4335924175552,3378
"p346","ssp245","INM-CM5-0","2075",0.15,0.32,0,87,0.2,46,52,77.49,0,0,0.2,0,18.8066405291614,3379
"p346","ssp245","INM-CM5-0","2075",0.21,0.24,0,91,0,66,81,96.26,0,0,0.2,0,18.6967459746264,3380
"p346","ssp245","INM-CM5-0","2075",0.35,0.11,0,95,0,46,70,80.82,0,0,0.1,0,17.2004679551818,3381
"p346","ssp245","INM-CM5-0","2075",0.52,0.29,0,98,0,45,60,76.54,0,0,0.1,0,18.5885571842968,3382
"p346","ssp245","INM-CM5-0","2075",0.29,0.21,0,92,0.1,45,53,73.44,0,0,0.3,0,16.8302193897671,3383
"p346","ssp245","INM-CM5-0","2075",0.11,0.13,0,79,0,76,90,98.04,0,0,0,0,18.5303049748734,3384
"p346","ssp245","INM-CM5-0","2075",0.34,0.33,0,86,0.4,75,81,103.02,0,0,0,0.1,18.7462615323482,3385
"p346","ssp245","INM-CM5-0","2075",0.24,0.37,0.2,80,0.3,47,80,81.95,0,0,0.1,0,19.4890864100595,3386
"p346","ssp245","INM-CM5-0","2075",0.42,0.38,0,80,0.1,51,70,81.42,0,0,0.1,0,17.7426951848967,3387
"p346","ssp245","INM-CM5-0","2075",0.42,0.3,0,98,0,48,54,82.92,0,0,0.1,0,18.1325990849622,3388
"p346","ssp245","INM-CM5-0","2075",0.34,0,0,79,0.2,62,68,91.36,0,0,0,0,16.9496220056286,3389
"p346","ssp245","INM-CM5-0","2075",0.11,0.59,0,95,0.2,47,69,80.3,0,0,0.2,0,18.1626937250179,3390
"p346","ssp245","INM-CM5-0","2075",0.28,0.31,0,86,0.3,72,78,101.45,0,0,0,0,17.8457086407148,3391
"p346","ssp245","INM-CM5-0","2075",0.28,0.36,0,99,0,46,61,75.13,0,0,0.7,0,18.1813408351735,3392
"p346","ssp245","INM-CM5-0","2075",0.26,0.45,0,91,0,57,70,83.55,0.1,0,0,0.15,17.0803765697998,3393
"p346","ssp245","INM-CM5-0","2075",0.24,0.42,0,96,0.1,55,61,90.86,0,0,0.1,0,18.6972653198493,3394
"p346","ssp245","INM-CM5-0","2075",0.2,0.44,0,101,0.1,48,54,79.72,0,0,0.1,0,16.5922259347159,3395
"p346","ssp245","INM-CM5-0","2075",0.13,0.27,0.3,86,0.2,44,50,63.3,0,0,0.1,0,17.2556688133723,3396
"p346","ssp245","INM-CM5-0","2075",0.51,0.47,0,88,0.1,52,58,81.5,0,0,0.2,0,17.5489302558596,3397
"p346","ssp245","INM-CM5-0","2075",0.37,0.54,0,90,0.1,55,61,87.86,0,0,0,0.05,18.0682602012978,3398
"p346","ssp245","INM-CM5-0","2075",0.28,0.52,0,89,0.1,68,74,99.43,0,0,0.1,0,18.7859448428444,3399
"p346","ssp245","INM-CM5-0","2075",0.29,0.22,0,82,0,57,63,87.66,0,0,0.1,0,17.9881513955116,3400
"p346","ssp245","IPSL-CM6A-LR","2075",0.4,0.22,0,97,0,44,50,69.63,0,0,0,0.2,18.0551605019729,3401
"p346","ssp245","IPSL-CM6A-LR","2075",0.28,0.44,0.25,97,0.2,45,51,75.65,0,0,0.1,0.05,18.0722704458088,3402
"p346","ssp245","IPSL-CM6A-LR","2075",0.47,0.3,0,105,0.1,48,60,81.73,0,0,0.1,0,17.469789669043,3403
"p346","ssp245","IPSL-CM6A-LR","2075",0.23,0.37,0,104,0.1,59,65,84.37,0,0,0.1,0,18.0437667517656,3404
"p346","ssp245","IPSL-CM6A-LR","2075",0.52,0.16,0.25,101,0.3,51,57,80.89,0,0,0,0,17.6682086970355,3405
"p346","ssp245","IPSL-CM6A-LR","2075",0.18,0.55,0,114,0.2,47,53,76.69,0.2,0,0.1,0.2,17.8183995372136,3406
"p346","ssp245","IPSL-CM6A-LR","2075",0.42,0.54,0,96,0,45,63,79.28,0,0,0.3,0,18.1972404722658,3407
"p346","ssp245","IPSL-CM6A-LR","2075",0.37,0.35,0,98,0.1,45,51,74.8,0.1,0,0.2,0.4,18.4642693732978,3408
"p346","ssp245","IPSL-CM6A-LR","2075",0.33,0.24,0,113,0.2,46,52,82,0,0,0.2,0.15,18.4656015698322,3409
"p346","ssp245","IPSL-CM6A-LR","2075",0.19,0,0,99,0.1,46,70,81.4,0.3,0,0,0,17.4059849827788,3410
"p346","ssp245","IPSL-CM6A-LR","2075",0.33,0.25,0,99,0.2,53,59,75.43,0.1,0,0,0.15,18.2828888564366,3411
"p346","ssp245","IPSL-CM6A-LR","2075",0.31,0.47,0,110,0.2,59,65,90.42,0,0,0.2,0.1,17.676477605725,3412
"p346","ssp245","IPSL-CM6A-LR","2075",0.37,0.1,0.5,100,0,52,58,72.6,0,0,0.2,0,17.4602200226179,3413
"p346","ssp245","IPSL-CM6A-LR","2075",0.41,0.66,0,85,0.1,47,53,76.85,0,0,0.2,0.2,16.9514803651211,3414
"p346","ssp245","IPSL-CM6A-LR","2075",0.35,0.48,0,94,0.1,50,56,78.67,0,0,0,0.05,17.7182610701043,3415
"p346","ssp245","IPSL-CM6A-LR","2075",0.36,0.6,0,116,0.1,45,51,71.51,0,0,0.1,0.2,18.276216573872,3416
"p346","ssp245","IPSL-CM6A-LR","2075",0.15,0.48,0.2,100,0.4,45,51,75.35,0,0,0.1,0.05,17.2947382675086,3417
"p346","ssp245","IPSL-CM6A-LR","2075",0.28,0.58,0,119,0.1,56,62,85.68,0,0,0.1,0,18.4981045692855,3418
"p346","ssp245","IPSL-CM6A-LR","2075",0.64,0.53,0,109,0.3,50,56,77.56,0,0,0,0,18.2501222504749,3419
"p346","ssp245","IPSL-CM6A-LR","2075",0.68,0.35,0,88,0.2,49,55,81.39,0,0,0.2,0,18.2192420973615,3420
"p346","ssp245","IPSL-CM6A-LR","2075",0.6,0.69,0,111,0.1,58,64,76.15,0,0,0,0.2,18.7735119232238,3421
"p346","ssp245","IPSL-CM6A-LR","2075",0.42,0.46,0,102,0.5,71,77,99.06,0,0,0.1,0.15,18.3194974445879,3422
"p346","ssp245","IPSL-CM6A-LR","2075",0.38,0.53,0,103,0.15,44,50,70.93,0.1,0,0.1,0.05,17.7674373612995,3423
"p346","ssp245","IPSL-CM6A-LR","2075",0.26,0.48,0,105,0.2,44,50,77.81,0,0,0.1,0,18.8429754624194,3424
"p346","ssp245","IPSL-CM6A-LR","2075",0.44,0.51,0,104,0.1,49,55,71.64,0,0,0.3,0.2,18.1404644470853,3425
"p346","ssp245","IPSL-CM6A-LR","2075",0.24,0.3,0,116,0,51,57,84.03,0,0,0,0.1,19.3925356903694,3426
"p346","ssp245","IPSL-CM6A-LR","2075",0.37,0.32,0.25,84,0.1,65,71,94.79,0,0,0.3,0,18.8877065184939,3427
"p346","ssp245","IPSL-CM6A-LR","2075",0.4,0.61,0,103,0.3,50,56,79.55,0,0,0.1,0.15,18.1187895578072,3428
"p346","ssp245","IPSL-CM6A-LR","2075",0.47,0.62,0,86,0,47,53,78.42,0,0,0.1,0.05,18.7012902246983,3429
"p346","ssp245","IPSL-CM6A-LR","2075",0.31,0.45,0,105,0,45,51,76.11,0,0,0.1,0.3,18.0050894369976,3430
"p346","ssp245","IPSL-CM6A-LR","2075",0.41,0.48,0,98,0.25,46,52,78.71,0.1,0,0.1,0,17.0606087288224,3431
"p346","ssp245","IPSL-CM6A-LR","2075",0.27,0.34,0,105,0.35,57,63,86.26,0,0,0,0,18.9803800592479,3432
"p346","ssp245","IPSL-CM6A-LR","2075",0.52,0.46,0,109,0.2,69,77,93.27,0,0,0,0,18.3411910635757,3433
"p346","ssp245","IPSL-CM6A-LR","2075",0.41,0.4,0,100,0,52,58,80.98,0,0,0,0.15,18.6501628542544,3434
"p346","ssp245","IPSL-CM6A-LR","2075",0.36,0.16,0,105,0.15,50,56,80.11,0,0,0.2,0,17.0715506930118,3435
"p346","ssp245","IPSL-CM6A-LR","2075",0.48,0.78,0,105,0.1,62,68,89.23,0,0,0,0,18.2784660909373,3436
"p346","ssp245","IPSL-CM6A-LR","2075",0.46,0.81,0,101,0.1,76,82,97.38,0,0,0,0.1,17.5467811918561,3437
"p346","ssp245","IPSL-CM6A-LR","2075",0.25,0.59,0,101,0,44,50,74.73,0,0,0,0,18.1615630179805,3438
"p346","ssp245","IPSL-CM6A-LR","2075",0.35,0.2,0,101,0.1,47,53,76.7,0.1,0,0.1,0.4,17.0222501005257,3439
"p346","ssp245","IPSL-CM6A-LR","2075",0.41,0.52,0,90,0.1,47,53,78.92,0,0,0.3,0.05,17.6490240904132,3440
"p346","ssp245","IPSL-CM6A-LR","2075",0.46,0.76,0,117,0.1,49,55,76.39,0,0,0.1,0.05,18.2104990240001,3441
"p346","ssp245","IPSL-CM6A-LR","2075",0.38,0.26,0,104,0.1,55,61,86.03,0,0,0.2,0.05,18.9850560083745,3442
"p346","ssp245","IPSL-CM6A-LR","2075",0.36,0.39,0,103,0.2,56,90,88.17,0,0,0,0.05,18.7386373278889,3443
"p346","ssp245","IPSL-CM6A-LR","2075",0.29,0.4,0,109,0.1,57,63,84.29,0,0,0,0.05,18.2503166670801,3444
"p346","ssp245","IPSL-CM6A-LR","2075",0.3,0.75,0.2,113,0.15,60,76,87.89,0,0,0.1,0.05,18.3212377226424,3445
"p346","ssp245","IPSL-CM6A-LR","2075",0.39,0.69,0,116,0.1,53,59,80.87,0,0,0.1,0.1,18.7303891998999,3446
"p346","ssp245","IPSL-CM6A-LR","2075",0.31,0.56,0,100,0.1,61,105,92.4,0,0,0.1,0.1,20.0525610938667,3447
"p346","ssp245","IPSL-CM6A-LR","2075",0.33,0.6,0,91,0.1,51,57,83.28,0,0,0.2,0,17.9592363751854,3448
"p346","ssp245","IPSL-CM6A-LR","2075",0.5,0.47,0,100,0,61,67,93.26,0,0,0.1,0,18.6784977126864,3449
"p346","ssp245","IPSL-CM6A-LR","2075",0.23,0.18,0.3,95,0.1,47,53,73.81,0,0,0,0,16.4862682536044,3450
"p346","ssp245","IPSL-CM6A-LR","2075",0.17,0.2,0,93,0.1,45,51,70.94,0,0,0.2,0.2,18.1121684843426,3451
"p346","ssp245","IPSL-CM6A-LR","2075",0.37,0.34,0,113,0.1,48,54,80.37,0,0,0.2,0,18.1283492410545,3452
"p346","ssp245","IPSL-CM6A-LR","2075",0.32,0.18,0.2,107,0.4,52,59,82.04,0,0,0,0.05,18.1460103157325,3453
"p346","ssp245","IPSL-CM6A-LR","2075",0.35,0.3,0,108,0,46,53,77.74,0,0,0.1,0.1,18.1975671221671,3454
"p346","ssp245","IPSL-CM6A-LR","2075",0.44,0.31,0,103,0.1,54,60,79.44,0,0,0.2,0.1,18.3805529913717,3455
"p346","ssp245","IPSL-CM6A-LR","2075",0.27,0.32,0,107,0.6,45,76,75.63,0,0,0.2,0,18.9029888959035,3456
"p346","ssp245","IPSL-CM6A-LR","2075",0.16,0.34,0,116,0.1,52,58,83.97,0.2,0,0,0.05,18.1360072134412,3457
"p346","ssp245","IPSL-CM6A-LR","2075",0.14,0.14,0.2,92,0.2,79,85,102.03,0,0,0,0,19.3816908420062,3458
"p346","ssp245","IPSL-CM6A-LR","2075",0.4,0.28,0,118,0,53,59,79.17,0,0,0,0,18.3482603563154,3459
"p346","ssp245","IPSL-CM6A-LR","2075",0.25,0.42,0.2,103,0,64,70,86.5,0,0,0,0.05,18.4757493169323,3460
"p346","ssp245","IPSL-CM6A-LR","2075",0.19,0.36,0.2,100,0.1,57,66,84.91,0,0,0.1,0,17.672770960226,3461
"p346","ssp245","IPSL-CM6A-LR","2075",0.26,0.31,0,84,0,45,51,77.11,0.1,0,0,0,17.478909441078,3462
"p346","ssp245","IPSL-CM6A-LR","2075",0.26,0.37,0,104,0.1,59,65,85.46,0,0,0.3,0.15,19.0087798574074,3463
"p346","ssp245","IPSL-CM6A-LR","2075",0.29,0.57,0,103,0,45,51,77.02,0,0,0.4,0,18.1632619236384,3464
"p346","ssp245","IPSL-CM6A-LR","2075",0.22,0.37,0,81,0,48,54,84.95,0,0,0.2,0,18.1727441943668,3465
"p346","ssp245","IPSL-CM6A-LR","2075",0.15,0.46,0,101,0.1,74,80,97.76,0,0,0,0,19.1337377378822,3466
"p346","ssp245","IPSL-CM6A-LR","2075",0.3,0.25,0.2,101,0.2,46,60,73.74,0,0,0,0,18.7539381403266,3467
"p346","ssp245","IPSL-CM6A-LR","2075",0.29,0.25,0,113,0.1,56,72,85.96,0.1,0,0.1,0,18.5936437543318,3468
"p346","ssp245","IPSL-CM6A-LR","2075",0.31,0.6,0,104,0.1,68,74,93.01,0,0,0.1,0.1,18.6861887918494,3469
"p346","ssp245","IPSL-CM6A-LR","2075",0.34,0.55,0,109,0.1,44,51,74.34,0,0,0.1,0.05,17.5910595282922,3470
"p346","ssp245","IPSL-CM6A-LR","2075",0.15,0.33,0.2,102,0.2,48,54,77.97,0,0,0,0,17.9909174413787,3471
"p346","ssp245","IPSL-CM6A-LR","2075",0.25,0.48,0,102,0.1,57,63,81.16,0,0,0,0,18.3149760988276,3472
"p346","ssp245","IPSL-CM6A-LR","2075",0.19,0.43,0,106,0,57,79,77.4,0,0,0.1,0.05,19.1762875021855,3473
"p346","ssp245","IPSL-CM6A-LR","2075",0.46,0.46,0,105,0.1,44,50,69.98,0,0,0.1,0,16.974611565921,3474
"p346","ssp245","IPSL-CM6A-LR","2075",0.32,0.24,0,79,0.2,49,55,80.75,0,0,0.3,0,18.1513939037733,3475
"p346","ssp245","IPSL-CM6A-LR","2075",0.17,0.34,0,92,0.15,50,56,84.35,0.1,0,0,0.1,17.6130213359572,3476
"p346","ssp245","IPSL-CM6A-LR","2075",0.41,0.27,0,104,0.2,57,63,88.48,0,0,0.2,0.35,18.2015505493643,3477
"p346","ssp245","IPSL-CM6A-LR","2075",0.15,0.34,0,107,0.1,55,66,84.3,0,0,0,0,18.6740069273747,3478
"p346","ssp245","IPSL-CM6A-LR","2075",0.15,0.38,0,96,0.2,46,52,79.81,0,0,0.1,0,18.9450361198318,3479
"p346","ssp245","IPSL-CM6A-LR","2075",0.23,0.46,0,102,0.1,83,89,105.26,0,0,0.1,0.05,19.1681262913279,3480
"p346","ssp245","IPSL-CM6A-LR","2075",0.3,0.32,0,119,0,46,70,76.61,0,0,0.1,0,17.5475481289733,3481
"p346","ssp245","IPSL-CM6A-LR","2075",0.51,0.56,0,104,0,45,61,74.77,0,0,0.1,0,18.7156633912416,3482
"p346","ssp245","IPSL-CM6A-LR","2075",0.26,0.35,0,102,0.1,45,54,77.41,0,0,0.3,0,16.9054727495895,3483
"p346","ssp245","IPSL-CM6A-LR","2075",0.11,0.23,0,102,0.2,77,93,98.68,0,0,0,0.05,19.086209767198,3484
"p346","ssp245","IPSL-CM6A-LR","2075",0.34,0.55,0,103,0.3,76,83,99.6,0,0,0,0.1,18.6618036793282,3485
"p346","ssp245","IPSL-CM6A-LR","2075",0.24,0.26,0.2,98,0.4,47,81,78.88,0,0,0.2,0.05,19.4934014241371,3486
"p346","ssp245","IPSL-CM6A-LR","2075",0.36,0.35,0,94,0.1,51,71,78.33,0,0,0.2,0,18.0620938755548,3487
"p346","ssp245","IPSL-CM6A-LR","2075",0.42,0.3,0,121,0,48,54,80.01,0,0,0.1,0.05,18.0348752829787,3488
"p346","ssp245","IPSL-CM6A-LR","2075",0.33,0.25,0,99,0.2,62,68,92.39,0,0,0,0,17.4884899504935,3489
"p346","ssp245","IPSL-CM6A-LR","2075",0.11,0.64,0,101,0.2,47,80,79.1,0,0,0.1,0,18.8240720709928,3490
"p346","ssp245","IPSL-CM6A-LR","2075",0.24,0.55,0,101,0.3,72,78,102.4,0,0,0.1,0,18.3462978129371,3491
"p346","ssp245","IPSL-CM6A-LR","2075",0.23,0.34,0,113,0,46,62,73,0,0,0.5,0,18.2148260650425,3492
"p346","ssp245","IPSL-CM6A-LR","2075",0.21,0.45,0,102,0,57,70,80.41,0.1,0,0,0.2,16.9766542970938,3493
"p346","ssp245","IPSL-CM6A-LR","2075",0.24,0.54,0,110,0.1,55,61,90.08,0,0,0.1,0,18.6373328675584,3494
"p346","ssp245","IPSL-CM6A-LR","2075",0.21,0.44,0,108,0.2,48,54,75.56,0.1,0,0,0.05,16.7219546230644,3495
"p346","ssp245","IPSL-CM6A-LR","2075",0.13,0.4,0.3,100,0.1,44,50,62.96,0,0,0.1,0,17.1923290625287,3496
"p346","ssp245","IPSL-CM6A-LR","2075",0.48,0.48,0,94,0.1,52,58,77.91,0,0,0.1,0,17.7411676956879,3497
"p346","ssp245","IPSL-CM6A-LR","2075",0.37,0.64,0,95,0.1,57,63,86.05,0,0,0,0.15,18.4561709068021,3498
"p346","ssp245","IPSL-CM6A-LR","2075",0.23,0.71,0,93,0,73,79,101.33,0,0,0,0,19.2077874881592,3499
"p346","ssp245","IPSL-CM6A-LR","2075",0.32,0.43,0,100,0,57,63,86.95,0,0,0.1,0,18.0268376312624,3500
"p346","ssp245","MIROC-ES2L","2075",0.4,0.22,0,93,0,45,51,72.43,0,0,0,0.2,18.4371700263583,3501
"p346","ssp245","MIROC-ES2L","2075",0.28,0.33,0.25,94,0.2,45,51,75.05,0,0,0.1,0.05,18.4675165799513,3502
"p346","ssp245","MIROC-ES2L","2075",0.46,0.29,0,96,0.1,49,61,83.52,0,0,0.1,0,18.0508861653229,3503
"p346","ssp245","MIROC-ES2L","2075",0.23,0.15,0,96,0.1,59,65,84.75,0,0,0.1,0,18.4103543196381,3504
"p346","ssp245","MIROC-ES2L","2075",0.47,0.38,0.25,94,0.3,51,57,82.78,0,0,0,0,18.205535944028,3505
"p346","ssp245","MIROC-ES2L","2075",0.18,0.48,0,110,0.2,48,54,79.24,0.1,0,0.3,0.2,18.0315832893975,3506
"p346","ssp245","MIROC-ES2L","2075",0.42,0.23,0,91,0,46,64,79.23,0,0,0.2,0,18.5105014513766,3507
"p346","ssp245","MIROC-ES2L","2075",0.37,0.34,0,91,0.2,45,51,76.39,0.1,0,0.1,0.4,18.7283037647026,3508
"p346","ssp245","MIROC-ES2L","2075",0.39,0.24,0,101,0.2,47,62,83.41,0,0,0.1,0.15,19.3488801012169,3509
"p346","ssp245","MIROC-ES2L","2075",0.13,0,0.25,93,0.1,46,70,82.14,0.1,0,0,0,17.9963941907847,3510
"p346","ssp245","MIROC-ES2L","2075",0.34,0.25,0.2,79,0.2,53,59,77.64,0.1,0,0.1,0.15,18.9398118487795,3511
"p346","ssp245","MIROC-ES2L","2075",0.29,0.35,0,108,0.2,59,65,90.54,0,0,0.1,0.1,18.2861673090559,3512
"p346","ssp245","MIROC-ES2L","2075",0.42,0.1,0.5,97,0,53,59,74.22,0,0,0.2,0,18.0378555051335,3513
"p346","ssp245","MIROC-ES2L","2075",0.41,0.61,0,80,0.2,50,56,80.37,0,0,0.2,0.2,17.4860862771605,3514
"p346","ssp245","MIROC-ES2L","2075",0.35,0.57,0,92,0.1,51,58,79.39,0,0,0,0.05,18.2248243449764,3515
"p346","ssp245","MIROC-ES2L","2075",0.36,0.44,0,113,0.1,46,52,72.48,0,0,0,0.2,18.7206012992571,3516
"p346","ssp245","MIROC-ES2L","2075",0.16,0.35,0.2,98,0.4,46,52,76.08,0,0,0.1,0.05,17.71988886099,3517
"p346","ssp245","MIROC-ES2L","2075",0.28,0.54,0,111,0.1,56,62,86.81,0,0,0.2,0,18.8042682294065,3518
"p346","ssp245","MIROC-ES2L","2075",0.67,0.49,0,99,0.3,52,58,79.84,0,0,0.1,0,18.4241990620681,3519
"p346","ssp245","MIROC-ES2L","2075",0.63,0.39,0,82,0.2,50,74,81.65,0,0,0.3,0,19.4695816897105,3520
"p346","ssp245","MIROC-ES2L","2075",0.6,0.56,0,106,0.2,59,65,77.22,0,0,0,0.2,19.3660059016287,3521
"p346","ssp245","MIROC-ES2L","2075",0.31,0.33,0,97,0.5,70,76,98.11,0,0,0.1,0.15,18.8615939670663,3522
"p346","ssp245","MIROC-ES2L","2075",0.32,0.53,0,99,0.15,44,50,74.58,0.1,0,0.1,0.05,18.0917893388812,3523
"p346","ssp245","MIROC-ES2L","2075",0.3,0.25,0,103,0.2,45,51,77.98,0,0,0.1,0,19.0848064311947,3524
"p346","ssp245","MIROC-ES2L","2075",0.38,0.53,0,101,0.1,50,56,70.65,0,0,0.5,0.2,18.3128183681263,3525
"p346","ssp245","MIROC-ES2L","2075",0.17,0.31,0,110,0.1,51,57,83.92,0,0,0,0.1,19.7254123737042,3526
"p346","ssp245","MIROC-ES2L","2075",0.31,0.32,0,75,0.2,65,71,93.58,0,0,0.4,0,19.3376740051131,3527
"p346","ssp245","MIROC-ES2L","2075",0.32,0.47,0,92,0.3,52,58,81.31,0,0,0,0.15,18.669877067859,3528
"p346","ssp245","MIROC-ES2L","2075",0.47,0.62,0,83,0,47,53,78.33,0,0,0.1,0.05,18.8853336797307,3529
"p346","ssp245","MIROC-ES2L","2075",0.29,0.35,0,100,0,45,51,77,0,0,0.2,0.3,18.4743276656999,3530
"p346","ssp245","MIROC-ES2L","2075",0.4,0.39,0,91,0.25,47,53,80.61,0.1,0,0.1,0,17.501145258342,3531
"p346","ssp245","MIROC-ES2L","2075",0.27,0.33,0,92,0.35,57,63,85.23,0,0,0,0,19.5039124599502,3532
"p346","ssp245","MIROC-ES2L","2075",0.51,0.47,0,99,0.2,67,73,90.66,0,0,0.1,0,18.661157255923,3533
"p346","ssp245","MIROC-ES2L","2075",0.41,0.29,0,93,0,52,58,80.43,0,0,0,0.25,19.1355081499202,3534
"p346","ssp245","MIROC-ES2L","2075",0.31,0.27,0,98,0.15,51,57,80.84,0,0,0.2,0,17.4892942439755,3535
"p346","ssp245","MIROC-ES2L","2075",0.48,0.54,0,98,0.1,62,68,89.43,0,0,0,0,18.7899965632604,3536
"p346","ssp245","MIROC-ES2L","2075",0.46,0.8,0,98,0.2,74,80,99.25,0,0,0,0.15,18.0898480601578,3537
"p346","ssp245","MIROC-ES2L","2075",0.32,0.59,0,97,0,44,50,77.96,0,0,0.1,0,18.6759691734805,3538
"p346","ssp245","MIROC-ES2L","2075",0.33,0.1,0,96,0.3,48,55,79.57,0.1,0,0.1,0.4,17.5859588601544,3539
"p346","ssp245","MIROC-ES2L","2075",0.42,0.52,0,81,0.1,47,53,81.01,0,0,0.2,0.05,18.1460212201719,3540
"p346","ssp245","MIROC-ES2L","2075",0.45,0.44,0,110,0.1,50,56,80.4,0,0,0.1,0.05,18.541941825633,3541
"p346","ssp245","MIROC-ES2L","2075",0.38,0.26,0,99,0.1,55,61,85.5,0,0,0.2,0.05,19.6669909063635,3542
"p346","ssp245","MIROC-ES2L","2075",0.28,0.39,0,96,0.2,57,72,91.22,0,0,0,0.1,18.3527179874401,3543
"p346","ssp245","MIROC-ES2L","2075",0.24,0.4,0,104,0.1,58,64,82.53,0,0,0,0.05,18.6221767041854,3544
"p346","ssp245","MIROC-ES2L","2075",0.3,0.73,0.2,110,0.15,60,76,87.21,0,0,0.2,0.05,18.5964429731077,3545
"p346","ssp245","MIROC-ES2L","2075",0.39,0.53,0,110,0.1,54,60,82.68,0,0,0.1,0.1,19.1151137421678,3546
"p346","ssp245","MIROC-ES2L","2075",0.31,0.44,0,96,0.1,62,80,93.11,0,0,0.1,0.1,18.5781189172498,3547
"p346","ssp245","MIROC-ES2L","2075",0.32,0.38,0,86,0.1,52,58,84.23,0,0,0.2,0.05,18.5266875275096,3548
"p346","ssp245","MIROC-ES2L","2075",0.45,0.32,0,93,0,61,67,91.05,0,0,0.3,0,19.1292190401758,3549
"p346","ssp245","MIROC-ES2L","2075",0.23,0.18,0.3,85,0.2,47,53,72.56,0,0,0.1,0,16.8747013998269,3550
"p346","ssp245","MIROC-ES2L","2075",0.15,0.3,0,92,0.1,50,56,77.76,0,0,0.2,0.2,18.5789856073819,3551
"p346","ssp245","MIROC-ES2L","2075",0.37,0.34,0,101,0.1,48,54,79.03,0,0,0.2,0,18.7651961974784,3552
"p346","ssp245","MIROC-ES2L","2075",0.32,0.15,0.2,100,0.4,56,62,85.52,0,0,0,0.05,18.7346449259136,3553
"p346","ssp245","MIROC-ES2L","2075",0.32,0.32,0,98,0,53,59,83.32,0,0,0.3,0.1,18.8575194733054,3554
"p346","ssp245","MIROC-ES2L","2075",0.38,0.21,0,89,0.1,55,61,79.85,0,0,0.4,0.1,18.8647408329001,3555
"p346","ssp245","MIROC-ES2L","2075",0.27,0.31,0,102,0.6,73,79,94.23,0,0,0.4,0,19.3062013467331,3556
"p346","ssp245","MIROC-ES2L","2075",0.16,0.12,0,110,0.2,52,58,85.59,0.2,0,0.1,0.05,18.5939901835928,3557
"p346","ssp245","MIROC-ES2L","2075",0.14,0.14,0.2,91,0.2,68,74,93.42,0,0,0,0,19.5965184236657,3558
"p346","ssp245","MIROC-ES2L","2075",0.4,0.4,0,117,0,57,63,84.49,0,0,0.1,0,19.0443927713527,3559
"p346","ssp245","MIROC-ES2L","2075",0.19,0.41,0.2,98,0,64,70,89.03,0,0,0,0.05,18.8602777588868,3560
"p346","ssp245","MIROC-ES2L","2075",0.26,0.35,0.2,88,0.1,57,65,84.19,0,0,0.3,0,18.124004659201,3561
"p346","ssp245","MIROC-ES2L","2075",0.26,0.21,0,77,0,45,51,77.3,0.1,0,0,0,17.9539663253864,3562
"p346","ssp245","MIROC-ES2L","2075",0.26,0.37,0,96,0.1,59,65,87.22,0,0,0.4,0.35,19.3732839615338,3563
"p346","ssp245","MIROC-ES2L","2075",0.29,0.57,0,98,0,45,51,77.69,0,0,0.4,0,18.5332245496838,3564
"p346","ssp245","MIROC-ES2L","2075",0.22,0.12,0,73,0,50,56,86,0,0,0.2,0,18.7368195249736,3565
"p346","ssp245","MIROC-ES2L","2075",0.15,0.46,0,93,0.1,73,79,95.55,0,0,0,0,19.4197637989605,3566
"p346","ssp245","MIROC-ES2L","2075",0.3,0.23,0.2,88,0.45,48,62,77.08,0,0,0.2,0,19.3708285282475,3567
"p346","ssp245","MIROC-ES2L","2075",0.35,0.25,0,96,0.1,56,68,85.93,0,0,0,0,18.9593178911897,3568
"p346","ssp245","MIROC-ES2L","2075",0.31,0.44,0,99,0.1,68,74,93.01,0,0,0.3,0.05,19.2252586634341,3569
"p346","ssp245","MIROC-ES2L","2075",0.34,0.52,0,106,0.1,44,53,75.05,0,0,0.1,0.05,17.913857127994,3570
"p346","ssp245","MIROC-ES2L","2075",0.15,0.23,0.2,91,0.2,49,55,80,0,0,0.2,0,18.4950131554519,3571
"p346","ssp245","MIROC-ES2L","2075",0.25,0.24,0,98,0.2,58,64,82.58,0,0,0,0,18.7107371557352,3572
"p346","ssp245","MIROC-ES2L","2075",0.14,0.3,0,95,0,76,82,89.16,0,0,0.1,0.05,19.5435914624343,3573
"p346","ssp245","MIROC-ES2L","2075",0.46,0.32,0,103,0.3,44,50,70.39,0,0,0.1,0,17.4479461775853,3574
"p346","ssp245","MIROC-ES2L","2075",0.32,0.22,0,76,0.2,50,56,84.01,0,0,0.2,0.1,18.6009740041967,3575
"p346","ssp245","MIROC-ES2L","2075",0.17,0.33,0,84,0.15,51,57,83.71,0,0,0,0.1,18.0183853630676,3576
"p346","ssp245","MIROC-ES2L","2075",0.36,0.26,0,92,0.2,58,64,88.25,0,0,0.2,0.4,18.7933322445418,3577
"p346","ssp245","MIROC-ES2L","2075",0.15,0.34,0,101,0.1,63,69,92.56,0,0,0.1,0,19.2318924384007,3578
"p346","ssp245","MIROC-ES2L","2075",0.13,0.31,0,89,0.2,47,53,80.71,0,0,0.4,0,19.4744003898166,3579
"p346","ssp245","MIROC-ES2L","2075",0.21,0.34,0,97,0.2,67,78,94.16,0,0,0.3,0.05,19.1556323319334,3580
"p346","ssp245","MIROC-ES2L","2075",0.3,0.12,0,105,0,47,72,79.64,0,0,0.2,0,18.1294334400382,3581
"p346","ssp245","MIROC-ES2L","2075",0.51,0.5,0,102,0,45,64,75.58,0,0,0.2,0,19.1934257124587,3582
"p346","ssp245","MIROC-ES2L","2075",0.25,0.21,0,100,0.1,46,65,78.08,0,0,0.4,0,17.9557749944456,3583
"p346","ssp245","MIROC-ES2L","2075",0.11,0.13,0,90,0.2,75,88,96.81,0,0,0.1,0.05,19.0779187897534,3584
"p346","ssp245","MIROC-ES2L","2075",0.33,0.44,0,96,0.45,75,81,99.61,0,0,0,0.2,18.9192420843241,3585
"p346","ssp245","MIROC-ES2L","2075",0.24,0.37,0.2,89,0.4,48,82,82.29,0,0,0.2,0.05,19.6736570048015,3586
"p346","ssp245","MIROC-ES2L","2075",0.42,0.38,0,91,0.1,69,75,93.21,0,0,0.1,0,18.5383703486619,3587
"p346","ssp245","MIROC-ES2L","2075",0.42,0.45,0,108,0,50,56,83.13,0,0,0.1,0.05,18.3830250279516,3588
"p346","ssp245","MIROC-ES2L","2075",0.34,0.13,0,90,0.2,62,68,91.99,0,0,0,0,18.0696953352211,3589
"p346","ssp245","MIROC-ES2L","2075",0.11,0.71,0,101,0.3,48,72,80.04,0,0,0.3,0,18.8389942283427,3590
"p346","ssp245","MIROC-ES2L","2075",0.26,0.31,0,91,0.3,72,78,102.02,0,0,0.1,0,18.909642500897,3591
"p346","ssp245","MIROC-ES2L","2075",0.23,0.24,0,105,0,46,63,74.68,0,0,0.6,0,18.8791372296737,3592
"p346","ssp245","MIROC-ES2L","2075",0.21,0.45,0,97,0,58,71,82.23,0.1,0,0,0.2,17.4911524667604,3593
"p346","ssp245","MIROC-ES2L","2075",0.19,0.54,0,103,0.1,57,63,90.82,0,0,0.1,0,18.9870136648399,3594
"p346","ssp245","MIROC-ES2L","2075",0.2,0.42,0,106,0.3,49,55,77.11,0,0,0.1,0.05,17.1906650265093,3595
"p346","ssp245","MIROC-ES2L","2075",0.13,0.27,0.3,96,0.2,44,50,63.94,0,0,0.1,0,17.6551427262082,3596
"p346","ssp245","MIROC-ES2L","2075",0.42,0.48,0,92,0.1,53,59,79.92,0,0,0.2,0,18.3809830733425,3597
"p346","ssp245","MIROC-ES2L","2075",0.36,0.54,0,94,0.1,57,63,87.3,0,0,0,0.15,19.0365427565422,3598
"p346","ssp245","MIROC-ES2L","2075",0.23,0.52,0,90,0.1,68,74,97.7,0,0,0.1,0,19.7640079657672,3599
"p346","ssp245","MIROC-ES2L","2075",0.29,0.22,0,87,0,57,63,86.62,0,0,0.1,0,18.6450643418558,3600
"p346","ssp245","MIROC6","2075",0.4,0.22,0,89,0,45,51,77.54,0,0,0,0.2,17.9834317006512,3601
"p346","ssp245","MIROC6","2075",0.28,0.33,0.25,92,0.2,45,51,72.97,0,0,0.1,0.05,17.9155054292211,3602
"p346","ssp245","MIROC6","2075",0.47,0.25,0,90,0.1,77,83,103.15,0,0,0,0,18.2307090794076,3603
"p346","ssp245","MIROC6","2075",0.23,0.15,0,89,0.1,60,82,83.96,0,0,0.1,0,18.9328591264924,3604
"p346","ssp245","MIROC6","2075",0.45,0.28,0.25,91,0.3,52,58,83.58,0,0,0,0,17.5523309316063,3605
"p346","ssp245","MIROC6","2075",0.18,0.39,0,108,0.2,50,56,81.71,0.2,0,0.2,0.2,17.7153838664048,3606
"p346","ssp245","MIROC6","2075",0.42,0.23,0,85,0,47,68,78.17,0,0,0.2,0,18.2756269980872,3607
"p346","ssp245","MIROC6","2075",0.37,0.34,0,84,0.2,45,51,76.84,0.1,0,0.1,0.25,18.2861372278517,3608
"p346","ssp245","MIROC6","2075",0.39,0.14,0,95,0.2,47,67,83.11,0,0,0,0.05,19.0160613789001,3609
"p346","ssp245","MIROC6","2075",0.19,0,0,90,0.1,46,70,80.73,0.4,0,0,0,17.2144314199308,3610
"p346","ssp245","MIROC6","2075",0.33,0.24,0,77,0.2,54,76,79.21,0,0,0,0.15,19.2626899693081,3611
"p346","ssp245","MIROC6","2075",0.3,0.34,0,103,0.2,60,66,89.4,0,0,0.1,0.05,17.5876458290313,3612
"p346","ssp245","MIROC6","2075",0.42,0.1,0.25,89,0,53,59,75.29,0,0,0.2,0,17.4705342763472,3613
"p346","ssp245","MIROC6","2075",0.41,0.57,0,79,0.1,50,57,81.52,0,0,0,0.2,16.8389440347923,3614
"p346","ssp245","MIROC6","2075",0.35,0.35,0,88,0.1,62,68,90.04,0,0,0,0,17.952597124295,3615
"p346","ssp245","MIROC6","2075",0.36,0.45,0,109,0.1,46,52,74.5,0,0,0,0.1,18.0856478534451,3616
"p346","ssp245","MIROC6","2075",0.16,0.38,0.2,92,0.4,50,68,80.05,0,0,0.1,0.05,18.0492279718174,3617
"p346","ssp245","MIROC6","2075",0.28,0.58,0,106,0.1,57,63,86.51,0,0,0,0,18.5584770700275,3618
"p346","ssp245","MIROC6","2075",0.64,0.49,0,93,0.3,54,60,81.94,0.1,0,0,0,18.241585728638,3619
"p346","ssp245","MIROC6","2075",0.66,0.26,0,81,0.2,50,76,81.21,0,0,0.1,0,19.2635110158708,3620
"p346","ssp245","MIROC6","2075",0.6,0.44,0,100,0.1,59,65,83.11,0,0,0,0.15,18.7539814884284,3621
"p346","ssp245","MIROC6","2075",0.39,0.41,0,98,0.6,71,77,100.41,0,0,0.1,0.1,18.3906729946087,3622
"p346","ssp245","MIROC6","2075",0.38,0.46,0,91,0.15,44,50,75.71,0.1,0,0.1,0.05,17.5735889355104,3623
"p346","ssp245","MIROC6","2075",0.29,0.35,0,100,0.2,45,51,76.08,0,0,0.1,0,18.6394909345267,3624
"p346","ssp245","MIROC6","2075",0.39,0.53,0,97,0.1,53,62,68.42,0,0,0.3,0.15,18.0939308424482,3625
"p346","ssp245","MIROC6","2075",0.22,0.11,0,106,0.1,51,57,84.01,0,0,0,0.05,19.264611134747,3626
"p346","ssp245","MIROC6","2075",0.37,0.31,0,69,0.1,65,71,91.82,0,0,0.3,0,18.9473325877156,3627
"p346","ssp245","MIROC6","2075",0.4,0.47,0,88,0.35,52,59,83.41,0,0,0,0.1,18.19327837907,3628
"p346","ssp245","MIROC6","2075",0.47,0.62,0,73,0,47,53,77.48,0,0,0,0.05,18.6726705231561,3629
"p346","ssp245","MIROC6","2075",0.29,0.23,0,96,0,45,51,76.77,0,0,0.1,0.3,17.7933057035224,3630
"p346","ssp245","MIROC6","2075",0.41,0.39,0,89,0.25,47,55,81.11,0.1,0,0,0,16.9427571721993,3631
"p346","ssp245","MIROC6","2075",0.27,0.22,0,88,0.35,58,64,83.45,0,0,0,0,18.998708821821,3632
"p346","ssp245","MIROC6","2075",0.51,0.37,0,94,0.2,69,78,93.49,0,0,0.1,0,18.5003318327293,3633
"p346","ssp245","MIROC6","2075",0.4,0.18,0,88,0,52,58,80.77,0,0,0,0.15,18.6209128355206,3634
"p346","ssp245","MIROC6","2075",0.31,0.27,0,95,0.15,52,58,81.56,0.2,0,0.2,0,16.9772455984796,3635
"p346","ssp245","MIROC6","2075",0.48,0.54,0,94,0.1,63,69,87.97,0,0,0,0,18.5465145202974,3636
"p346","ssp245","MIROC6","2075",0.46,0.67,0,97,0.2,76,82,101.88,0,0,0,0.15,17.7065889110058,3637
"p346","ssp245","MIROC6","2075",0.32,0.6,0.2,95,0,44,50,78.56,0,0,0,0,17.980341339155,3638
"p346","ssp245","MIROC6","2075",0.33,0.1,0,94,0.3,51,59,84.62,0.1,0,0.1,0.4,17.0094019660526,3639
"p346","ssp245","MIROC6","2075",0.42,0.49,0,76,0.1,48,54,81.47,0,0,0.1,0.05,17.4901715014019,3640
"p346","ssp245","MIROC6","2075",0.46,0.59,0,110,0.1,51,57,83.45,0,0,0,0,18.1752703267151,3641
"p346","ssp245","MIROC6","2075",0.38,0.25,0,100,0.1,56,62,85.1,0,0,0.1,0.05,18.9585898191022,3642
"p346","ssp245","MIROC6","2075",0.31,0.35,0,94,0.2,57,91,90.52,0,0,0,0,18.7243494029577,3643
"p346","ssp245","MIROC6","2075",0.29,0.3,0,103,0.1,59,73,83.67,0,0,0,0.05,18.5580470958067,3644
"p346","ssp245","MIROC6","2075",0.3,0.7,0.2,105,0.15,74,80,97.85,0,0,0,0.05,18.2606224993534,3645
"p346","ssp245","MIROC6","2075",0.39,0.41,0,106,0.1,56,62,83.54,0,0,0.1,0.1,18.7691385968142,3646
"p346","ssp245","MIROC6","2075",0.31,0.32,0,91,0.1,103,109,121.73,0,0,0,0,19.8378208049599,3647
"p346","ssp245","MIROC6","2075",0.33,0.39,0,83,0.1,53,60,84.75,0,0,0.2,0,17.9118112562169,3648
"p346","ssp245","MIROC6","2075",0.48,0.32,0,88,0,62,68,90.7,0,0,0.1,0,18.7384994722327,3649
"p346","ssp245","MIROC6","2075",0.23,0.18,0.3,79,0.2,48,91,75.56,0.1,0,0,0,18.0359239039206,3650
"p346","ssp245","MIROC6","2075",0.22,0.32,0,89,0.1,53,59,82.32,0,0,0.2,0.05,18.1005414586631,3651
"p346","ssp245","MIROC6","2075",0.35,0.24,0,93,0.1,48,54,79.87,0,0,0.2,0,18.0582341216386,3652
"p346","ssp245","MIROC6","2075",0.32,0.14,0,98,0.4,56,62,87.2,0,0,0,0.05,18.2172926909985,3653
"p346","ssp245","MIROC6","2075",0.35,0.32,0,93,0,55,61,86.15,0,0,0.2,0.1,18.2670827540313,3654
"p346","ssp245","MIROC6","2075",0.44,0.21,0,80,0.1,56,63,83.52,0,0,0.1,0.05,18.4764705913788,3655
"p346","ssp245","MIROC6","2075",0.27,0.31,0,99,0.6,75,81,94.74,0,0,0.2,0,18.9799321108378,3656
"p346","ssp245","MIROC6","2075",0.16,0.11,0,103,0.2,53,62,86.81,0.2,0,0,0.05,18.2621130934941,3657
"p346","ssp245","MIROC6","2075",0.14,0.14,0.2,86,0.2,78,84,100.39,0,0,0,0,19.2948915205404,3658
"p346","ssp245","MIROC6","2075",0.4,0.44,0,108,0,62,68,91.98,0,0,0,0,18.5342163422929,3659
"p346","ssp245","MIROC6","2075",0.19,0.2,0.2,89,0,65,76,90.66,0,0,0,0.05,18.6553440962003,3660
"p346","ssp245","MIROC6","2075",0.26,0.35,0.2,84,0.1,58,70,82.45,0,0,0.1,0,17.7954369297027,3661
"p346","ssp245","MIROC6","2075",0.26,0.21,0,74,0,45,51,75.25,0.1,0,0,0,17.358304091068,3662
"p346","ssp245","MIROC6","2075",0.26,0.27,0,93,0.1,60,66,87.62,0,0,0.2,0.3,19.1143405291017,3663
"p346","ssp245","MIROC6","2075",0.29,0.47,0,91,0,45,51,74.18,0,0,0.2,0,18.100735147806,3664
"p346","ssp245","MIROC6","2075",0.22,0.12,0,69,0,50,56,87.21,0,0,0.2,0,18.0702512076428,3665
"p346","ssp245","MIROC6","2075",0.15,0.47,0,94,0.1,74,80,95.39,0,0,0,0,19.4134084093394,3666
"p346","ssp245","MIROC6","2075",0.3,0.22,0,85,0.45,63,69,87.53,0,0,0.1,0,18.8703305336909,3667
"p346","ssp245","MIROC6","2075",0.35,0.24,0,94,0.1,74,80,99.55,0.1,0,0,0,18.7806459845939,3668
"p346","ssp245","MIROC6","2075",0.31,0.34,0,95,0.2,68,74,94.39,0,0,0,0.05,18.6346384398238,3669
"p346","ssp245","MIROC6","2075",0.35,0.49,0,105,0.1,45,54,75.44,0,0,0.1,0.05,17.5289749797938,3670
"p346","ssp245","MIROC6","2075",0.15,0.23,0.2,89,0.2,49,55,78.62,0,0,0.1,0,17.8784229462652,3671
"p346","ssp245","MIROC6","2075",0.25,0.14,0,93,0.2,59,65,83.38,0,0,0,0,18.3140515241463,3672
"p346","ssp245","MIROC6","2075",0.14,0.3,0,92,0,76,82,91.7,0,0,0.1,0.05,19.3202979800063,3673
"p346","ssp245","MIROC6","2075",0.46,0.17,0,103,0.2,44,50,72.41,0.1,0,0.1,0,17.0967450543961,3674
"p346","ssp245","MIROC6","2075",0.32,0.21,0,74,0.2,50,56,83.98,0,0,0.1,0.05,18.033929591148,3675
"p346","ssp245","MIROC6","2075",0.17,0.2,0,80,0.15,51,57,81.04,0.1,0,0,0.05,17.5807002046159,3676
"p346","ssp245","MIROC6","2075",0.36,0.26,0,91,0.3,60,66,86.51,0,0,0.2,0.3,18.2792244320121,3677
"p346","ssp245","MIROC6","2075",0.15,0.24,0,96,0.1,67,73,95.23,0,0,0,0,18.7958254586357,3678
"p346","ssp245","MIROC6","2075",0.15,0.21,0,88,0.2,48,54,77.22,0,0,0,0,18.821049311608,3679
"p346","ssp245","MIROC6","2075",0.16,0.24,0,92,0.2,83,89,107.65,0,0,0,0.05,18.9793371488616,3680
"p346","ssp245","MIROC6","2075",0.35,0.11,0,98,0,71,77,97.31,0,0,0.1,0,17.3762062582786,3681
"p346","ssp245","MIROC6","2075",0.51,0.33,0,100,0,46,66,78.94,0,0,0,0,18.9015275832227,3682
"p346","ssp245","MIROC6","2075",0.26,0.24,0,95,0.1,46,68,74.34,0,0,0.3,0,17.3983852114053,3683
"p346","ssp245","MIROC6","2075",0.11,0.24,0,83,0.2,77,93,98.91,0,0,0,0,19.0077451447027,3684
"p346","ssp245","MIROC6","2075",0.3,0.23,0,89,0.45,76,82,103.56,0,0,0,0.1,18.6676685307647,3685
"p346","ssp245","MIROC6","2075",0.23,0.37,0.2,86,0.4,48,83,82.08,0,0,0.2,0,19.5857002326643,3686
"p346","ssp245","MIROC6","2075",0.42,0.25,0,84,0.1,70,76,94.25,0,0,0.1,0,18.1206346265033,3687
"p346","ssp245","MIROC6","2075",0.39,0.3,0,99,0,50,57,84.28,0,0,0.1,0,18.0120091460336,3688
"p346","ssp245","MIROC6","2075",0.34,0,0,86,0.2,62,69,89.84,0,0,0,0,17.4769554510427,3689
"p346","ssp245","MIROC6","2075",0.11,0.59,0,96,0.3,49,83,81.89,0,0,0.1,0,18.9259685836814,3690
"p346","ssp245","MIROC6","2075",0.26,0.31,0,89,0.3,72,78,98.98,0,0,0.1,0,18.3914302527425,3691
"p346","ssp245","MIROC6","2075",0.23,0.24,0,101,0.2,63,71,88.21,0,0,0.3,0,18.4510688505188,3692
"p346","ssp245","MIROC6","2075",0.21,0.35,0,95,0,58,73,85.38,0.1,0,0,0.2,17.0463743563525,3693
"p346","ssp245","MIROC6","2075",0.24,0.42,0,100,0.1,61,71,93.25,0,0,0.1,0,19.1928126491818,3694
"p346","ssp245","MIROC6","2075",0.2,0.44,0,104,0.35,49,55,80.04,0.2,0,0,0.05,16.5887969616432,3695
"p346","ssp245","MIROC6","2075",0.13,0.27,0.3,88,0.2,44,63,65.69,0,0,0.1,0,17.4901025126742,3696
"p346","ssp245","MIROC6","2075",0.42,0.48,0,89,0.1,55,63,83.71,0,0,0.1,0,17.8750089466707,3697
"p346","ssp245","MIROC6","2075",0.37,0.44,0,92,0.1,58,67,89,0,0,0,0.05,18.6314903084078,3698
"p346","ssp245","MIROC6","2075",0.23,0.51,0,89,0.1,74,80,102.94,0,0,0,0,19.1327592149279,3699
"p346","ssp245","MIROC6","2075",0.29,0.2,0,82,0,73,79,97.83,0,0,0.1,0,18.6107370131223,3700
"p346","ssp245","MPI-ESM1-2-LR","2075",0.41,0.25,0,92,0,45,51,72.51,0,0,0,0.05,17.6024053456578,3701
"p346","ssp245","MPI-ESM1-2-LR","2075",0.33,0.21,0,97,0.1,46,52,75.79,0,0,0.1,0,17.6185070885,3702
"p346","ssp245","MPI-ESM1-2-LR","2075",0.47,0.24,0,97,0.1,77,88,105.79,0,0,0,0,18.0857852213947,3703
"p346","ssp245","MPI-ESM1-2-LR","2075",0.23,0.12,0,92,0.1,60,89,88.43,0,0,0.1,0,19.1207256352932,3704
"p346","ssp245","MPI-ESM1-2-LR","2075",0.52,0.28,0.25,92,0.1,52,58,81.79,0,0,0,0,17.3853509516102,3705
"p346","ssp245","MPI-ESM1-2-LR","2075",0.18,0.53,0,109,0.2,50,56,80.95,0.2,0,0.2,0,17.5427673266803,3706
"p346","ssp245","MPI-ESM1-2-LR","2075",0.42,0.12,0,92,0,47,72,80.39,0,0,0.2,0,18.1945208208402,3707
"p346","ssp245","MPI-ESM1-2-LR","2075",0.37,0.44,0,83,0.1,46,52,77.85,0.1,0,0.1,0.15,17.967638871382,3708
"p346","ssp245","MPI-ESM1-2-LR","2075",0.39,0.3,0,101,0.1,48,68,84.55,0,0,0,0,18.8683051727145,3709
"p346","ssp245","MPI-ESM1-2-LR","2075",0.19,0,0,88,0.1,46,100,82.55,0,0,0,0,18.9562651184756,3710
"p346","ssp245","MPI-ESM1-2-LR","2075",0.34,0.35,0,80,0.1,54,77,76.86,0,0,0.1,0.05,19.1297173717653,3711
"p346","ssp245","MPI-ESM1-2-LR","2075",0.31,0.1,0,108,0,60,66,92,0,0,0.1,0,17.2938544099826,3712
"p346","ssp245","MPI-ESM1-2-LR","2075",0.42,0.1,0.5,96,0,54,60,75.03,0,0,0.2,0,17.0698638525501,3713
"p346","ssp245","MPI-ESM1-2-LR","2075",0.44,0.58,0,81,0.1,51,58,80.99,0,0,0.1,0.1,16.6175095149937,3714
"p346","ssp245","MPI-ESM1-2-LR","2075",0.35,0.36,0,93,0.1,62,70,88.74,0,0,0,0,17.7164210128937,3715
"p346","ssp245","MPI-ESM1-2-LR","2075",0.36,0.59,0,112,0,46,52,72.26,0,0,0,0,17.7754319502084,3716
"p346","ssp245","MPI-ESM1-2-LR","2075",0.16,0.4,0,98,0.2,50,69,78.94,0,0,0.1,0,17.8903829050261,3717
"p346","ssp245","MPI-ESM1-2-LR","2075",0.33,0.62,0,112,0,57,63,87.71,0,0,0.1,0,18.0416891264913,3718
"p346","ssp245","MPI-ESM1-2-LR","2075",0.69,0.43,0,100,0.1,54,60,83.64,0,0,0.1,0,17.8167957493591,3719
"p346","ssp245","MPI-ESM1-2-LR","2075",0.69,0.39,0,78,0.1,50,76,81.79,0,0,0.3,0,19.2432329767673,3720
"p346","ssp245","MPI-ESM1-2-LR","2075",0.6,0.59,0,105,0,59,65,76.97,0,0,0,0.05,18.4399699134447,3721
"p346","ssp245","MPI-ESM1-2-LR","2075",0.4,0.4,0,100,0.1,71,77,99.09,0,0,0.1,0,18.0857165945447,3722
"p346","ssp245","MPI-ESM1-2-LR","2075",0.38,0.25,0,98,0.1,44,50,75.33,0.1,0,0.1,0,17.2980515473529,3723
"p346","ssp245","MPI-ESM1-2-LR","2075",0.31,0.37,0,105,0,45,51,79.22,0,0,0.1,0,18.3972754024047,3724
"p346","ssp245","MPI-ESM1-2-LR","2075",0.44,0.55,0,100,0.1,53,62,74.22,0,0,0.3,0.1,18.20391153301,3725
"p346","ssp245","MPI-ESM1-2-LR","2075",0.24,0.24,0,110,0,51,57,85.35,0,0,0,0,18.9969302312766,3726
"p346","ssp245","MPI-ESM1-2-LR","2075",0.38,0.22,0,77,0,66,72,93.39,0,0,0.3,0,18.5949445839968,3727
"p346","ssp245","MPI-ESM1-2-LR","2075",0.4,0.47,0,91,0.3,53,60,81.22,0,0,0,0.05,17.9070060365758,3728
"p346","ssp245","MPI-ESM1-2-LR","2075",0.55,0.62,0,83,0,47,53,78.45,0,0,0,0,18.2304800156972,3729
"p346","ssp245","MPI-ESM1-2-LR","2075",0.37,0.11,0,101,0,45,51,77.46,0,0,0.2,0.2,17.6567177472738,3730
"p346","ssp245","MPI-ESM1-2-LR","2075",0.41,0.47,0,90,0.1,47,55,80.83,0.1,0,0,0,16.3473048024195,3731
"p346","ssp245","MPI-ESM1-2-LR","2075",0.27,0.35,0,90,0.2,58,64,83.75,0,0,0.1,0,18.4571004807885,3732
"p346","ssp245","MPI-ESM1-2-LR","2075",0.52,0.2,0,100,0.2,70,80,92.22,0,0,0.1,0,17.81029997469,3733
"p346","ssp245","MPI-ESM1-2-LR","2075",0.49,0.18,0,92,0,52,58,80.62,0,0,0,0.05,18.1339113308138,3734
"p346","ssp245","MPI-ESM1-2-LR","2075",0.31,0.37,0,99,0.15,52,58,82.03,0.1,0,0.2,0,16.7806039888725,3735
"p346","ssp245","MPI-ESM1-2-LR","2075",0.54,0.55,0,99,0.1,63,69,90.17,0,0,0,0,18.1321919288891,3736
"p346","ssp245","MPI-ESM1-2-LR","2075",0.46,0.7,0,98,0,78,84,99.73,0,0,0,0,17.4919527696337,3737
"p346","ssp245","MPI-ESM1-2-LR","2075",0.32,0.5,0,96,0,44,50,79.49,0,0,0,0,17.422274980124,3738
"p346","ssp245","MPI-ESM1-2-LR","2075",0.36,0.21,0,99,0.1,51,59,83.27,0.1,0,0.1,0.05,16.8062511144137,3739
"p346","ssp245","MPI-ESM1-2-LR","2075",0.42,0.49,0,86,0,48,54,81.09,0,0,0.1,0,17.1642015795118,3740
"p346","ssp245","MPI-ESM1-2-LR","2075",0.56,0.58,0,112,0.1,51,57,81.73,0,0,0,0,17.8862202630951,3741
"p346","ssp245","MPI-ESM1-2-LR","2075",0.38,0.34,0,105,0,56,62,85.51,0,0,0.1,0,18.6995354209964,3742
"p346","ssp245","MPI-ESM1-2-LR","2075",0.31,0.46,0,97,0.2,57,93,90.84,0,0,0,0,18.5859138969777,3743
"p346","ssp245","MPI-ESM1-2-LR","2075",0.29,0.41,0,102,0.1,59,73,82.85,0,0,0,0,18.2795716459266,3744
"p346","ssp245","MPI-ESM1-2-LR","2075",0.3,0.71,0,108,0.1,75,81,97.32,0,0,0.3,0,18.2228563779199,3745
"p346","ssp245","MPI-ESM1-2-LR","2075",0.39,0.36,0,109,0.1,56,63,82.83,0,0,0.1,0,18.7299761277321,3746
"p346","ssp245","MPI-ESM1-2-LR","2075",0.31,0.32,0,98,0.1,103,109,122.22,0,0,0,0,20.0530220687796,3747
"p346","ssp245","MPI-ESM1-2-LR","2075",0.33,0.39,0,87,0,53,60,85.07,0,0,0.3,0,17.5375801037975,3748
"p346","ssp245","MPI-ESM1-2-LR","2075",0.55,0.22,0,93,0,62,68,91.2,0,0,0.3,0,18.3904378429378,3749
"p346","ssp245","MPI-ESM1-2-LR","2075",0.28,0,0.3,85,0,49,92,74.63,0.1,0,0,0,17.9078834961294,3750
"p346","ssp245","MPI-ESM1-2-LR","2075",0.23,0.33,0,89,0.1,53,59,81.03,0,0,0.2,0,17.9883286029944,3751
"p346","ssp245","MPI-ESM1-2-LR","2075",0.37,0.24,0,99,0,48,54,79.33,0,0,0,0,17.7312306118518,3752
"p346","ssp245","MPI-ESM1-2-LR","2075",0.32,0.18,0,101,0.3,57,63,85.89,0,0,0,0,17.7105866461022,3753
"p346","ssp245","MPI-ESM1-2-LR","2075",0.35,0.32,0,99,0,55,61,84.6,0,0,0.3,0.1,17.9013650896854,3754
"p346","ssp245","MPI-ESM1-2-LR","2075",0.44,0.1,0,91,0,56,63,81.08,0,0,0.3,0,17.8899374848379,3755
"p346","ssp245","MPI-ESM1-2-LR","2075",0.27,0.21,0,101,0.4,77,83,97.82,0,0,0.4,0,18.6866684269866,3756
"p346","ssp245","MPI-ESM1-2-LR","2075",0.16,0.1,0,107,0.1,55,64,87.88,0.2,0,0.1,0,17.8989423510136,3757
"p346","ssp245","MPI-ESM1-2-LR","2075",0.14,0,0,85,0.2,79,85,101.66,0,0,0.1,0,19.0012660759788,3758
"p346","ssp245","MPI-ESM1-2-LR","2075",0.4,0.24,0,115,0,62,68,86.59,0,0,0.1,0,18.2079699009602,3759
"p346","ssp245","MPI-ESM1-2-LR","2075",0.19,0.3,0.2,98,0,65,79,88.21,0,0,0,0,18.6814318135063,3760
"p346","ssp245","MPI-ESM1-2-LR","2075",0.36,0.25,0,86,0.1,58,87,84.89,0,0,0.2,0,18.3260640504274,3761
"p346","ssp245","MPI-ESM1-2-LR","2075",0.26,0.11,0,78,0,46,52,77.95,0.1,0,0.1,0,16.9516593275467,3762
"p346","ssp245","MPI-ESM1-2-LR","2075",0.26,0.21,0,93,0.1,60,66,87.04,0,0,0.3,0,18.9442082034079,3763
"p346","ssp245","MPI-ESM1-2-LR","2075",0.29,0.42,0,97,0,45,51,78.74,0,0,0.3,0,17.7957535439246,3764
"p346","ssp245","MPI-ESM1-2-LR","2075",0.25,0.25,0,71,0,50,64,86.67,0,0,0.2,0,18.0487079336472,3765
"p346","ssp245","MPI-ESM1-2-LR","2075",0.15,0.59,0,94,0.1,74,80,96.34,0,0,0,0,19.1930294780934,3766
"p346","ssp245","MPI-ESM1-2-LR","2075",0.31,0.22,0,87,0.1,63,69,90.73,0,0,0.2,0,18.4305321353895,3767
"p346","ssp245","MPI-ESM1-2-LR","2075",0.36,0.24,0,95,0.1,77,83,101.05,0.1,0,0.1,0,18.3255090053467,3768
"p346","ssp245","MPI-ESM1-2-LR","2075",0.31,0.63,0,101,0.1,68,74,94.4,0,0,0.2,0,18.3706889480401,3769
"p346","ssp245","MPI-ESM1-2-LR","2075",0.42,0.62,0,109,0.1,45,54,76.9,0,0,0.1,0,17.1831717607617,3770
"p346","ssp245","MPI-ESM1-2-LR","2075",0.15,0.23,0,92,0.2,49,55,77.9,0,0,0.2,0,17.6824487441847,3771
"p346","ssp245","MPI-ESM1-2-LR","2075",0.25,0.14,0,92,0.1,59,65,85.54,0,0,0,0,18.0001124630854,3772
"p346","ssp245","MPI-ESM1-2-LR","2075",0.19,0.35,0,97,0,78,84,89.81,0,0,0.1,0.05,19.1613448649353,3773
"p346","ssp245","MPI-ESM1-2-LR","2075",0.46,0.32,0,97,0,44,50,71.48,0.1,0,0.1,0,16.4361209231565,3774
"p346","ssp245","MPI-ESM1-2-LR","2075",0.32,0.22,0,76,0.1,50,56,84.17,0,0,0.1,0,17.8215774520734,3775
"p346","ssp245","MPI-ESM1-2-LR","2075",0.22,0.2,0,85,0.1,51,57,82.77,0.1,0,0,0,17.5698301359483,3776
"p346","ssp245","MPI-ESM1-2-LR","2075",0.41,0.26,0,96,0.1,60,66,89.24,0,0,0.1,0.15,18.0269475822829,3777
"p346","ssp245","MPI-ESM1-2-LR","2075",0.23,0.25,0,102,0.1,67,73,94.19,0,0,0.1,0,18.4234969130794,3778
"p346","ssp245","MPI-ESM1-2-LR","2075",0.15,0.42,0,85,0.1,48,54,82.02,0,0,0.3,0,18.493639997449,3779
"p346","ssp245","MPI-ESM1-2-LR","2075",0.23,0.22,0,96,0,84,90,105.1,0,0,0.1,0,19.0337131877221,3780
"p346","ssp245","MPI-ESM1-2-LR","2075",0.35,0,0,104,0,71,77,94.46,0,0,0.3,0,16.9248486945123,3781
"p346","ssp245","MPI-ESM1-2-LR","2075",0.52,0.52,0,102,0,46,72,75.73,0,0,0.1,0,19.1425184633143,3782
"p346","ssp245","MPI-ESM1-2-LR","2075",0.29,0.36,0,96,0.1,46,68,77.68,0,0,0.3,0,17.0222306921973,3783
"p346","ssp245","MPI-ESM1-2-LR","2075",0.11,0.11,0,90,0,90,96,108,0,0,0.1,0,18.9833581405514,3784
"p346","ssp245","MPI-ESM1-2-LR","2075",0.34,0.33,0,92,0.2,76,87,99.92,0,0,0,0.1,18.9202579269481,3785
"p346","ssp245","MPI-ESM1-2-LR","2075",0.24,0.36,0.2,89,0.1,48,84,81.09,0,0,0.1,0,19.759569919253,3786
"p346","ssp245","MPI-ESM1-2-LR","2075",0.42,0.41,0,91,0.1,71,77,93.43,0,0,0.1,0,17.7766973999781,3787
"p346","ssp245","MPI-ESM1-2-LR","2075",0.42,0.33,0,103,0,50,58,82.05,0,0,0.1,0,17.8384667047387,3788
"p346","ssp245","MPI-ESM1-2-LR","2075",0.34,0,0,92,0,62,86,93,0,0,0,0,17.2891486807066,3789
"p346","ssp245","MPI-ESM1-2-LR","2075",0.12,0.59,0,99,0.2,49,84,79.65,0,0,0.3,0,18.6949142658943,3790
"p346","ssp245","MPI-ESM1-2-LR","2075",0.28,0.3,0,91,0.3,73,79,102.2,0,0,0,0,17.9841768054687,3791
"p346","ssp245","MPI-ESM1-2-LR","2075",0.28,0.24,0,106,0,63,76,87.65,0,0,0.6,0,18.554182176793,3792
"p346","ssp245","MPI-ESM1-2-LR","2075",0.26,0.34,0,96,0,59,106,82.32,0,0,0,0,19.42014103689,3793
"p346","ssp245","MPI-ESM1-2-LR","2075",0.24,0.55,0,105,0.1,61,73,92.65,0,0,0.1,0,19.1730436728339,3794
"p346","ssp245","MPI-ESM1-2-LR","2075",0.26,0.43,0,107,0.1,49,55,76.09,0.2,0,0.2,0,16.2191496070778,3795
"p346","ssp245","MPI-ESM1-2-LR","2075",0.13,0.23,0.25,93,0,44,65,64.73,0,0,0.1,0,17.3962135075566,3796
"p346","ssp245","MPI-ESM1-2-LR","2075",0.51,0.29,0,94,0.1,55,63,80.34,0,0,0.3,0,17.4982871489652,3797
"p346","ssp245","MPI-ESM1-2-LR","2075",0.37,0.54,0,94,0.1,58,67,88.44,0,0,0,0,18.1411629394133,3798
"p346","ssp245","MPI-ESM1-2-LR","2075",0.28,0.52,0,87,0,74,80,102.31,0,0,0.1,0,18.6130798140689,3799
"p346","ssp245","MPI-ESM1-2-LR","2075",0.29,0.2,0,86,0,74,89,99.66,0,0,0,0,19.1617931718573,3800
"p346","ssp245","MRI-ESM2-0","2075",0.4,0.22,0,87,0,47,53,75.86,0,0,0,0.2,17.3691575948373,3801
"p346","ssp245","MRI-ESM2-0","2075",0.28,0.31,0.25,93,0.2,46,52,70.79,0.1,0,0.1,0.05,17.2397660284773,3802
"p346","ssp245","MRI-ESM2-0","2075",0.46,0.22,0,94,0.1,88,94,111.85,0.1,0,0,0,18.2483741923491,3803
"p346","ssp245","MRI-ESM2-0","2075",0.23,0.12,0,93,0,88,94,110.15,0,0,0,0,19.1036933548603,3804
"p346","ssp245","MRI-ESM2-0","2075",0.47,0.27,0.25,92,0.1,52,58,80.66,0.1,0,0,0,16.9385626345008,3805
"p346","ssp245","MRI-ESM2-0","2075",0.18,0.45,0,105,0.2,81,87,101.91,0,0,0.3,0.2,18.8902110159377,3806
"p346","ssp245","MRI-ESM2-0","2075",0.42,0.12,0,87,0,74,80,95.35,0,0,0.2,0,18.2620778782812,3807
"p346","ssp245","MRI-ESM2-0","2075",0.37,0.23,0,85,0.1,46,52,78.88,0.1,0,0.1,0.25,17.6132275013016,3808
"p346","ssp245","MRI-ESM2-0","2075",0.33,0.14,0,93,0.1,67,73,96.93,0,0,0,0.05,18.800342621766,3809
"p346","ssp245","MRI-ESM2-0","2075",0.12,0,0.3,87,0,99,105,117.77,0,0,0,0,19.2368435490085,3810
"p346","ssp245","MRI-ESM2-0","2075",0.33,0.24,0.2,78,0.2,78,84,91.52,0,0,0,0.15,19.1152615204402,3811
"p346","ssp245","MRI-ESM2-0","2075",0.29,0.1,0,105,0.2,61,67,89.84,0.1,0,0.1,0.05,17.0305021981482,3812
"p346","ssp245","MRI-ESM2-0","2075",0.37,0.1,0.5,90,0,64,70,78.94,0,0,0.2,0,16.7921632278276,3813
"p346","ssp245","MRI-ESM2-0","2075",0.41,0.45,0.2,78,0.2,82,88,103.53,0.1,0,0,0.2,17.4853767482557,3814
"p346","ssp245","MRI-ESM2-0","2075",0.35,0.36,0,91,0,72,85,94.88,0,0,0,0.05,17.8872426561146,3815
"p346","ssp245","MRI-ESM2-0","2075",0.36,0.39,0,105,0,49,55,75.87,0.1,0,0,0.2,17.456041270913,3816
"p346","ssp245","MRI-ESM2-0","2075",0.15,0.23,0.2,96,0.4,70,76,90.82,0,0,0.1,0.05,17.7197547974487,3817
"p346","ssp245","MRI-ESM2-0","2075",0.28,0.62,0,106,0,59,77,87.6,0,0,0,0,18.2418987128074,3818
"p346","ssp245","MRI-ESM2-0","2075",0.64,0.39,0,98,0.3,58,90,86.75,0,0,0,0,19.4475536664859,3819
"p346","ssp245","MRI-ESM2-0","2075",0.63,0.37,0,74,0.1,77,87,96.34,0,0,0.2,0,19.3289700682732,3820
"p346","ssp245","MRI-ESM2-0","2075",0.6,0.5,0,102,0.1,63,69,81.34,0,0,0,0.2,18.2127528508352,3821
"p346","ssp245","MRI-ESM2-0","2075",0.31,0.4,0,97,0.3,72,83,96.92,0,0,0.1,0.1,17.9294463272639,3822
"p346","ssp245","MRI-ESM2-0","2075",0.38,0.23,0,94,0,45,75,78.03,0.1,0,0,0.05,17.9386971323073,3823
"p346","ssp245","MRI-ESM2-0","2075",0.25,0.25,0,100,0.1,45,51,77.76,0,0,0.1,0,17.9698301825894,3824
"p346","ssp245","MRI-ESM2-0","2075",0.39,0.43,0,100,0.1,68,82,78.35,0,0,0.2,0.15,18.5538628439374,3825
"p346","ssp245","MRI-ESM2-0","2075",0.17,0,0,105,0.1,55,61,86.57,0,0,0,0,18.7167836295082,3826
"p346","ssp245","MRI-ESM2-0","2075",0.31,0.22,0.25,70,0.1,67,73,89.55,0,0,0.3,0,18.603740044681,3827
"p346","ssp245","MRI-ESM2-0","2075",0.4,0.36,0,89,0.2,69,78,93.56,0,0,0,0.1,18.487098892502,3828
"p346","ssp245","MRI-ESM2-0","2075",0.47,0.59,0,83,0,48,54,75.08,0.1,0,0,0.05,17.9970834000739,3829
"p346","ssp245","MRI-ESM2-0","2075",0.29,0.11,0,96,0,46,52,75.68,0,0,0.2,0.3,17.2189646513364,3830
"p346","ssp245","MRI-ESM2-0","2075",0.41,0.35,0,90,0,49,81,82.36,0,0,0.1,0,17.7052585080439,3831
"p346","ssp245","MRI-ESM2-0","2075",0.27,0.22,0,90,0.1,59,65,79.98,0,0,0,0,18.3012299134729,3832
"p346","ssp245","MRI-ESM2-0","2075",0.51,0,0,99,0.2,79,85,96.7,0,0,0.1,0,18.1101122225548,3833
"p346","ssp245","MRI-ESM2-0","2075",0.48,0.18,0,90,0,54,64,77.35,0,0,0,0.15,18.0756100827426,3834
"p346","ssp245","MRI-ESM2-0","2075",0.31,0.16,0,100,0.15,54,60,82.12,0.6,0,0.1,0,16.4278840770276,3835
"p346","ssp245","MRI-ESM2-0","2075",0.48,0.54,0,98,0.1,73,79,94.62,0,0,0,0,18.1167936357248,3836
"p346","ssp245","MRI-ESM2-0","2075",0.46,0.7,0,95,0.1,81,87,101.82,0,0,0,0.1,17.3080810769671,3837
"p346","ssp245","MRI-ESM2-0","2075",0.25,0.5,0,98,0,44,50,79.22,0,0,0,0,17.1309050499628,3838
"p346","ssp245","MRI-ESM2-0","2075",0.33,0.1,0,91,0.3,59,65,89.62,0.1,0,0,0.3,16.471858524594,3839
"p346","ssp245","MRI-ESM2-0","2075",0.4,0.49,0,78,0,48,54,80.09,0.1,0,0.1,0.05,16.7147028434461,3840
"p346","ssp245","MRI-ESM2-0","2075",0.4,0.56,0,110,0.1,69,75,96.19,0,0,0,0,18.1071015753745,3841
"p346","ssp245","MRI-ESM2-0","2075",0.38,0.12,0,100,0,57,63,83.47,0,0,0.1,0.05,18.6179721867497,3842
"p346","ssp245","MRI-ESM2-0","2075",0.31,0.35,0,97,0.2,91,97,112.53,0,0,0,0.05,18.5977285066496,3843
"p346","ssp245","MRI-ESM2-0","2075",0.29,0.26,0,104,0.1,73,79,89.21,0,0,0,0.05,18.2107973837046,3844
"p346","ssp245","MRI-ESM2-0","2075",0.3,0.7,0.2,106,0,76,84,95.55,0,0,0.2,0.05,18.0568745685687,3845
"p346","ssp245","MRI-ESM2-0","2075",0.39,0.35,0,108,0.1,67,73,87.19,0,0,0.1,0.1,18.6717968658478,3846
"p346","ssp245","MRI-ESM2-0","2075",0.31,0.31,0,94,0.1,104,110,117.46,0,0,0,0.05,20.0616265258529,3847
"p346","ssp245","MRI-ESM2-0","2075",0.32,0.36,0,84,0,60,84,85.86,0,0,0.2,0,18.3454500872057,3848
"p346","ssp245","MRI-ESM2-0","2075",0.4,0.17,0,90,0,64,70,87.93,0,0,0.3,0,18.2757926333462,3849
"p346","ssp245","MRI-ESM2-0","2075",0.24,0,0.3,84,0.1,95,117,108.69,0,0,0,0,19.8522594635172,3850
"p346","ssp245","MRI-ESM2-0","2075",0.1,0.29,0,87,0,71,77,95.89,0,0,0.2,0.1,18.0901491381658,3851
"p346","ssp245","MRI-ESM2-0","2075",0.37,0.23,0,90,0,50,56,81.19,0,0,0.2,0,17.3858750446209,3852
"p346","ssp245","MRI-ESM2-0","2075",0.32,0.14,0,100,0.3,58,64,87.87,0,0,0,0.05,17.5084275943406,3853
"p346","ssp245","MRI-ESM2-0","2075",0.32,0.26,0,94,0,67,75,90.57,0,0,0.2,0.1,18.1828447553409,3854
"p346","ssp245","MRI-ESM2-0","2075",0.38,0.1,0,84,0,62,68,84.4,0,0,0.2,0.05,17.7523184556164,3855
"p346","ssp245","MRI-ESM2-0","2075",0.27,0.11,0,99,0.6,81,87,96.75,0,0,0.1,0,18.7223223306571,3856
"p346","ssp245","MRI-ESM2-0","2075",0.16,0,0,98,0.2,65,81,92.99,0,0,0,0.05,18.4621072704709,3857
"p346","ssp245","MRI-ESM2-0","2075",0.14,0,0,87,0.2,80,86,95.85,0,0,0,0,18.8966378479347,3858
"p346","ssp245","MRI-ESM2-0","2075",0.4,0.13,0,110,0,65,71,88.9,0,0,0,0,17.9233391460507,3859
"p346","ssp245","MRI-ESM2-0","2075",0.19,0.19,0.2,94,0,79,85,99.31,0,0,0,0.05,18.4674515626839,3860
"p346","ssp245","MRI-ESM2-0","2075",0.19,0.25,0.2,87,0,95,101,105.76,0,0,0.2,0,18.7268301464512,3861
"p346","ssp245","MRI-ESM2-0","2075",0.26,0.1,0,73,0,47,56,74.23,0.1,0,0,0,16.8394726785111,3862
"p346","ssp245","MRI-ESM2-0","2075",0.26,0.2,0,94,0,61,67,86.21,0,0,0.4,0.05,18.5622135525623,3863
"p346","ssp245","MRI-ESM2-0","2075",0.29,0.38,0,97,0,88,94,109.42,0,0,0.1,0,19.7071852989661,3864
"p346","ssp245","MRI-ESM2-0","2075",0.22,0.24,0,71,0,52,71,88.03,0,0,0.2,0,18.1437983551114,3865
"p346","ssp245","MRI-ESM2-0","2075",0.15,0.45,0,91,0,75,81,93.24,0,0,0,0,19.0098450909653,3866
"p346","ssp245","MRI-ESM2-0","2075",0.3,0.22,0,84,0.25,66,72,94,0,0,0.1,0,18.3508161281604,3867
"p346","ssp245","MRI-ESM2-0","2075",0.29,0.12,0,93,0.1,78,84,99.38,0.2,0,0,0,18.2834365024636,3868
"p346","ssp245","MRI-ESM2-0","2075",0.36,0.44,0,96,0,69,75,92.29,0,0,0.1,0.05,18.2937796294558,3869
"p346","ssp245","MRI-ESM2-0","2075",0.33,0.52,0,106,0.1,55,61,83.47,0,0,0.1,0.05,16.7723786131489,3870
"p346","ssp245","MRI-ESM2-0","2075",0.15,0.12,0.2,89,0.2,50,56,74.26,0,0,0.2,0,17.1455700268785,3871
"p346","ssp245","MRI-ESM2-0","2075",0.25,0.14,0,93,0.1,60,77,88.4,0,0,0,0,18.1015011949754,3872
"p346","ssp245","MRI-ESM2-0","2075",0.14,0.29,0,95,0,78,84,88.55,0,0,0.1,0.05,19.1122252166066,3873
"p346","ssp245","MRI-ESM2-0","2075",0.46,0.32,0,91,0.3,45,51,72.45,0.3,0,0.1,0,16.2840491515032,3874
"p346","ssp245","MRI-ESM2-0","2075",0.32,0.22,0,75,0.1,70,77,98.15,0,0,0.1,0,18.0448063613248,3875
"p346","ssp245","MRI-ESM2-0","2075",0.17,0.2,0,79,0.1,54,60,78.74,0.1,0,0,0.1,17.1381978492789,3876
"p346","ssp245","MRI-ESM2-0","2075",0.36,0.22,0,91,0.1,63,69,86.68,0,0,0.2,0.3,17.7550349517731,3877
"p346","ssp245","MRI-ESM2-0","2075",0.23,0.24,0,100,0,69,75,92.84,0,0,0,0,18.2980141861319,3878
"p346","ssp245","MRI-ESM2-0","2075",0.13,0.3,0,87,0.2,49,55,81.22,0,0,0.1,0,18.0671320969132,3879
"p346","ssp245","MRI-ESM2-0","2075",0.23,0.12,0,92,0.1,86,92,104.03,0,0,0.1,0,18.7099172903576,3880
"p346","ssp245","MRI-ESM2-0","2075",0.3,0,0,98,0,72,78,95.72,0,0,0.1,0,16.8825187899573,3881
"p346","ssp245","MRI-ESM2-0","2075",0.51,0.42,0,102,0,78,84,101.3,0,0,0.1,0,19.1408738706955,3882
"p346","ssp245","MRI-ESM2-0","2075",0.26,0.25,0,93,0.1,70,83,92.25,0,0,0.2,0,17.3757126621731,3883
"p346","ssp245","MRI-ESM2-0","2075",0.11,0.22,0,84,0.1,95,101,108.91,0,0,0,0,19.0562531153103,3884
"p346","ssp245","MRI-ESM2-0","2075",0.33,0.21,0,90,0.45,89,106,107.43,0,0,0,0.1,20.0177409359658,3885
"p346","ssp245","MRI-ESM2-0","2075",0.24,0.37,0.4,84,0.4,81,87,100.38,0,0,0.1,0,19.682858411381,3886
"p346","ssp245","MRI-ESM2-0","2075",0.36,0.12,0,84,0.1,72,81,93.23,0,0,0.1,0,17.9276760139586,3887
"p346","ssp245","MRI-ESM2-0","2075",0.42,0.2,0,100,0,84,90,104.87,0,0,0.1,0,19.187595491923,3888
"p346","ssp245","MRI-ESM2-0","2075",0.33,0,0,76,0.1,99,105,114.82,0,0,0,0,18.7334456329969,3889
"p346","ssp245","MRI-ESM2-0","2075",0.11,0.58,0,96,0.3,82,88,100.74,0,0,0.2,0,18.6053589785392,3890
"p346","ssp245","MRI-ESM2-0","2075",0.24,0.3,0,87,0.2,76,82,98.06,0,0,0.1,0,17.9467999579955,3891
"p346","ssp245","MRI-ESM2-0","2075",0.23,0.12,0,102,0,78,84,98.7,0,0,0.4,0,18.6408967961053,3892
"p346","ssp245","MRI-ESM2-0","2075",0.21,0.23,0,93,0,107,113,114.04,0,0,0,0.2,19.9337720334854,3893
"p346","ssp245","MRI-ESM2-0","2075",0.24,0.43,0,102,0.1,64,78,91.26,0,0,0,0,19.2160253703743,3894
"p346","ssp245","MRI-ESM2-0","2075",0.2,0.41,0,103,0.1,55,86,83.42,0.1,0,0.1,0.05,17.3865944931576,3895
"p346","ssp245","MRI-ESM2-0","2075",0.13,0.21,0.3,93,0.2,45,74,65.22,0,0,0.1,0,17.3165809620632,3896
"p346","ssp245","MRI-ESM2-0","2075",0.42,0.42,0,90,0.1,62,77,82.82,0,0,0.2,0,17.6150127852375,3897
"p346","ssp245","MRI-ESM2-0","2075",0.36,0.42,0,92,0.1,59,70,86.42,0,0,0,0.1,18.029491765595,3898
"p346","ssp245","MRI-ESM2-0","2075",0.23,0.51,0,89,0.1,75,81,100.37,0,0,0,0,18.6829385015381,3899
"p346","ssp245","MRI-ESM2-0","2075",0.29,0.3,0,83,0,76,93,98.32,0,0,0,0,19.1049281163483,3900
"p346","ssp245","NESM3","2075",0.4,0.22,0,106,0,45,51,71.01,0,0,0,0.15,17.7710084560904,3901
"p346","ssp245","NESM3","2075",0.28,0.52,0.25,101,0.2,46,52,74.84,0,0,0.1,0,17.7235956956906,3902
"p346","ssp245","NESM3","2075",0.47,0.4,0,110,0.1,77,89,105.54,0,0,0,0,18.3923575603811,3903
"p346","ssp245","NESM3","2075",0.23,0.35,0,110,0.1,60,90,90.07,0,0,0,0,19.3980385221714,3904
"p346","ssp245","NESM3","2075",0.52,0.16,0.25,106,0.1,52,58,80.87,0,0,0,0,17.3421363647613,3905
"p346","ssp245","NESM3","2075",0.18,0.66,0,115,0.2,50,56,78.19,0.2,0,0.3,0.15,17.5520796439141,3906
"p346","ssp245","NESM3","2075",0.42,0.54,0,107,0,47,72,79.9,0,0,0.2,0,18.4097226550669,3907
"p346","ssp245","NESM3","2075",0.37,0.35,0,100,0.1,46,52,79.51,0.1,0,0.2,0.2,18.0198445088413,3908
"p346","ssp245","NESM3","2075",0.39,0.24,0,115,0.1,47,67,83.26,0,0,0,0,18.8405941897265,3909
"p346","ssp245","NESM3","2075",0.13,0,0,105,0.1,46,99,81.66,0,0,0,0,19.256985589368,3910
"p346","ssp245","NESM3","2075",0.34,0.24,0,110,0.2,54,77,76.63,0,0,0,0.05,19.2318930254451,3911
"p346","ssp245","NESM3","2075",0.3,0.47,0,114,0.1,60,66,90,0,0,0.1,0,17.3635379834778,3912
"p346","ssp245","NESM3","2075",0.42,0.2,0.5,105,0,53,59,70.52,0,0,0.1,0,17.1703192308766,3913
"p346","ssp245","NESM3","2075",0.41,0.66,0,93,0.1,50,57,78.35,0,0,0.1,0.2,16.7216507058557,3914
"p346","ssp245","NESM3","2075",0.35,0.48,0,99,0.1,62,70,85.49,0,0,0,0,17.7965321962255,3915
"p346","ssp245","NESM3","2075",0.36,0.72,0,121,0,46,52,70.56,0,0,0.1,0.1,17.9082917107517,3916
"p346","ssp245","NESM3","2075",0.16,0.45,0.2,105,0.4,50,69,76.98,0,0,0.1,0,17.9763363167947,3917
"p346","ssp245","NESM3","2075",0.28,0.48,0,120,0,57,63,85.18,0,0,0,0,18.2211307723333,3918
"p346","ssp245","NESM3","2075",0.67,0.47,0,112,0.3,54,60,83.31,0.1,0,0,0,18.058055712942,3919
"p346","ssp245","NESM3","2075",0.66,0.37,0,96,0.1,50,76,79.88,0,0,0.2,0,19.2061778912779,3920
"p346","ssp245","NESM3","2075",0.6,0.8,0,116,0,59,65,73.79,0,0,0,0.1,18.6805712706978,3921
"p346","ssp245","NESM3","2075",0.4,0.47,0.2,104,0.3,71,77,96.68,0,0,0.1,0,18.2815446405153,3922
"p346","ssp245","NESM3","2075",0.38,0.56,0,114,0.1,44,50,73.37,0.1,0,0.1,0.05,17.4948483953399,3923
"p346","ssp245","NESM3","2075",0.3,0.48,0,112,0.1,45,51,79.38,0,0,0.1,0,18.4175415970699,3924
"p346","ssp245","NESM3","2075",0.44,0.52,0,111,0.1,53,62,71.9,0,0,0.5,0.1,18.2611553344011,3925
"p346","ssp245","NESM3","2075",0.22,0.33,0,121,0,51,57,84.41,0,0,0,0,19.1219673376583,3926
"p346","ssp245","NESM3","2075",0.38,0.44,0.25,93,0,66,72,93.14,0,0,0.3,0,18.8963424424002,3927
"p346","ssp245","NESM3","2075",0.4,0.62,0,104,0.3,52,59,79.39,0,0,0,0.05,18.0311897229598,3928
"p346","ssp245","NESM3","2075",0.54,0.63,0,98,0,47,53,76.38,0,0,0,0.05,18.4028431172608,3929
"p346","ssp245","NESM3","2075",0.35,0.5,0,109,0,45,51,75.13,0,0,0.2,0.3,17.5686888165372,3930
"p346","ssp245","NESM3","2075",0.41,0.48,0,105,0.1,47,55,79.1,0.1,0,0.1,0,16.6597402775018,3931
"p346","ssp245","NESM3","2075",0.27,0.29,0,108,0.3,58,64,82.85,0,0,0,0,18.7014928327262,3932
"p346","ssp245","NESM3","2075",0.52,0.37,0,108,0.2,70,81,91.03,0,0,0.1,0,18.2747367766505,3933
"p346","ssp245","NESM3","2075",0.48,0.41,0,105,0,52,58,77.84,0,0,0,0.1,18.3685008539195,3934
"p346","ssp245","NESM3","2075",0.31,0.27,0,106,0.15,52,58,79.78,0.3,0,0.3,0,16.8522605289802,3935
"p346","ssp245","NESM3","2075",0.48,0.88,0,108,0.1,63,69,87.25,0,0,0,0,18.1772007713366,3936
"p346","ssp245","NESM3","2075",0.46,0.9,0.2,110,0,78,84,99.24,0,0,0,0.05,17.6572443693751,3937
"p346","ssp245","NESM3","2075",0.25,0.59,0,101,0,44,50,77.37,0,0,0.1,0,17.6897345749359,3938
"p346","ssp245","NESM3","2075",0.33,0.21,0,107,0.1,51,59,79.57,0.1,0,0.1,0.2,16.8067224353161,3939
"p346","ssp245","NESM3","2075",0.42,0.49,0,98,0,48,54,80.7,0,0,0.2,0,17.2881501298516,3940
"p346","ssp245","NESM3","2075",0.46,0.76,0,119,0.1,51,57,80.78,0,0,0,0,17.935180047412,3941
"p346","ssp245","NESM3","2075",0.38,0.38,0,107,0,56,62,85.13,0,0,0.1,0.05,18.9078886166901,3942
"p346","ssp245","NESM3","2075",0.31,0.61,0,107,0.2,57,93,88.85,0,0,0,0,18.7325649886421,3943
"p346","ssp245","NESM3","2075",0.29,0.44,0.2,112,0.1,59,73,81.08,0,0,0,0.05,18.4678385218044,3944
"p346","ssp245","NESM3","2075",0.3,0.75,0.2,112,0.1,75,81,95.61,0,0,0.1,0.05,18.2468393582728,3945
"p346","ssp245","NESM3","2075",0.39,0.73,0,123,0.1,54,60,79.32,0,0,0.1,0.05,18.5651285235677,3946
"p346","ssp245","NESM3","2075",0.31,0.56,0,105,0.1,103,109,120.75,0,0,0,0,20.2126108021675,3947
"p346","ssp245","NESM3","2075",0.33,0.49,0,99,0,53,60,82.54,0,0,0.2,0,17.7096414458292,3948
"p346","ssp245","NESM3","2075",0.49,0.47,0,110,0,62,68,90.17,0,0,0.3,0,18.6018390476699,3949
"p346","ssp245","NESM3","2075",0.23,0.18,0.3,98,0,49,92,71.1,0.1,0,0,0,18.0034169328878,3950
"p346","ssp245","NESM3","2075",0.22,0.3,0.2,95,0.1,53,59,78.23,0,0,0.1,0,18.0799224316353,3951
"p346","ssp245","NESM3","2075",0.37,0.35,0,121,0,48,54,78.55,0,0,0.2,0,17.8472484916675,3952
"p346","ssp245","NESM3","2075",0.32,0.31,0,110,0.3,56,62,84.07,0,0,0,0,17.9127493156214,3953
"p346","ssp245","NESM3","2075",0.35,0.4,0,115,0,55,61,83.24,0,0,0.3,0.1,18.1740492818126,3954
"p346","ssp245","NESM3","2075",0.44,0.31,0,109,0,56,63,79.08,0,0,0.3,0.05,18.1305254895099,3955
"p346","ssp245","NESM3","2075",0.27,0.44,0,108,0.6,77,83,97.37,0,0,0.2,0,18.9658079320667,3956
"p346","ssp245","NESM3","2075",0.16,0.33,0,120,0.1,53,62,84.97,0.2,0,0,0.05,18.0178801094126,3957
"p346","ssp245","NESM3","2075",0.14,0.14,0,94,0.2,79,85,99.24,0,0,0,0,19.1982485165322,3958
"p346","ssp245","NESM3","2075",0.4,0.51,0,120,0,62,68,85.51,0,0,0,0,18.3200728705977,3959
"p346","ssp245","NESM3","2075",0.19,0.46,0.2,109,0,65,80,86.91,0,0,0,0,18.7875424978531,3960
"p346","ssp245","NESM3","2075",0.26,0.37,0.2,105,0.1,58,88,82.92,0,0,0.2,0,18.8247480545941,3961
"p346","ssp245","NESM3","2075",0.26,0.31,0,92,0,46,52,76.56,0.1,0,0,0,17.2213380984497,3962
"p346","ssp245","NESM3","2075",0.26,0.39,0,112,0.1,60,66,88.26,0,0,0.4,0.05,19.0099740221022,3963
"p346","ssp245","NESM3","2075",0.29,0.57,0,105,0,45,51,78.57,0,0,0.2,0,17.8864749091641,3964
"p346","ssp245","NESM3","2075",0.22,0.22,0,87,0,50,56,85.69,0,0,0.2,0,17.9036721165893,3965
"p346","ssp245","NESM3","2075",0.15,0.59,0,105,0.1,74,80,95.47,0,0,0,0,19.1604620996356,3966
"p346","ssp245","NESM3","2075",0.31,0.25,0,102,0.1,63,69,91.24,0,0,0.1,0,18.8032590309685,3967
"p346","ssp245","NESM3","2075",0.35,0.34,0,116,0.1,77,83,100.84,0.1,0,0,0,18.6503262889449,3968
"p346","ssp245","NESM3","2075",0.31,0.6,0,107,0.1,68,74,91.94,0,0,0.1,0.05,18.4990853017534,3969
"p346","ssp245","NESM3","2075",0.35,0.8,0,115,0.1,45,54,75.55,0,0,0.1,0.05,17.3763578238073,3970
"p346","ssp245","NESM3","2075",0.15,0.43,0.2,106,0.2,49,55,75.59,0,0,0.2,0,17.6238914133034,3971
"p346","ssp245","NESM3","2075",0.25,0.46,0,103,0.1,59,65,85.34,0,0,0,0,18.1053314461502,3972
"p346","ssp245","NESM3","2075",0.19,0.44,0,111,0,78,84,89.13,0,0,0.1,0.05,19.3580645169034,3973
"p346","ssp245","NESM3","2075",0.46,0.59,0,107,0.1,44,50,69.3,0.1,0,0.1,0,16.6622234943247,3974
"p346","ssp245","NESM3","2075",0.32,0.43,0,88,0.1,50,56,82.2,0,0,0.1,0,17.8381200117299,3975
"p346","ssp245","NESM3","2075",0.17,0.35,0,95,0.1,51,57,80.32,0.1,0,0,0.05,17.4306025578015,3976
"p346","ssp245","NESM3","2075",0.36,0.27,0,111,0.1,60,66,87.63,0,0,0.2,0.25,18.0518255790169,3977
"p346","ssp245","NESM3","2075",0.23,0.24,0,112,0.1,67,73,93.7,0,0,0.1,0,18.6150491379778,3978
"p346","ssp245","NESM3","2075",0.15,0.5,0,101,0.2,48,54,82.74,0,0,0.2,0,18.5191657359548,3979
"p346","ssp245","NESM3","2075",0.23,0.47,0,106,0,84,90,103.8,0,0,0.1,0,18.9812881303217,3980
"p346","ssp245","NESM3","2075",0.3,0.41,0,124,0,71,77,93.38,0,0,0.1,0,17.1915660014015,3981
"p346","ssp245","NESM3","2075",0.52,0.55,0,106,0,46,72,74.21,0,0,0.2,0,19.0585251039521,3982
"p346","ssp245","NESM3","2075",0.28,0.25,0,106,0.1,46,68,77.99,0,0,0.4,0,17.447558083051,3983
"p346","ssp245","NESM3","2075",0.11,0.23,0,104,0,90,96,106.71,0,0,0,0,19.2131688444985,3984
"p346","ssp245","NESM3","2075",0.34,0.56,0,108,0.4,76,89,97.87,0,0,0,0.1,18.9115872934988,3985
"p346","ssp245","NESM3","2075",0.24,0.31,0.2,105,0.3,48,84,79.2,0,0,0.2,0,19.8110738029496,3986
"p346","ssp245","NESM3","2075",0.42,0.38,0,103,0.1,71,77,92.05,0,0,0.2,0,18.0337070181959,3987
"p346","ssp245","NESM3","2075",0.42,0.57,0,121,0,50,57,79.89,0,0,0,0,17.9109833704913,3988
"p346","ssp245","NESM3","2075",0.34,0.13,0,110,0.1,62,94,91.46,0,0,0,0,18.397999639046,3989
"p346","ssp245","NESM3","2075",0.11,0.73,0.2,103,0.2,49,84,79.43,0,0,0.2,0,18.8200449686679,3990
"p346","ssp245","NESM3","2075",0.26,0.57,0,110,0.3,73,79,100.61,0,0,0.1,0,18.1567779182726,3991
"p346","ssp245","NESM3","2075",0.23,0.24,0,114,0,63,76,85.03,0,0,0.3,0,18.6155650148047,3992
"p346","ssp245","NESM3","2075",0.21,0.65,0,108,0,58,104,79.46,0,0,0,0.15,19.5378969100158,3993
"p346","ssp245","NESM3","2075",0.24,0.64,0,111,0.1,61,73,93,0,0,0.1,0,19.2720268335898,3994
"p346","ssp245","NESM3","2075",0.2,0.44,0.25,116,0.1,49,55,75.12,0.2,0,0.1,0,16.3731003579817,3995
"p346","ssp245","NESM3","2075",0.13,0.51,0.3,106,0.2,44,65,63.25,0,0,0.1,0,17.5729577101058,3996
"p346","ssp245","NESM3","2075",0.48,0.49,0,97,0.1,55,63,78.57,0,0,0.2,0,17.6539544326983,3997
"p346","ssp245","NESM3","2075",0.37,0.78,0,102,0.1,58,67,85.6,0,0,0,0.05,18.288305767806,3998
"p346","ssp245","NESM3","2075",0.23,0.61,0,94,0.1,75,81,99.75,0,0,0.1,0,18.9893610935835,3999
"p346","ssp245","NESM3","2075",0.29,0.45,0,107,0,75,91,100.41,0,0,0,0,19.2131188469507,4000
"p346","ssp245","UKESM1-0-LL","2075",0.4,0.43,0,104,0,45,51,65.47,0,0,0,0.4,18.2842548044754,4001
"p346","ssp245","UKESM1-0-LL","2075",0.33,0.51,0,100,0.2,45,51,74.74,0,0,0.1,0.1,18.3131075305176,4002
"p346","ssp245","UKESM1-0-LL","2075",0.47,0.8,0,112,0.1,49,61,84.57,0,0,0.1,0.35,17.8675140444157,4003
"p346","ssp245","UKESM1-0-LL","2075",0.23,0.63,0,114,0.1,59,65,82.45,0,0,0.1,0,18.4784047902471,4004
"p346","ssp245","UKESM1-0-LL","2075",0.52,0.43,0.25,106,0.1,52,58,77.45,0,0,0,0.1,18.1418692836937,4005
"p346","ssp245","UKESM1-0-LL","2075",0.18,0.73,0,110,0.2,48,54,76.92,0.1,0,0.1,0.4,17.9919648212226,4006
"p346","ssp245","UKESM1-0-LL","2075",0.42,0.82,0,109,0,47,65,80.82,0,0,0.3,0,18.5459947677301,4007
"p346","ssp245","UKESM1-0-LL","2075",0.37,0.53,0,103,0,45,51,72.8,0.1,0,0.2,0.85,18.5012993805085,4008
"p346","ssp245","UKESM1-0-LL","2075",0.39,0.39,0,118,0.1,47,63,81.07,0,0,0.1,0.4,19.4425801884612,4009
"p346","ssp245","UKESM1-0-LL","2075",0.19,0.32,0,111,0,46,70,81.21,0.2,0,0,0,17.8229766374694,4010
"p346","ssp245","UKESM1-0-LL","2075",0.34,0.54,0,112,0.2,54,60,71.79,0.1,0,0,0.4,18.9947952320651,4011
"p346","ssp245","UKESM1-0-LL","2075",0.31,0.65,0,114,0.1,59,65,88.96,0,0,0.2,0.2,18.0506278274325,4012
"p346","ssp245","UKESM1-0-LL","2075",0.42,0.32,0.5,101,0,53,59,65.75,0,0,0.2,0,17.8532263438345,4013
"p346","ssp245","UKESM1-0-LL","2075",0.44,0.67,0,93,0.1,50,56,73.7,0,0,0.2,0.5,17.5698162950673,4014
"p346","ssp245","UKESM1-0-LL","2075",0.35,0.68,0,98,0.1,58,64,79.05,0,0,0,0.1,18.3497396476345,4015
"p346","ssp245","UKESM1-0-LL","2075",0.36,0.77,0,120,0,46,52,69.42,0,0,0.1,0.4,18.560596679267,4016
"p346","ssp245","UKESM1-0-LL","2075",0.28,0.54,0,104,0.4,49,66,74.4,0,0,0.1,0.1,18.4730749384523,4017
"p346","ssp245","UKESM1-0-LL","2075",0.28,0.47,0,119,0,56,62,83.14,0,0,0.1,0.1,18.9851352292483,4018
"p346","ssp245","UKESM1-0-LL","2075",0.69,0.33,0,106,0.3,52,58,79.7,0,0,0,0,18.4183209692669,4019
"p346","ssp245","UKESM1-0-LL","2075",0.69,0.44,0,101,0.1,50,74,81.05,0,0,0.1,0.25,19.4527516691753,4020
"p346","ssp245","UKESM1-0-LL","2075",0.6,0.86,0,114,0,59,65,71.58,0,0,0,0.55,19.3502205047803,4021
"p346","ssp245","UKESM1-0-LL","2075",0.43,0.5,0.2,102,0.3,70,76,90.81,0,0,0.1,0.45,18.511705100014,4022
"p346","ssp245","UKESM1-0-LL","2075",0.38,0.7,0,107,0.1,44,50,70.17,0.1,0,0.1,0.25,18.0013462062311,4023
"p346","ssp245","UKESM1-0-LL","2075",0.31,0.64,0,112,0.1,45,51,79.79,0,0,0.1,0.15,19.2398643169943,4024
"p346","ssp245","UKESM1-0-LL","2075",0.44,0.51,0,107,0.1,52,58,74.56,0,0,0.3,0.55,18.4047528833285,4025
"p346","ssp245","UKESM1-0-LL","2075",0.24,0.49,0,119,0,51,57,82.33,0,0,0,0.2,19.8556574360774,4026
"p346","ssp245","UKESM1-0-LL","2075",0.38,0.55,0,99,0,65,71,92.6,0,0,0.3,0.15,19.3915533348238,4027
"p346","ssp245","UKESM1-0-LL","2075",0.4,0.74,0,104,0.3,52,58,72.73,0,0.1,0.1,0.35,18.5690137898156,4028
"p346","ssp245","UKESM1-0-LL","2075",0.54,0.84,0,98,0,47,53,76.67,0,0,0.1,0.2,18.9238658758767,4029
"p346","ssp245","UKESM1-0-LL","2075",0.37,0.59,0,110,0,45,51,74.06,0,0.2,0.1,0.8,18.6519248630974,4030
"p346","ssp245","UKESM1-0-LL","2075",0.41,0.75,0,105,0,47,53,77.46,0.1,0,0.1,0.05,17.4502710773594,4031
"p346","ssp245","UKESM1-0-LL","2075",0.27,0.5,0,106,0.2,57,63,83.63,0,0,0,0.05,19.2013746496619,4032
"p346","ssp245","UKESM1-0-LL","2075",0.52,0.63,0,106,0.2,67,74,86,0,0,0,0,18.5426326708702,4033
"p346","ssp245","UKESM1-0-LL","2075",0.49,0.73,0,106,0,52,58,76.68,0,0,0,0.7,18.9479189700123,4034
"p346","ssp245","UKESM1-0-LL","2075",0.36,0.24,0,109,0.15,52,58,79.15,0,0,0.3,0.35,17.3136241017005,4035
"p346","ssp245","UKESM1-0-LL","2075",0.54,0.97,0,106,0.1,62,68,87.73,0,0,0,0.1,18.4979103960745,4036
"p346","ssp245","UKESM1-0-LL","2075",0.46,0.96,0,109,0,75,81,91.75,0,0,0,0.4,17.883592849927,4037
"p346","ssp245","UKESM1-0-LL","2075",0.25,0.77,0,102,0,44,50,74.14,0,0,0,0.3,18.772049787484,4038
"p346","ssp245","UKESM1-0-LL","2075",0.35,0.38,0,104,0.1,51,58,76.3,0.1,0,0.1,0.75,17.7370207328157,4039
"p346","ssp245","UKESM1-0-LL","2075",0.43,0.64,0,100,0,48,54,78.02,0,0,0.3,0.25,17.8893099222703,4040
"p346","ssp245","UKESM1-0-LL","2075",0.56,1,0,118,0.1,51,57,74.22,0,0,0.1,0.25,18.5539779923939,4041
"p346","ssp245","UKESM1-0-LL","2075",0.38,0.82,0,108,0,55,61,82.51,0,0,0.2,0.15,19.6486150229539,4042
"p346","ssp245","UKESM1-0-LL","2075",0.36,0.51,0,103,0.2,57,80,83.54,0,0,0.1,0.45,18.6588465215207,4043
"p346","ssp245","UKESM1-0-LL","2075",0.29,0.7,0.2,114,0.1,58,64,78.8,0,0,0,0.15,18.396879567713,4044
"p346","ssp245","UKESM1-0-LL","2075",0.3,0.91,0,114,0.1,60,76,81.29,0,0,0.1,0.05,18.6087489666482,4045
"p346","ssp245","UKESM1-0-LL","2075",0.4,0.83,0,121,0.1,54,60,77.73,0,0,0.1,0.4,19.054235123888,4046
"p346","ssp245","UKESM1-0-LL","2075",0.31,0.5,0,100,0.1,62,82,88.91,0,0,0.1,0.15,18.521824191859,4047
"p346","ssp245","UKESM1-0-LL","2075",0.33,0.64,0,96,0,52,58,79.61,0,0,0.2,0.5,18.354628859728,4048
"p346","ssp245","UKESM1-0-LL","2075",0.54,0.72,0,107,0,61,67,90.69,0,0,0.1,0.15,19.2104384993909,4049
"p346","ssp245","UKESM1-0-LL","2075",0.24,0.29,0.3,100,0,48,54,69.73,0,0,0,0.05,16.8630596212796,4050
"p346","ssp245","UKESM1-0-LL","2075",0.23,0.1,0.4,96,0.1,50,56,74.2,0,0.1,0.2,0.3,18.5984285213739,4051
"p346","ssp245","UKESM1-0-LL","2075",0.37,0.67,0.25,122,0,48,54,78.21,0,0,0.2,0,18.7733349218477,4052
"p346","ssp245","UKESM1-0-LL","2075",0.32,0.56,0.25,113,0.3,56,62,78.01,0,0,0,0.25,18.8123366817453,4053
"p346","ssp245","UKESM1-0-LL","2075",0.35,0.89,0,118,0,54,60,77.25,0,0,0.1,0.5,18.9914858313699,4054
"p346","ssp245","UKESM1-0-LL","2075",0.44,0.65,0,107,0,55,61,75.38,0,0,0.2,0.35,18.7237604193786,4055
"p346","ssp245","UKESM1-0-LL","2075",0.27,0.68,0,109,0.6,74,80,95.71,0,0,0.2,0,19.551051251968,4056
"p346","ssp245","UKESM1-0-LL","2075",0.16,0.52,0,125,0.1,52,58,79.18,0.2,0,0,0.25,18.6443422646983,4057
"p346","ssp245","UKESM1-0-LL","2075",0.14,0.64,0,99,0.2,68,74,90.24,0,0.1,0,0.15,19.7037132603543,4058
"p346","ssp245","UKESM1-0-LL","2075",0.4,0.62,0,116,0,58,64,74.23,0,0,0,0.05,18.8332803966815,4059
"p346","ssp245","UKESM1-0-LL","2075",0.25,0.52,0,103,0,64,70,83.01,0,0,0,0.2,18.6245229603988,4060
"p346","ssp245","UKESM1-0-LL","2075",0.37,0.39,0,104,0,57,65,82.92,0,0,0.1,0.15,17.8897020035897,4061
"p346","ssp245","UKESM1-0-LL","2075",0.26,0.55,0,94,0,45,51,76.48,0.1,0,0,0.2,17.91606081347,4062
"p346","ssp245","UKESM1-0-LL","2075",0.26,0.48,0,111,0.1,59,65,81.57,0,0,0.3,0.55,19.1958064283494,4063
"p346","ssp245","UKESM1-0-LL","2075",0.33,0.74,0,105,0,45,51,79.5,0,0,0.4,0.3,18.5803098019417,4064
"p346","ssp245","UKESM1-0-LL","2075",0.25,0.42,0,93,0,50,56,81.47,0,0,0.2,0.1,18.6510409523674,4065
"p346","ssp245","UKESM1-0-LL","2075",0.15,0.68,0,103,0,74,80,96.06,0,0,0,0.25,19.4688244074528,4066
"p346","ssp245","UKESM1-0-LL","2075",0.31,0.4,0,105,0.1,62,68,85.14,0,0,0,0.05,19.3874169990354,4067
"p346","ssp245","UKESM1-0-LL","2075",0.36,0.69,0,117,0.1,66,74,90.49,0.1,0,0.1,0.1,19.079126246275,4068
"p346","ssp245","UKESM1-0-LL","2075",0.36,0.68,0,104,0.1,68,74,86.58,0,0,0.1,0.5,19.1207338863456,4069
"p346","ssp245","UKESM1-0-LL","2075",0.45,0.77,0,109,0.1,45,54,75.22,0,0,0.1,0.2,17.95983375459,4070
"p346","ssp245","UKESM1-0-LL","2075",0.15,0.47,0.2,108,0.2,49,55,73.95,0,0,0,0.05,18.4274850763284,4071
"p346","ssp245","UKESM1-0-LL","2075",0.25,0.66,0,108,0.1,58,64,79.89,0,0,0,0.05,18.6080409912687,4072
"p346","ssp245","UKESM1-0-LL","2075",0.19,0.52,0,113,0,76,82,85.79,0,0,0.1,0.45,19.5250361429079,4073
"p346","ssp245","UKESM1-0-LL","2075",0.46,0.72,0,110,0.1,44,50,65.79,0,0,0.1,0.05,17.3655402993355,4074
"p346","ssp245","UKESM1-0-LL","2075",0.32,0.53,0,88,0.1,50,56,78.37,0,0,0.3,0.2,18.5903841254269,4075
"p346","ssp245","UKESM1-0-LL","2075",0.25,0.66,0,97,0.1,51,57,82.93,0,0,0,0.25,18.1315331577413,4076
"p346","ssp245","UKESM1-0-LL","2075",0.41,0.53,0,111,0.1,58,64,87.95,0,0.1,0.2,1,18.5872946176343,4077
"p346","ssp245","UKESM1-0-LL","2075",0.23,0.36,0,112,0,63,69,87.99,0,0,0,0,19.2718332109784,4078
"p346","ssp245","UKESM1-0-LL","2075",0.15,0.42,0,102,0.2,48,54,82.07,0,0,0.1,0.3,19.368798704228,4079
"p346","ssp245","UKESM1-0-LL","2075",0.23,0.49,0,108,0,67,82,82.6,0,0.1,0.2,0.2,19.2182944162265,4080
"p346","ssp245","UKESM1-0-LL","2075",0.3,0.65,0,125,0,47,73,71.62,0,0,0.1,0,18.1401674840285,4081
"p346","ssp245","UKESM1-0-LL","2075",0.52,0.6,0,97,0,46,65,70.75,0,0,0.1,0,19.4436638039685,4082
"p346","ssp245","UKESM1-0-LL","2075",0.29,0.36,0,107,0.1,46,65,78.74,0,0,0.3,0,17.9715151707324,4083
"p346","ssp245","UKESM1-0-LL","2075",0.11,0.35,0,102,0,76,90,94.17,0,0,0,0.35,19.3174944165696,4084
"p346","ssp245","UKESM1-0-LL","2075",0.34,0.61,0,106,0.3,75,81,90.33,0,0,0,0.35,18.7941033880253,4085
"p346","ssp245","UKESM1-0-LL","2075",0.24,0.41,0.2,107,0.3,48,82,74.94,0,0,0.2,0.4,19.7228030469789,4086
"p346","ssp245","UKESM1-0-LL","2075",0.42,0.61,0,104,0.1,70,76,85.76,0,0,0.2,0,18.6817655421,4087
"p346","ssp245","UKESM1-0-LL","2075",0.42,0.83,0,124,0,50,56,75.46,0,0,0.1,0.25,18.5386746870084,4088
"p346","ssp245","UKESM1-0-LL","2075",0.34,0.37,0,110,0.1,62,68,91.51,0,0,0,0,18.0805849246534,4089
"p346","ssp245","UKESM1-0-LL","2075",0.12,0.65,0.2,102,0.2,48,72,71.41,0,0,0.1,0,18.8062578257678,4090
"p346","ssp245","UKESM1-0-LL","2075",0.28,0.53,0,108,0.3,72,78,98.52,0,0,0.1,0,18.4543116601796,4091
"p346","ssp245","UKESM1-0-LL","2075",0.23,0.49,0,115,0,60,66,78.61,0,0,0.5,0.05,18.8477549114542,4092
"p346","ssp245","UKESM1-0-LL","2075",0.26,0.77,0,115,0,58,71,72.45,0.1,0,0,0.65,17.515219344541,4093
"p346","ssp245","UKESM1-0-LL","2075",0.24,0.66,0,109,0.1,57,63,87.96,0,0,0.1,0,19.0510262339137,4094
"p346","ssp245","UKESM1-0-LL","2075",0.33,0.53,0.25,112,0.1,49,55,69.49,0,0,0,0.1,17.222007151873,4095
"p346","ssp245","UKESM1-0-LL","2075",0.13,0.56,0.2,104,0.1,44,63,61.28,0,0,0.1,0,18.1868353480811,4096
"p346","ssp245","UKESM1-0-LL","2075",0.51,0.87,0,99,0.1,54,60,73.48,0,0,0.1,0,18.3060142194667,4097
"p346","ssp245","UKESM1-0-LL","2075",0.37,0.66,0,96,0.1,57,63,80.56,0,0,0,0.3,18.9366362137127,4098
"p346","ssp245","UKESM1-0-LL","2075",0.23,0.73,0,92,0,68,74,90.96,0,0,0,0.2,19.5986723038357,4099
"p346","ssp245","UKESM1-0-LL","2075",0.32,0.42,0,109,0,60,66,84.6,0,0,0.1,0.05,18.5449234756985,4100
"p346","ssp370","ACCESS-CM2","2075",0.41,0.49,0,106,0,44,50,65.25,0,0,0,0.3,18.2999475566818,4101
"p346","ssp370","ACCESS-CM2","2075",0.28,0.41,0,104,0.2,45,51,73.65,0,0,0.2,0.05,18.356756237841,4102
"p346","ssp370","ACCESS-CM2","2075",0.47,0.76,0,107,0.1,48,55,80.13,0,0,0.1,0.25,17.7394748671381,4103
"p346","ssp370","ACCESS-CM2","2075",0.23,0.51,0,110,0.2,58,64,82.73,0,0,0.1,0,18.4041175026866,4104
"p346","ssp370","ACCESS-CM2","2075",0.52,0.37,0.25,103,0.2,51,57,79.78,0,0,0.1,0.1,18.0588658250873,4105
"p346","ssp370","ACCESS-CM2","2075",0.18,0.71,0,114,0.2,47,53,74.91,0.2,0,0.3,0.35,17.9936705890692,4106
"p346","ssp370","ACCESS-CM2","2075",0.42,0.72,0,107,0,45,63,78.51,0,0,0.3,0,18.4025884585382,4107
"p346","ssp370","ACCESS-CM2","2075",0.37,0.78,0,105,0.2,45,51,71.13,0.1,0,0.1,0.65,18.4625751721628,4108
"p346","ssp370","ACCESS-CM2","2075",0.39,0.5,0,112,0.2,46,52,80.95,0,0,0.2,0.35,18.6902597576039,4109
"p346","ssp370","ACCESS-CM2","2075",0.13,0.34,0,108,0.1,46,69,79.69,0.3,0,0.1,0,17.6121723228058,4110
"p346","ssp370","ACCESS-CM2","2075",0.34,0.55,0,109,0.2,53,59,71.09,0.1,0,0.1,0.3,18.7392834999983,4111
"p346","ssp370","ACCESS-CM2","2075",0.3,0.64,0,114,0.1,59,65,87.98,0,0,0.1,0.15,18.0237645292633,4112
"p346","ssp370","ACCESS-CM2","2075",0.42,0.22,0.25,100,0,51,57,65.56,0,0,0.2,0,17.7669711949341,4113
"p346","ssp370","ACCESS-CM2","2075",0.33,0.68,0,93,0.2,47,53,70.01,0,0,0.3,0.4,17.4778595385846,4114
"p346","ssp370","ACCESS-CM2","2075",0.35,0.8,0,100,0.1,50,56,76.28,0,0,0,0.05,18.0453969810062,4115
"p346","ssp370","ACCESS-CM2","2075",0.36,0.78,0,116,0,45,51,68.58,0,0,0,0.25,18.6260103319288,4116
"p346","ssp370","ACCESS-CM2","2075",0.16,0.43,0,104,0.2,45,51,71.27,0,0,0.2,0.05,17.6162407365963,4117
"p346","ssp370","ACCESS-CM2","2075",0.33,0.43,0,115,0.1,48,59,78.09,0,0,0.2,0.05,18.643575523864,4118
"p346","ssp370","ACCESS-CM2","2075",0.67,0.45,0,106,0.1,50,56,77.5,0,0,0.1,0,18.2000514444605,4119
"p346","ssp370","ACCESS-CM2","2075",0.67,0.44,0,99,0.2,49,55,79.69,0,0,0.3,0.1,18.3890999777283,4120
"p346","ssp370","ACCESS-CM2","2075",0.6,0.73,0,113,0,58,64,71.91,0,0,0,0.3,19.2235199408667,4121
"p346","ssp370","ACCESS-CM2","2075",0.4,0.57,0.25,106,0.2,71,77,95.05,0,0,0.2,0.4,18.5214919701687,4122
"p346","ssp370","ACCESS-CM2","2075",0.38,0.66,0,110,0.1,44,50,68.87,0.1,0,0.1,0.1,17.9399893876221,4123
"p346","ssp370","ACCESS-CM2","2075",0.3,0.75,0,109,0.2,44,50,78.32,0,0,0.1,0.15,18.9764505193362,4124
"p346","ssp370","ACCESS-CM2","2075",0.39,0.48,0,103,0.1,49,55,70.63,0,0,0.4,0.45,18.2284587525602,4125
"p346","ssp370","ACCESS-CM2","2075",0.22,0.49,0,121,0.1,50,56,79.86,0,0,0,0.2,19.7684386963534,4126
"p346","ssp370","ACCESS-CM2","2075",0.38,0.51,0,104,0,63,69,95.08,0,0,0.4,0.1,19.2042998865042,4127
"p346","ssp370","ACCESS-CM2","2075",0.32,0.86,0,101,0.5,49,55,72.51,0,0,0,0.3,18.3882325220119,4128
"p346","ssp370","ACCESS-CM2","2075",0.55,0.83,0,100,0,47,53,76.3,0,0,0.2,0.2,19.0223366496417,4129
"p346","ssp370","ACCESS-CM2","2075",0.35,0.57,0,109,0,45,51,74.35,0,0,0.2,0.65,18.5977960191935,4130
"p346","ssp370","ACCESS-CM2","2075",0.41,0.59,0,109,0.1,46,52,77.36,0.1,0,0,0.05,17.3301150023567,4131
"p346","ssp370","ACCESS-CM2","2075",0.27,0.44,0,110,0.3,57,63,85.36,0,0,0,0,19.0851853407373,4132
"p346","ssp370","ACCESS-CM2","2075",0.51,0.62,0,107,0.2,55,70,76.93,0,0,0.1,0,18.1833028061182,4133
"p346","ssp370","ACCESS-CM2","2075",0.48,0.74,0,106,0,51,57,75.35,0,0,0,0.45,18.6974886614504,4134
"p346","ssp370","ACCESS-CM2","2075",0.31,0.5,0,109,0.15,50,56,76.01,0,0,0.1,0.1,17.3128370539444,4135
"p346","ssp370","ACCESS-CM2","2075",0.54,1,0,106,0.1,62,68,88.57,0,0,0,0.05,18.3172645110341,4136
"p346","ssp370","ACCESS-CM2","2075",0.46,0.98,0.25,110,0.1,76,82,92.25,0,0,0,0.4,17.8528093575727,4137
"p346","ssp370","ACCESS-CM2","2075",0.32,0.73,0,102,0,44,50,70.77,0,0,0,0.05,18.8235965398243,4138
"p346","ssp370","ACCESS-CM2","2075",0.34,0.38,0,105,0.3,47,53,71.79,0.1,0,0.1,0.55,17.2786750548724,4139
"p346","ssp370","ACCESS-CM2","2075",0.42,0.53,0,97,0,47,53,76.38,0,0,0.2,0.1,17.83241864939,4140
"p346","ssp370","ACCESS-CM2","2075",0.51,1,0,119,0.1,49,55,72.84,0,0,0.1,0.1,18.3810996470081,4141
"p346","ssp370","ACCESS-CM2","2075",0.38,0.59,0,107,0,54,60,83.78,0,0,0.2,0.05,19.3752331008387,4142
"p346","ssp370","ACCESS-CM2","2075",0.31,0.76,0,103,0.2,56,88,85.08,0,0,0,0.3,18.9078732648315,4143
"p346","ssp370","ACCESS-CM2","2075",0.29,0.7,0.2,113,0.1,57,63,81.07,0,0,0,0.05,18.3053404917784,4144
"p346","ssp370","ACCESS-CM2","2075",0.3,0.92,0,112,0.15,59,75,82.8,0,0,0.4,0.05,18.5140773618034,4145
"p346","ssp370","ACCESS-CM2","2075",0.39,0.83,0,122,0.1,50,56,76.27,0,0,0.1,0.25,18.8976610621311,4146
"p346","ssp370","ACCESS-CM2","2075",0.31,0.45,0,101,0.1,60,103,90.06,0,0,0.1,0.15,19.9116370255678,4147
"p346","ssp370","ACCESS-CM2","2075",0.33,0.77,0,100,0,51,57,79.49,0,0,0.3,0.25,18.1446388993934,4148
"p346","ssp370","ACCESS-CM2","2075",0.5,0.61,0,105,0,61,67,91.45,0,0,0.3,0.1,19.0720096690544,4149
"p346","ssp370","ACCESS-CM2","2075",0.28,0.28,0.3,98,0.1,47,53,67.89,0,0,0,0.05,16.7443425117947,4150
"p346","ssp370","ACCESS-CM2","2075",0.22,0.25,0.4,97,0.2,45,51,65.71,0,0,0.2,0.35,18.4064449017856,4151
"p346","ssp370","ACCESS-CM2","2075",0.37,0.47,0.25,120,0,47,53,77.21,0,0,0.1,0,18.403258621999,4152
"p346","ssp370","ACCESS-CM2","2075",0.31,0.52,0,107,0.3,51,57,77.7,0,0,0,0.25,18.7107133134158,4153
"p346","ssp370","ACCESS-CM2","2075",0.35,0.81,0,115,0,46,52,72.47,0,0,0.3,0.4,18.5916101574153,4154
"p346","ssp370","ACCESS-CM2","2075",0.44,0.52,0,106,0.1,54,60,73.08,0,0,0.4,0.3,18.6768942155434,4155
"p346","ssp370","ACCESS-CM2","2075",0.27,0.67,0,108,0.6,45,74,73.89,0,0,0.4,0,19.4123199741402,4156
"p346","ssp370","ACCESS-CM2","2075",0.16,0.44,0,123,0.1,47,53,77.83,0.2,0,0.1,0.05,18.3636993107779,4157
"p346","ssp370","ACCESS-CM2","2075",0.14,0.59,0,97,0.2,79,85,98.81,0,0,0,0.1,19.6999429916652,4158
"p346","ssp370","ACCESS-CM2","2075",0.4,0.66,0,121,0,52,58,73.81,0,0,0.1,0.05,18.5890718314073,4159
"p346","ssp370","ACCESS-CM2","2075",0.19,0.52,0.2,104,0,64,70,84.79,0,0,0,0.1,18.6047701353208,4160
"p346","ssp370","ACCESS-CM2","2075",0.36,0.39,0,104,0.1,57,65,86.33,0,0,0.3,0.15,17.871179019967,4161
"p346","ssp370","ACCESS-CM2","2075",0.26,0.58,0,95,0,45,51,76.98,0.1,0,0,0.05,17.7666018851598,4162
"p346","ssp370","ACCESS-CM2","2075",0.26,0.44,0,110,0.1,59,65,85.88,0,0,0.3,0.55,19.0008875240852,4163
"p346","ssp370","ACCESS-CM2","2075",0.29,0.77,0,104,0.1,44,50,77.72,0,0,0.4,0.1,18.4979151702387,4164
"p346","ssp370","ACCESS-CM2","2075",0.22,0.38,0,92,0,48,54,79.91,0,0,0.2,0,18.4692856952116,4165
"p346","ssp370","ACCESS-CM2","2075",0.15,0.66,0,101,0.2,74,80,97.66,0,0,0.1,0.2,19.4419935724912,4166
"p346","ssp370","ACCESS-CM2","2075",0.31,0.29,0,105,0.25,46,59,73.56,0,0,0.2,0,19.0564735205252,4167
"p346","ssp370","ACCESS-CM2","2075",0.31,0.66,0,115,0.1,55,66,81.74,0.1,0,0,0,18.6611019725504,4168
"p346","ssp370","ACCESS-CM2","2075",0.25,0.65,0,105,0.1,68,74,91.29,0,0,0.3,0.25,18.9129305888293,4169
"p346","ssp370","ACCESS-CM2","2075",0.35,0.77,0,108,0.1,44,50,71.98,0,0,0.1,0.25,17.7722583417151,4170
"p346","ssp370","ACCESS-CM2","2075",0.15,0.47,0.2,106,0.2,48,54,75.46,0,0,0.2,0.05,18.3248493918604,4171
"p346","ssp370","ACCESS-CM2","2075",0.25,0.63,0,107,0.1,57,63,79.28,0,0,0,0.05,18.5798921900462,4172
"p346","ssp370","ACCESS-CM2","2075",0.14,0.5,0,107,0,57,79,73.83,0,0,0.1,0.3,19.4020792074274,4173
"p346","ssp370","ACCESS-CM2","2075",0.46,0.7,0,108,0.2,44,50,63.6,0,0,0.1,0,17.2929582493162,4174
"p346","ssp370","ACCESS-CM2","2075",0.32,0.5,0.2,89,0.1,48,54,78.94,0,0,0.2,0.2,18.4080204035389,4175
"p346","ssp370","ACCESS-CM2","2075",0.22,0.65,0,93,0.1,50,56,82.07,0.1,0,0,0.2,17.8557274057722,4176
"p346","ssp370","ACCESS-CM2","2075",0.36,0.43,0,111,0.1,57,63,88.4,0,0,0.1,0.7,18.5397953067997,4177
"p346","ssp370","ACCESS-CM2","2075",0.23,0.35,0,112,0.1,55,65,83.35,0,0,0.1,0,19.0391902179414,4178
"p346","ssp370","ACCESS-CM2","2075",0.15,0.5,0,98,0.2,46,52,81.17,0,0,0.5,0.1,19.4745862408798,4179
"p346","ssp370","ACCESS-CM2","2075",0.21,0.52,0.25,108,0,67,86,88.18,0,0,0.3,0.2,19.4057338213774,4180
"p346","ssp370","ACCESS-CM2","2075",0.35,0.53,0,122,0,46,69,72.46,0,0,0.2,0,18.0927391591574,4181
"p346","ssp370","ACCESS-CM2","2075",0.52,0.54,0.2,100,0,45,60,70.15,0,0,0.1,0,19.1320039931159,4182
"p346","ssp370","ACCESS-CM2","2075",0.29,0.68,0,106,0.1,45,53,76.28,0,0,0.4,0,17.402982561769,4183
"p346","ssp370","ACCESS-CM2","2075",0.11,0.35,0,101,0,77,93,94.02,0,0,0.1,0.1,19.2725213141525,4184
"p346","ssp370","ACCESS-CM2","2075",0.34,0.62,0,106,0.4,76,82,94.45,0,0,0,0.3,18.8417148525421,4185
"p346","ssp370","ACCESS-CM2","2075",0.24,0.52,0.2,107,0.1,47,80,75.55,0,0,0.2,0.15,19.8490186433932,4186
"p346","ssp370","ACCESS-CM2","2075",0.42,0.63,0,103,0.1,51,71,74.9,0,0,0.1,0,18.4907410830091,4187
"p346","ssp370","ACCESS-CM2","2075",0.42,0.65,0,122,0,48,54,75.3,0,0,0.1,0.15,18.3109336428585,4188
"p346","ssp370","ACCESS-CM2","2075",0.34,0.4,0,108,0.2,62,68,91.66,0,0,0,0,17.9884703872409,4189
"p346","ssp370","ACCESS-CM2","2075",0.11,0.75,0,99,0.2,47,79,73.36,0,0,0.3,0,19.1459197663745,4190
"p346","ssp370","ACCESS-CM2","2075",0.28,0.57,0,110,0.3,72,78,99.35,0,0,0.1,0,18.4944645366593,4191
"p346","ssp370","ACCESS-CM2","2075",0.28,0.45,0,114,0,46,61,68.2,0,0,0.8,0,18.3992536110797,4192
"p346","ssp370","ACCESS-CM2","2075",0.26,0.68,0,112,0,57,70,74.09,0.1,0,0,0.3,17.3358977389854,4193
"p346","ssp370","ACCESS-CM2","2075",0.24,0.57,0,108,0.1,55,61,87.97,0,0,0.1,0,19.0197367812892,4194
"p346","ssp370","ACCESS-CM2","2075",0.2,0.47,0.25,115,0.1,48,54,70.97,0.1,0,0.1,0.05,17.059821649055,4195
"p346","ssp370","ACCESS-CM2","2075",0.13,0.66,0.2,105,0.2,44,50,59.48,0,0,0.1,0,17.5025736998769,4196
"p346","ssp370","ACCESS-CM2","2075",0.45,0.72,0,101,0.1,51,57,71.58,0,0,0.3,0,18.1680023430362,4197
"p346","ssp370","ACCESS-CM2","2075",0.37,0.75,0,96,0.1,54,60,81.19,0,0,0,0.2,18.7214814885532,4198
"p346","ssp370","ACCESS-CM2","2075",0.28,0.92,0,92,0.1,73,79,94.48,0,0,0.1,0.15,19.5779567150811,4199
"p346","ssp370","ACCESS-CM2","2075",0.29,0.49,0,109,0,57,63,84.49,0,0,0.1,0,18.196282252102,4200
"p346","ssp370","AWI-CM-1-1-MR","2075",0.41,0.53,0,100,0,44,50,73.25,0,0,0,0.2,18.64347256104,4201
"p346","ssp370","AWI-CM-1-1-MR","2075",0.33,0.61,0,107,0.2,45,51,74.19,0,0,0.1,0.05,18.7621752360058,4202
"p346","ssp370","AWI-CM-1-1-MR","2075",0.47,0.89,0,113,0.1,48,55,81.22,0,0,0.1,0,18.0301521025494,4203
"p346","ssp370","AWI-CM-1-1-MR","2075",0.23,0.62,0,115,0.2,58,64,80.47,0,0,0.1,0,18.6205671102817,4204
"p346","ssp370","AWI-CM-1-1-MR","2075",0.52,0.53,0,108,0.3,51,57,82.02,0,0,0,0,18.3903969895653,4205
"p346","ssp370","AWI-CM-1-1-MR","2075",0.18,0.62,0,105,0.2,47,53,78.2,0,0,0.3,0.2,18.3014676428185,4206
"p346","ssp370","AWI-CM-1-1-MR","2075",0.42,0.78,0,110,0,45,62,79.29,0,0,0.2,0,18.5544186458643,4207
"p346","ssp370","AWI-CM-1-1-MR","2075",0.37,0.74,0,107,0.1,45,51,73.67,0,0,0.1,0.4,18.7849702488842,4208
"p346","ssp370","AWI-CM-1-1-MR","2075",0.39,0.51,0,114,0.2,46,52,82.5,0,0,0.1,0.1,19.1360097842201,4209
"p346","ssp370","AWI-CM-1-1-MR","2075",0.13,0.24,0,108,0.1,46,68,81.15,0,0,0,0,17.9452647081596,4210
"p346","ssp370","AWI-CM-1-1-MR","2075",0.34,0.56,0,114,0.2,53,59,77.67,0,0,0,0.15,19.1127275450953,4211
"p346","ssp370","AWI-CM-1-1-MR","2075",0.3,0.7,0,117,0.1,59,65,90.02,0,0,0.1,0.1,18.4300508514287,4212
"p346","ssp370","AWI-CM-1-1-MR","2075",0.42,0.42,0.25,105,0,51,57,73.13,0,0,0.2,0,18.1993876200286,4213
"p346","ssp370","AWI-CM-1-1-MR","2075",0.5,0.88,0,94,0.2,47,53,76.41,0,0,0,0.2,17.7379809137377,4214
"p346","ssp370","AWI-CM-1-1-MR","2075",0.35,0.77,0,97,0.1,50,56,77.51,0,0,0,0.05,18.4532244715897,4215
"p346","ssp370","AWI-CM-1-1-MR","2075",0.36,0.8,0,120,0.1,45,51,72.08,0,0,0,0.2,18.9263727246379,4216
"p346","ssp370","AWI-CM-1-1-MR","2075",0.23,0.46,0,107,0.2,45,51,76.41,0,0,0.1,0.05,18.0308063063295,4217
"p346","ssp370","AWI-CM-1-1-MR","2075",0.33,0.53,0,117,0.1,48,58,81.21,0,0,0,0,18.7806642088751,4218
"p346","ssp370","AWI-CM-1-1-MR","2075",0.72,0.41,0,103,0.1,50,56,77.41,0,0,0,0,18.5821953051038,4219
"p346","ssp370","AWI-CM-1-1-MR","2075",0.69,0.44,0,98,0.3,49,55,80.88,0,0,0.2,0,18.4811178872998,4220
"p346","ssp370","AWI-CM-1-1-MR","2075",0.62,0.9,0,113,0.1,58,64,77.35,0,0,0,0.15,19.4103981075033,4221
"p346","ssp370","AWI-CM-1-1-MR","2075",0.4,0.63,0.25,104,0.2,70,76,98.27,0,0,0.2,0.15,18.9287444219855,4222
"p346","ssp370","AWI-CM-1-1-MR","2075",0.38,0.62,0,108,0.1,44,50,72.27,0,0,0.1,0.05,18.2150450928973,4223
"p346","ssp370","AWI-CM-1-1-MR","2075",0.3,0.76,0,115,0.2,44,50,76.97,0,0,0.1,0,19.3111710835442,4224
"p346","ssp370","AWI-CM-1-1-MR","2075",0.44,0.49,0,106,0.1,49,55,67.98,0,0,0.5,0.15,18.5967293647464,4225
"p346","ssp370","AWI-CM-1-1-MR","2075",0.24,0.61,0.2,120,0.1,50,56,83.42,0,0,0,0.05,19.7852347468243,4226
"p346","ssp370","AWI-CM-1-1-MR","2075",0.38,0.55,0,98,0,63,69,94.09,0,0,0.3,0,19.4633490117776,4227
"p346","ssp370","AWI-CM-1-1-MR","2075",0.32,0.64,0,100,0.5,49,55,80.23,0,0,0,0.1,18.809159336569,4228
"p346","ssp370","AWI-CM-1-1-MR","2075",0.55,0.85,0,102,0,46,52,77.38,0,0,0,0.05,18.9230513132671,4229
"p346","ssp370","AWI-CM-1-1-MR","2075",0.37,0.51,0,109,0,45,51,78.15,0,0,0.2,0.3,18.7854572327556,4230
"p346","ssp370","AWI-CM-1-1-MR","2075",0.45,0.74,0,108,0.25,46,52,80.09,0,0,0,0,17.6518438174453,4231
"p346","ssp370","AWI-CM-1-1-MR","2075",0.27,0.38,0,109,0.35,56,62,84.7,0,0,0,0,19.5298510230684,4232
"p346","ssp370","AWI-CM-1-1-MR","2075",0.52,0.72,0,107,0.2,55,68,83.35,0,0,0.1,0,18.7189316746815,4233
"p346","ssp370","AWI-CM-1-1-MR","2075",0.42,0.64,0,108,0,51,57,81.36,0,0,0,0.1,19.275312537582,4234
"p346","ssp370","AWI-CM-1-1-MR","2075",0.31,0.58,0,110,0.15,50,56,80.74,0,0,0.2,0,17.6751460727716,4235
"p346","ssp370","AWI-CM-1-1-MR","2075",0.54,0.9,0,109,0.1,61,67,88.02,0,0,0,0,18.5452864728794,4236
"p346","ssp370","AWI-CM-1-1-MR","2075",0.46,0.95,0.25,108,0,73,79,96.8,0,0,0,0,18.085016859006,4237
"p346","ssp370","AWI-CM-1-1-MR","2075",0.32,0.76,0,98,0,44,50,74.78,0,0,0,0,18.9610051281012,4238
"p346","ssp370","AWI-CM-1-1-MR","2075",0.35,0.42,0,104,0.1,47,53,78.24,0.1,0,0.1,0.2,17.7242990982002,4239
"p346","ssp370","AWI-CM-1-1-MR","2075",0.42,0.64,0,102,0,47,53,81.13,0,0,0.1,0,18.3233776577402,4240
"p346","ssp370","AWI-CM-1-1-MR","2075",0.56,1,0,115,0.1,49,55,78.47,0,0,0,0,18.7565987680157,4241
"p346","ssp370","AWI-CM-1-1-MR","2075",0.38,0.76,0,110,0,54,60,86.91,0,0,0.1,0.05,19.8174168445499,4242
"p346","ssp370","AWI-CM-1-1-MR","2075",0.31,0.73,0,101,0.2,56,71,90.53,0,0,0,0.05,18.3815979824835,4243
"p346","ssp370","AWI-CM-1-1-MR","2075",0.34,0.76,0.2,113,0.1,57,63,84.37,0,0,0,0.05,18.8234624639129,4244
"p346","ssp370","AWI-CM-1-1-MR","2075",0.34,0.97,0,110,0.15,58,72,88.38,0,0,0.3,0.05,18.7243215757823,4245
"p346","ssp370","AWI-CM-1-1-MR","2075",0.39,0.89,0,119,0.1,50,56,79.57,0,0,0.1,0.1,19.2182653429976,4246
"p346","ssp370","AWI-CM-1-1-MR","2075",0.31,0.73,0,100,0.1,60,72,92.51,0,0,0,0.1,18.1406662224575,4247
"p346","ssp370","AWI-CM-1-1-MR","2075",0.34,0.47,0,95,0.1,51,57,84.32,0,0,0.2,0,18.7539462691586,4248
"p346","ssp370","AWI-CM-1-1-MR","2075",0.5,0.72,0,111,0,60,66,91.17,0,0,0.3,0,19.2833216806569,4249
"p346","ssp370","AWI-CM-1-1-MR","2075",0.28,0.32,0.3,100,0.1,47,53,73.32,0,0,0,0,17.0727067569067,4250
"p346","ssp370","AWI-CM-1-1-MR","2075",0.23,0.25,0.2,93,0.2,45,51,71.71,0,0,0.2,0.2,18.7841830468073,4251
"p346","ssp370","AWI-CM-1-1-MR","2075",0.37,0.6,0.25,121,0.1,47,53,79.52,0,0,0.2,0,18.9270329824208,4252
"p346","ssp370","AWI-CM-1-1-MR","2075",0.32,0.44,0.45,107,0.4,51,57,82.43,0,0,0,0,18.967272539609,4253
"p346","ssp370","AWI-CM-1-1-MR","2075",0.36,0.77,0,118,0,46,52,79.78,0,0,0.3,0.1,19.0190808870799,4254
"p346","ssp370","AWI-CM-1-1-MR","2075",0.45,0.74,0,114,0.1,54,60,79.59,0,0,0.3,0.1,18.9690981048182,4255
"p346","ssp370","AWI-CM-1-1-MR","2075",0.39,0.59,0,109,0.6,45,71,73.31,0,0,0.2,0,19.249168637956,4256
"p346","ssp370","AWI-CM-1-1-MR","2075",0.16,0.61,0,124,0.1,47,53,80.72,0,0,0,0.05,18.6716250314912,4257
"p346","ssp370","AWI-CM-1-1-MR","2075",0.14,0.54,0,98,0.2,67,73,94.6,0,0,0,0,19.5358550875638,4258
"p346","ssp370","AWI-CM-1-1-MR","2075",0.4,0.62,0,116,0,52,58,81.27,0,0,0,0,18.9664996912212,4259
"p346","ssp370","AWI-CM-1-1-MR","2075",0.19,0.48,0,108,0,63,69,86.73,0,0,0,0.05,18.8252646675871,4260
"p346","ssp370","AWI-CM-1-1-MR","2075",0.38,0.58,0,100,0.1,56,62,84.65,0,0,0.3,0,18.0691311061293,4261
"p346","ssp370","AWI-CM-1-1-MR","2075",0.26,0.44,0,96,0,45,51,77.08,0.1,0,0,0,18.12856672581,4262
"p346","ssp370","AWI-CM-1-1-MR","2075",0.26,0.72,0,115,0.1,59,65,85.85,0,0,0.3,0,19.4790454691174,4263
"p346","ssp370","AWI-CM-1-1-MR","2075",0.33,0.81,0,104,0,44,50,74.66,0,0,0.3,0,18.7419522270191,4264
"p346","ssp370","AWI-CM-1-1-MR","2075",0.25,0.4,0,88,0,48,54,85.92,0,0,0.2,0,18.8587351767897,4265
"p346","ssp370","AWI-CM-1-1-MR","2075",0.15,0.44,0,101,0.2,73,79,96.74,0,0,0,0,19.4259462115237,4266
"p346","ssp370","AWI-CM-1-1-MR","2075",0.31,0.22,0,103,0.1,46,59,71.15,0,0,0.1,0,19.3204611947781,4267
"p346","ssp370","AWI-CM-1-1-MR","2075",0.37,0.73,0,119,0.1,55,66,86.15,0,0,0,0,18.8598722689139,4268
"p346","ssp370","AWI-CM-1-1-MR","2075",0.31,0.68,0,109,0.1,67,73,92.82,0,0,0.1,0.1,19.3298208469189,4269
"p346","ssp370","AWI-CM-1-1-MR","2075",0.4,0.75,0,107,0.1,44,50,75.35,0,0,0.1,0,18.114299160051,4270
"p346","ssp370","AWI-CM-1-1-MR","2075",0.15,0.44,0.2,106,0.2,48,54,78.18,0,0,0.2,0,18.8072699736195,4271
"p346","ssp370","AWI-CM-1-1-MR","2075",0.25,0.56,0,110,0.1,57,63,79.54,0,0,0,0,18.9161673691204,4272
"p346","ssp370","AWI-CM-1-1-MR","2075",0.19,0.79,0,113,0,57,78,79.66,0,0,0.1,0.05,19.7793210852231,4273
"p346","ssp370","AWI-CM-1-1-MR","2075",0.47,0.62,0,112,0.1,44,50,70.15,0,0,0.1,0,17.7642335132909,4274
"p346","ssp370","AWI-CM-1-1-MR","2075",0.32,0.6,0.2,91,0.2,48,54,79.9,0,0,0.1,0,18.7356760814797,4275
"p346","ssp370","AWI-CM-1-1-MR","2075",0.25,0.7,0,98,0.15,50,56,83.26,0,0,0,0.1,18.2174969993458,4276
"p346","ssp370","AWI-CM-1-1-MR","2075",0.41,0.59,0,112,0.1,56,62,87.4,0,0,0.2,0.25,18.7430372397249,4277
"p346","ssp370","AWI-CM-1-1-MR","2075",0.28,0.53,0,107,0.1,55,63,86.12,0,0,0.1,0,19.2217045163639,4278
"p346","ssp370","AWI-CM-1-1-MR","2075",0.15,0.52,0,106,0.2,45,51,78.46,0,0,0.2,0,19.7036694240938,4279
"p346","ssp370","AWI-CM-1-1-MR","2075",0.21,0.6,0.25,107,0.1,66,72,94.61,0,0,0.3,0.05,18.8095791134514,4280
"p346","ssp370","AWI-CM-1-1-MR","2075",0.35,0.57,0,127,0,46,68,79.24,0,0,0.1,0,18.3084997714639,4281
"p346","ssp370","AWI-CM-1-1-MR","2075",0.52,0.57,0,102,0,45,59,75.89,0,0,0.1,0,19.1954942651175,4282
"p346","ssp370","AWI-CM-1-1-MR","2075",0.3,0.68,0,108,0.1,45,52,76.79,0,0,0.4,0,17.69460509892,4283
"p346","ssp370","AWI-CM-1-1-MR","2075",0.11,0.35,0,99,0,74,87,96.85,0,0,0,0.05,18.9771225732607,4284
"p346","ssp370","AWI-CM-1-1-MR","2075",0.34,0.6,0,105,0.4,74,80,100.08,0,0,0,0.1,19.1089850917432,4285
"p346","ssp370","AWI-CM-1-1-MR","2075",0.24,0.65,0.2,106,0.1,47,77,81.21,0,0,0.2,0.05,19.5993173238681,4286
"p346","ssp370","AWI-CM-1-1-MR","2075",0.42,0.55,0,100,0.1,51,70,81.12,0,0,0.1,0,18.7358398061158,4287
"p346","ssp370","AWI-CM-1-1-MR","2075",0.42,0.92,0,125,0,48,54,82.06,0,0,0.1,0.05,18.6027497228121,4288
"p346","ssp370","AWI-CM-1-1-MR","2075",0.34,0.36,0,111,0.2,61,67,91.05,0,0,0,0,18.279442103796,4289
"p346","ssp370","AWI-CM-1-1-MR","2075",0.2,0.54,0.2,94,0.2,47,69,80.66,0,0,0.2,0,18.8060683793784,4290
"p346","ssp370","AWI-CM-1-1-MR","2075",0.28,0.51,0,109,0.3,68,74,99.4,0,0,0.1,0,18.8710315811752,4291
"p346","ssp370","AWI-CM-1-1-MR","2075",0.28,0.65,0,115,0,46,61,74.09,0,0,0.7,0,18.8404957830672,4292
"p346","ssp370","AWI-CM-1-1-MR","2075",0.26,0.81,0,113,0,57,63,81.57,0,0,0,0.2,17.4213845646554,4293
"p346","ssp370","AWI-CM-1-1-MR","2075",0.24,0.68,0,104,0.1,54,60,90.09,0,0,0.1,0,19.1860013218956,4294
"p346","ssp370","AWI-CM-1-1-MR","2075",0.36,0.53,0.25,113,0.1,48,54,77.24,0,0,0.1,0.05,17.4253053664117,4295
"p346","ssp370","AWI-CM-1-1-MR","2075",0.13,0.64,0.25,103,0.2,44,50,62.08,0,0,0.1,0,17.9706330848875,4296
"p346","ssp370","AWI-CM-1-1-MR","2075",0.51,0.88,0,104,0.1,51,57,78.55,0,0,0.2,0,18.5532778252921,4297
"p346","ssp370","AWI-CM-1-1-MR","2075",0.43,0.72,0,98,0.1,53,59,85.87,0,0,0,0.15,19.0918864423562,4298
"p346","ssp370","AWI-CM-1-1-MR","2075",0.31,0.65,0,91,0.1,65,71,97.32,0,0,0.1,0,19.6135336606367,4299
"p346","ssp370","AWI-CM-1-1-MR","2075",0.29,0.42,0,110,0,56,62,85.86,0,0,0.1,0,18.7500410933059,4300
"p346","ssp370","CNRM-CM6-1-HR","2075",0.4,0.22,0,96,0,44,50,72.63,0,0,0,0.2,18.6435660956858,4301
"p346","ssp370","CNRM-CM6-1-HR","2075",0.28,0.46,0.25,98,0.2,44,50,70.97,0,0,0.1,0.05,18.4481573235858,4302
"p346","ssp370","CNRM-CM6-1-HR","2075",0.47,0.41,0,104,0.1,45,51,75.4,0,0,0.1,0,18.1199466157206,4303
"p346","ssp370","CNRM-CM6-1-HR","2075",0.23,0.35,0,105,0.1,45,51,65.34,0,0,0.1,0,18.3138701221081,4304
"p346","ssp370","CNRM-CM6-1-HR","2075",0.52,0.39,0.25,100,0.3,49,55,82,0,0,0,0,18.2384805933725,4305
"p346","ssp370","CNRM-CM6-1-HR","2075",0.18,0.52,0,114,0.2,45,51,75.7,0.1,0,0.3,0.2,18.4719347055827,4306
"p346","ssp370","CNRM-CM6-1-HR","2075",0.42,0.53,0,101,0,44,50,73.45,0,0,0.3,0,18.0897528717653,4307
"p346","ssp370","CNRM-CM6-1-HR","2075",0.37,0.34,0,95,0.1,44,50,67.65,0,0,0.1,0.25,19.0946831233808,4308
"p346","ssp370","CNRM-CM6-1-HR","2075",0.33,0.24,0,111,0.2,44,50,76.32,0,0,0.2,0.05,19.2159434145872,4309
"p346","ssp370","CNRM-CM6-1-HR","2075",0.19,0,0,101,0.1,45,51,74.48,0.1,0,0,0,17.1928776119828,4310
"p346","ssp370","CNRM-CM6-1-HR","2075",0.33,0.24,0,96,0.2,44,50,69.96,0,0,0.2,0.15,18.9283930810963,4311
"p346","ssp370","CNRM-CM6-1-HR","2075",0.3,0.47,0,111,0.1,54,60,87.39,0,0,0.1,0,18.4060448834223,4312
"p346","ssp370","CNRM-CM6-1-HR","2075",0.42,0.1,0.5,100,0,49,55,76.94,0,0,0.2,0,18.1880870089075,4313
"p346","ssp370","CNRM-CM6-1-HR","2075",0.41,0.61,0,84,0.1,44,50,72.25,0,0,0.2,0.2,17.7664151255902,4314
"p346","ssp370","CNRM-CM6-1-HR","2075",0.35,0.53,0,94,0.1,48,54,76.23,0,0,0.1,0,18.4510915961427,4315
"p346","ssp370","CNRM-CM6-1-HR","2075",0.36,0.61,0,116,0.1,44,50,69.55,0,0,0,0.1,18.8358187667914,4316
"p346","ssp370","CNRM-CM6-1-HR","2075",0.15,0.44,0.2,101,0.4,44,50,74.36,0,0,0.1,0.05,18.1315257022744,4317
"p346","ssp370","CNRM-CM6-1-HR","2075",0.28,0.58,0,118,0.1,44,50,77.29,0,0,0.2,0,18.9259657448542,4318
"p346","ssp370","CNRM-CM6-1-HR","2075",0.64,0.49,0,112,0.3,45,51,69.13,0,0,0.1,0,18.8906482747634,4319
"p346","ssp370","CNRM-CM6-1-HR","2075",0.66,0.39,0,92,0.2,45,51,76.87,0,0,0.5,0,18.6747318694853,4320
"p346","ssp370","CNRM-CM6-1-HR","2075",0.6,0.72,0,112,0.1,52,59,78.82,0,0,0,0.15,19.3471038034245,4321
"p346","ssp370","CNRM-CM6-1-HR","2075",0.39,0.36,0,102,0.5,44,53,74.9,0,0,0.2,0.05,18.1328653219604,4322
"p346","ssp370","CNRM-CM6-1-HR","2075",0.38,0.56,0,105,0.15,43,49,67.91,0.1,0,0.1,0.05,18.4777744656336,4323
"p346","ssp370","CNRM-CM6-1-HR","2075",0.26,0.48,0,108,0.2,44,50,72.69,0,0,0.1,0,19.5042255803643,4324
"p346","ssp370","CNRM-CM6-1-HR","2075",0.44,0.54,0,106,0.1,47,53,71.76,0,0,0.4,0.1,18.7526008096956,4325
"p346","ssp370","CNRM-CM6-1-HR","2075",0.22,0.33,0,118,0,46,52,77.1,0,0,0,0.05,19.7282728952331,4326
"p346","ssp370","CNRM-CM6-1-HR","2075",0.38,0.32,0.25,83,0,56,62,88.46,0,0,0.4,0,19.2662260605218,4327
"p346","ssp370","CNRM-CM6-1-HR","2075",0.4,0.48,0,102,0.3,45,51,75.39,0,0,0,0.05,18.850745555335,4328
"p346","ssp370","CNRM-CM6-1-HR","2075",0.54,0.63,0,86,0,44,50,76.66,0,0,0.1,0.05,19.0736126905214,4329
"p346","ssp370","CNRM-CM6-1-HR","2075",0.35,0.45,0,105,0,44,50,77.56,0,0,0.2,0.3,18.5213148237175,4330
"p346","ssp370","CNRM-CM6-1-HR","2075",0.41,0.39,0,99,0.25,44,50,75.11,0,0,0.1,0,17.8296083688756,4331
"p346","ssp370","CNRM-CM6-1-HR","2075",0.27,0.23,0,105,0.35,50,56,80.42,0,0,0,0,19.7325855797547,4332
"p346","ssp370","CNRM-CM6-1-HR","2075",0.52,0.36,0,109,0.2,51,57,82.17,0,0,0.1,0,18.4035171159673,4333
"p346","ssp370","CNRM-CM6-1-HR","2075",0.41,0.4,0,100,0,48,54,80.29,0,0,0,0.1,19.1923123927397,4334
"p346","ssp370","CNRM-CM6-1-HR","2075",0.31,0.16,0,106,0.15,47,53,80.73,0,0,0.1,0,17.7817301661734,4335
"p346","ssp370","CNRM-CM6-1-HR","2075",0.48,0.76,0,104,0.1,54,61,85.44,0,0,0,0,18.74068603519,4336
"p346","ssp370","CNRM-CM6-1-HR","2075",0.46,0.8,0,102,0,44,50,73.09,0.1,0,0,0.1,17.0860839746932,4337
"p346","ssp370","CNRM-CM6-1-HR","2075",0.25,0.59,0,100,0,43,49,72.56,0,0,0,0,18.8856056392783,4338
"p346","ssp370","CNRM-CM6-1-HR","2075",0.33,0.21,0,102,0.3,44,50,72.33,0.1,0,0.1,0.25,17.9296769439603,4339
"p346","ssp370","CNRM-CM6-1-HR","2075",0.42,0.52,0,91,0.1,45,51,76.19,0,0,0.2,0.05,18.33431450059,4340
"p346","ssp370","CNRM-CM6-1-HR","2075",0.41,0.55,0,117,0.1,44,50,69.95,0,0,0.1,0,18.8676073576134,4341
"p346","ssp370","CNRM-CM6-1-HR","2075",0.38,0.26,0,105,0.1,48,54,80.89,0,0,0.2,0.05,19.6349559897895,4342
"p346","ssp370","CNRM-CM6-1-HR","2075",0.31,0.4,0,105,0.2,51,57,83.74,0,0,0,0,17.855566146995,4343
"p346","ssp370","CNRM-CM6-1-HR","2075",0.29,0.4,0,109,0.1,54,60,87.18,0,0,0,0.05,18.5956587161891,4344
"p346","ssp370","CNRM-CM6-1-HR","2075",0.3,0.74,0.2,110,0.15,52,58,82.99,0,0,0.4,0.05,18.0964198160389,4345
"p346","ssp370","CNRM-CM6-1-HR","2075",0.39,0.77,0,117,0.1,47,53,77.61,0,0,0.1,0.05,19.0598691487468,4346
"p346","ssp370","CNRM-CM6-1-HR","2075",0.31,0.54,0,99,0.1,54,60,87.84,0,0,0.1,0,17.8761078679973,4347
"p346","ssp370","CNRM-CM6-1-HR","2075",0.33,0.39,0,89,0.1,48,54,84.96,0,0,0.3,0,18.7261207139202,4348
"p346","ssp370","CNRM-CM6-1-HR","2075",0.51,0.46,0,100,0,46,54,82.17,0,0,0.4,0,19.061952250562,4349
"p346","ssp370","CNRM-CM6-1-HR","2075",0.23,0.18,0.3,95,0,45,51,75.21,0,0,0,0,17.1575598856989,4350
"p346","ssp370","CNRM-CM6-1-HR","2075",0.22,0.34,0.2,98,0.1,44,50,66.27,0,0,0.2,0,18.8621392413966,4351
"p346","ssp370","CNRM-CM6-1-HR","2075",0.37,0.34,0,108,0.1,46,52,76.47,0,0,0.2,0,18.745714941291,4352
"p346","ssp370","CNRM-CM6-1-HR","2075",0.32,0.26,0.2,108,0.4,49,55,75.46,0,0,0,0.05,18.7304273372487,4353
"p346","ssp370","CNRM-CM6-1-HR","2075",0.35,0.3,0,108,0,44,50,77.61,0,0,0.3,0.1,18.996998697248,4354
"p346","ssp370","CNRM-CM6-1-HR","2075",0.44,0.21,0,102,0.1,44,50,71.46,0,0,0.5,0.05,18.9622712188215,4355
"p346","ssp370","CNRM-CM6-1-HR","2075",0.27,0.32,0,107,0.6,44,50,68.17,0,0,0.4,0,17.928186958101,4356
"p346","ssp370","CNRM-CM6-1-HR","2075",0.16,0.33,0,115,0.1,45,51,74.19,0,0,0.1,0.05,18.7491550320868,4357
"p346","ssp370","CNRM-CM6-1-HR","2075",0.14,0.14,0,92,0.2,45,51,78.97,0,0,0,0,18.5741830949288,4358
"p346","ssp370","CNRM-CM6-1-HR","2075",0.4,0.31,0,120,0,49,55,79.69,0,0,0.1,0,18.7696151480834,4359
"p346","ssp370","CNRM-CM6-1-HR","2075",0.19,0.43,0.2,103,0,47,53,71.5,0,0,0,0,18.5966737787633,4360
"p346","ssp370","CNRM-CM6-1-HR","2075",0.19,0.37,0.2,97,0.1,52,58,82.05,0,0,0.3,0,18.0222350301163,4361
"p346","ssp370","CNRM-CM6-1-HR","2075",0.26,0.33,0,82,0,44,50,71.61,0.1,0,0,0,18.2085317158315,4362
"p346","ssp370","CNRM-CM6-1-HR","2075",0.26,0.37,0,103,0.1,55,61,79.89,0,0,0.4,0.05,19.4689483505337,4363
"p346","ssp370","CNRM-CM6-1-HR","2075",0.29,0.57,0,102,0,44,50,70.76,0,0,0.4,0,18.9751407757272,4364
"p346","ssp370","CNRM-CM6-1-HR","2075",0.22,0.12,0,82,0,45,51,78.78,0,0,0.2,0,19.0216924197008,4365
"p346","ssp370","CNRM-CM6-1-HR","2075",0.15,0.48,0,100,0.1,62,68,92.94,0,0,0,0,19.3514188960715,4366
"p346","ssp370","CNRM-CM6-1-HR","2075",0.3,0.25,0.2,98,0.2,45,51,64.71,0,0,0.2,0,19.0833446174434,4367
"p346","ssp370","CNRM-CM6-1-HR","2075",0.29,0.39,0,107,0.1,52,58,82.04,0.1,0,0,0,18.6666464472217,4368
"p346","ssp370","CNRM-CM6-1-HR","2075",0.31,0.44,0,104,0.1,66,72,90.38,0,0,0.3,0.05,19.0698017137151,4369
"p346","ssp370","CNRM-CM6-1-HR","2075",0.4,0.53,0,108,0.1,43,49,72.15,0,0,0.1,0.05,18.0329042366442,4370
"p346","ssp370","CNRM-CM6-1-HR","2075",0.15,0.23,0.2,101,0.2,45,51,75.87,0,0,0.2,0,18.6842465919945,4371
"p346","ssp370","CNRM-CM6-1-HR","2075",0.25,0.36,0,104,0.1,52,58,70.49,0,0,0,0,18.8840486425604,4372
"p346","ssp370","CNRM-CM6-1-HR","2075",0.19,0.42,0,105,0,50,56,74.68,0,0,0.1,0.05,18.3394020785615,4373
"p346","ssp370","CNRM-CM6-1-HR","2075",0.46,0.45,0,104,0.1,44,50,66.91,0,0,0.1,0,17.6548653470407,4374
"p346","ssp370","CNRM-CM6-1-HR","2075",0.32,0.32,0,80,0.2,45,51,72.08,0,0,0.3,0,18.9479732742071,4375
"p346","ssp370","CNRM-CM6-1-HR","2075",0.17,0.44,0,90,0.15,48,54,82.8,0,0,0,0.05,18.2410682865912,4376
"p346","ssp370","CNRM-CM6-1-HR","2075",0.36,0.27,0,101,0.2,53,59,84.49,0,0,0.2,0.3,18.8136302270632,4377
"p346","ssp370","CNRM-CM6-1-HR","2075",0.23,0.24,0,105,0.1,51,57,78,0,0,0.1,0,18.9324884323091,4378
"p346","ssp370","CNRM-CM6-1-HR","2075",0.15,0.5,0,99,0.2,44,50,72.68,0,0,0.4,0,19.3000398628523,4379
"p346","ssp370","CNRM-CM6-1-HR","2075",0.23,0.47,0,103,0.1,62,68,91.34,0,0,0.4,0,18.5611756323738,4380
"p346","ssp370","CNRM-CM6-1-HR","2075",0.3,0.14,0,116,0,44,50,75.19,0,0,0.3,0,17.3570721861704,4381
"p346","ssp370","CNRM-CM6-1-HR","2075",0.52,0.56,0,104,0,44,50,68.62,0,0,0.2,0,19.001158285085,4382
"p346","ssp370","CNRM-CM6-1-HR","2075",0.26,0.21,0,100,0.1,44,50,72.14,0,0,0.4,0,17.6748964487192,4383
"p346","ssp370","CNRM-CM6-1-HR","2075",0.11,0.13,0,102,0.1,44,50,74.61,0,0,0.1,0,17.1420276877363,4384
"p346","ssp370","CNRM-CM6-1-HR","2075",0.34,0.55,0,105,0.4,44,50,72.49,0,0,0,0.1,17.8366259431515,4385
"p346","ssp370","CNRM-CM6-1-HR","2075",0.24,0.42,0.2,99,0.3,45,51,78.55,0,0,0.2,0,18.5159233478847,4386
"p346","ssp370","CNRM-CM6-1-HR","2075",0.36,0.36,0,94,0.1,45,51,75.99,0,0,0.1,0,18.0549713738231,4387
"p346","ssp370","CNRM-CM6-1-HR","2075",0.42,0.35,0,114,0,47,53,79.97,0,0,0.1,0,18.6454201266957,4388
"p346","ssp370","CNRM-CM6-1-HR","2075",0.33,0.13,0,102,0.2,59,65,89.64,0,0,0,0,18.0020964124637,4389
"p346","ssp370","CNRM-CM6-1-HR","2075",0.11,0.71,0,106,0.2,45,51,77.8,0,0,0.3,0,18.1663267371834,4390
"p346","ssp370","CNRM-CM6-1-HR","2075",0.24,0.55,0,103,0.3,46,56,81,0,0,0.1,0,18.1218110673424,4391
"p346","ssp370","CNRM-CM6-1-HR","2075",0.23,0.24,0,110,0,44,56,70.74,0,0,0.8,0,18.7682586920172,4392
"p346","ssp370","CNRM-CM6-1-HR","2075",0.21,0.55,0,102,0,53,59,82.25,0,0,0,0.2,17.3127726113742,4393
"p346","ssp370","CNRM-CM6-1-HR","2075",0.24,0.54,0,108,0.1,45,51,79.61,0,0,0.1,0,18.9900074562174,4394
"p346","ssp370","CNRM-CM6-1-HR","2075",0.2,0.45,0,110,0.2,46,52,74.73,0,0,0.1,0.05,17.3800619529169,4395
"p346","ssp370","CNRM-CM6-1-HR","2075",0.13,0.27,0.3,101,0.2,43,49,58.86,0,0,0.1,0,18.0258645099265,4396
"p346","ssp370","CNRM-CM6-1-HR","2075",0.48,0.48,0,94,0.1,46,52,76.48,0,0,0.3,0,18.4555482889179,4397
"p346","ssp370","CNRM-CM6-1-HR","2075",0.37,0.51,0,98,0.1,45,51,75.75,0,0,0,0.05,19.1266045207411,4398
"p346","ssp370","CNRM-CM6-1-HR","2075",0.23,0.54,0,94,0.1,48,54,79.86,0,0,0.2,0,18.9296455793901,4399
"p346","ssp370","CNRM-CM6-1-HR","2075",0.29,0.33,0,102,0,55,61,80.58,0,0,0.1,0,18.5347479265482,4400
"p346","ssp370","CNRM-ESM2-1","2075",0.4,0.22,0,93,0,45,51,77,0,0,0,0.2,17.8275555154243,4401
"p346","ssp370","CNRM-ESM2-1","2075",0.28,0.46,0.25,95,0.2,45,51,74.69,0,0,0.2,0.05,17.7789312663847,4402
"p346","ssp370","CNRM-ESM2-1","2075",0.47,0.31,0,102,0.1,77,86,103.67,0,0,0,0,18.3585475224184,4403
"p346","ssp370","CNRM-ESM2-1","2075",0.23,0.25,0,103,0.2,60,85,81.07,0,0,0.1,0,19.0726024274199,4404
"p346","ssp370","CNRM-ESM2-1","2075",0.47,0.39,0.25,97,0.3,52,58,83.5,0,0,0.1,0,17.4504818569793,4405
"p346","ssp370","CNRM-ESM2-1","2075",0.18,0.5,0,110,0.2,50,56,80.76,0.2,0,0.3,0.2,17.700726994852,4406
"p346","ssp370","CNRM-ESM2-1","2075",0.42,0.43,0,95,0,47,72,79.39,0,0,0.3,0,18.4949552989405,4407
"p346","ssp370","CNRM-ESM2-1","2075",0.37,0.44,0,92,0.2,45,51,75.23,0.1,0,0.2,0.25,18.1677413510218,4408
"p346","ssp370","CNRM-ESM2-1","2075",0.39,0.24,0,107,0.3,47,67,83.16,0,0,0,0.05,18.8451886396037,4409
"p346","ssp370","CNRM-ESM2-1","2075",0.13,0,0.2,95,0.1,46,98,80.19,0,0,0.1,0,19.5092147842713,4410
"p346","ssp370","CNRM-ESM2-1","2075",0.34,0.37,0,96,0.2,75,81,96.64,0,0,0.1,0.15,19.3803783210994,4411
"p346","ssp370","CNRM-ESM2-1","2075",0.3,0.35,0,109,0.2,60,66,89.73,0,0,0.1,0.05,17.5052284284647,4412
"p346","ssp370","CNRM-ESM2-1","2075",0.42,0.1,0.5,98,0,54,61,77.2,0,0,0.2,0,17.3242881212291,4413
"p346","ssp370","CNRM-ESM2-1","2075",0.26,0.62,0,82,0.2,50,57,81.18,0,0,0.2,0.2,16.7556654531248,4414
"p346","ssp370","CNRM-ESM2-1","2075",0.35,0.47,0,93,0.1,62,70,89.23,0,0,0,0,17.9087308036867,4415
"p346","ssp370","CNRM-ESM2-1","2075",0.36,0.51,0,114,0.1,46,52,75.18,0,0,0.1,0.15,17.951565158285,4416
"p346","ssp370","CNRM-ESM2-1","2075",0.16,0.38,0.2,101,0.2,50,69,80.79,0,0,0.2,0.05,17.984365813346,4417
"p346","ssp370","CNRM-ESM2-1","2075",0.33,0.54,0,115,0.1,57,63,86.8,0,0,0.1,0,18.3413692803424,4418
"p346","ssp370","CNRM-ESM2-1","2075",0.67,0.49,0,108,0.1,54,60,81.53,0.1,0,0.1,0,18.0479235238386,4419
"p346","ssp370","CNRM-ESM2-1","2075",0.66,0.39,0,87,0.3,50,77,81.98,0,0,0.3,0,19.3941822192271,4420
"p346","ssp370","CNRM-ESM2-1","2075",0.6,0.75,0,105,0.1,59,65,80.92,0,0,0,0.2,18.6166749163737,4421
"p346","ssp370","CNRM-ESM2-1","2075",0.36,0.35,0,102,0.3,71,77,100.89,0,0,0.2,0.1,18.2230165670606,4422
"p346","ssp370","CNRM-ESM2-1","2075",0.32,0.53,0,103,0.15,44,50,74.48,0.1,0,0.1,0.05,17.3992926307037,4423
"p346","ssp370","CNRM-ESM2-1","2075",0.3,0.47,0,104,0.2,45,51,77.21,0,0,0.1,0,18.5713189725095,4424
"p346","ssp370","CNRM-ESM2-1","2075",0.39,0.55,0,106,0.1,53,62,71.87,0,0,0.5,0.15,18.1944982197818,4425
"p346","ssp370","CNRM-ESM2-1","2075",0.17,0.3,0,115,0.2,51,57,83.03,0,0,0,0.05,19.1579298344191,4426
"p346","ssp370","CNRM-ESM2-1","2075",0.37,0.32,0,86,0,66,72,93.53,0,0,0.3,0,18.7891810581541,4427
"p346","ssp370","CNRM-ESM2-1","2075",0.32,0.47,0,97,0.5,53,67,84.46,0,0,0,0.1,18.4344316746604,4428
"p346","ssp370","CNRM-ESM2-1","2075",0.48,0.61,0,85,0,47,53,78.51,0,0,0,0.05,18.4321358967346,4429
"p346","ssp370","CNRM-ESM2-1","2075",0.29,0.45,0,100,0,45,51,77.49,0,0,0.2,0.3,17.7906044699865,4430
"p346","ssp370","CNRM-ESM2-1","2075",0.4,0.35,0,97,0.25,47,55,80.22,0.1,0,0.1,0,16.851870879076,4431
"p346","ssp370","CNRM-ESM2-1","2075",0.27,0.33,0,100,0.35,58,64,85.7,0,0,0,0,18.8946491307214,4432
"p346","ssp370","CNRM-ESM2-1","2075",0.51,0.47,0,107,0.2,70,79,95.47,0,0,0.1,0,18.3217260696076,4433
"p346","ssp370","CNRM-ESM2-1","2075",0.41,0.39,0,97,0,52,58,81.93,0,0,0,0.15,18.4337989391106,4434
"p346","ssp370","CNRM-ESM2-1","2075",0.31,0.27,0,104,0.15,52,58,81.77,0.3,0,0.3,0,16.8060126464131,4435
"p346","ssp370","CNRM-ESM2-1","2075",0.48,0.66,0,105,0.1,64,70,90.45,0,0,0,0,18.379791329829,4436
"p346","ssp370","CNRM-ESM2-1","2075",0.46,0.81,0,104,0.2,77,83,101.06,0,0,0,0.1,17.5830402056919,4437
"p346","ssp370","CNRM-ESM2-1","2075",0.32,0.6,0,99,0,44,50,77.96,0,0,0,0,17.9027895882686,4438
"p346","ssp370","CNRM-ESM2-1","2075",0.34,0.1,0,98,0.3,51,59,84.12,0.1,0,0.1,0.4,16.8267982521373,4439
"p346","ssp370","CNRM-ESM2-1","2075",0.42,0.52,0,88,0.1,48,54,82.09,0,0,0.2,0.05,17.3687162916517,4440
"p346","ssp370","CNRM-ESM2-1","2075",0.45,0.54,0,113,0.1,51,58,81.38,0,0,0,0,18.0578875721098,4441
"p346","ssp370","CNRM-ESM2-1","2075",0.38,0.26,0,104,0.1,56,62,86.81,0,0,0.1,0.05,18.9503972912891,4442
"p346","ssp370","CNRM-ESM2-1","2075",0.31,0.52,0,100,0.2,90,96,113.81,0,0,0,0.05,18.8856612642278,4443
"p346","ssp370","CNRM-ESM2-1","2075",0.29,0.3,0,106,0.1,60,75,85.65,0,0,0,0.05,18.5390169534896,4444
"p346","ssp370","CNRM-ESM2-1","2075",0.3,0.74,0.2,109,0.15,75,81,97.79,0,0,0.2,0.05,18.3133779832912,4445
"p346","ssp370","CNRM-ESM2-1","2075",0.39,0.64,0,112,0.1,57,64,85.15,0,0,0.1,0.05,18.7667732667302,4446
"p346","ssp370","CNRM-ESM2-1","2075",0.31,0.52,0,99,0.1,103,109,123.01,0,0,0,0,20.0821942113825,4447
"p346","ssp370","CNRM-ESM2-1","2075",0.33,0.48,0,87,0.1,53,60,86.48,0,0,0.2,0,17.774827896512,4448
"p346","ssp370","CNRM-ESM2-1","2075",0.5,0.45,0,98,0,62,68,92,0,0,0.3,0,18.6697964500409,4449
"p346","ssp370","CNRM-ESM2-1","2075",0.23,0.13,0.3,91,0.2,48,92,74.78,0.1,0,0,0,18.034846542265,4450
"p346","ssp370","CNRM-ESM2-1","2075",0.22,0.34,0,95,0.2,53,59,80.77,0,0,0.2,0.1,18.0269867912588,4451
"p346","ssp370","CNRM-ESM2-1","2075",0.37,0.34,0,107,0.1,48,54,79.91,0,0,0.2,0,18.0772222688982,4452
"p346","ssp370","CNRM-ESM2-1","2075",0.31,0.15,0.2,101,0.4,57,63,85.91,0,0,0,0.05,18.0629604267553,4453
"p346","ssp370","CNRM-ESM2-1","2075",0.32,0.34,0,103,0,55,61,85.71,0,0,0.3,0.1,18.1385977133055,4454
"p346","ssp370","CNRM-ESM2-1","2075",0.44,0.11,0,96,0.1,61,67,86.23,0,0,0.3,0.05,18.2957951720595,4455
"p346","ssp370","CNRM-ESM2-1","2075",0.27,0.32,0,106,0.6,77,83,95.17,0,0,0.4,0,19.0417296396665,4456
"p346","ssp370","CNRM-ESM2-1","2075",0.16,0.22,0,112,0.2,55,64,87.74,0.2,0,0.1,0.05,18.1399419486112,4457
"p346","ssp370","CNRM-ESM2-1","2075",0.14,0.14,0,92,0.2,79,85,101.57,0,0,0,0,19.3333724639964,4458
"p346","ssp370","CNRM-ESM2-1","2075",0.4,0.44,0,118,0,62,68,91.6,0,0,0.1,0,18.5083631752381,4459
"p346","ssp370","CNRM-ESM2-1","2075",0.19,0.42,0.2,103,0,65,78,88.07,0,0,0,0.05,18.7999181261876,4460
"p346","ssp370","CNRM-ESM2-1","2075",0.26,0.35,0.2,92,0.1,58,76,85.56,0,0,0.3,0,18.0344985440738,4461
"p346","ssp370","CNRM-ESM2-1","2075",0.26,0.21,0,83,0,45,51,77.65,0.1,0,0,0,17.1923823256969,4462
"p346","ssp370","CNRM-ESM2-1","2075",0.26,0.32,0,104,0.1,60,66,87.33,0,0,0.4,0.1,18.8836455891611,4463
"p346","ssp370","CNRM-ESM2-1","2075",0.29,0.57,0,102,0.1,45,51,75.26,0,0,0.3,0,18.0555177384546,4464
"p346","ssp370","CNRM-ESM2-1","2075",0.22,0.25,0,82,0,50,64,86.23,0,0,0.2,0,18.2806143675503,4465
"p346","ssp370","CNRM-ESM2-1","2075",0.15,0.56,0,98,0.2,74,80,96.26,0,0,0.1,0,19.1033276961352,4466
"p346","ssp370","CNRM-ESM2-1","2075",0.3,0.25,0.2,96,0.35,63,69,84.76,0,0,0.2,0,18.8638120923729,4467
"p346","ssp370","CNRM-ESM2-1","2075",0.31,0.25,0,101,0.1,75,81,100.06,0.1,0,0.1,0,18.6996690473266,4468
"p346","ssp370","CNRM-ESM2-1","2075",0.25,0.44,0,102,0.1,68,74,93.91,0,0,0.2,0.05,18.6663054369399,4469
"p346","ssp370","CNRM-ESM2-1","2075",0.34,0.62,0,107,0.1,45,54,75.71,0,0,0.1,0.05,17.2953933448276,4470
"p346","ssp370","CNRM-ESM2-1","2075",0.15,0.23,0.2,101,0.2,49,55,80.64,0,0,0.2,0,17.7238751012225,4471
"p346","ssp370","CNRM-ESM2-1","2075",0.25,0.25,0,102,0.1,59,65,81.82,0,0,0,0,18.2321686615258,4472
"p346","ssp370","CNRM-ESM2-1","2075",0.14,0.4,0,100,0,77,83,90.86,0,0,0.1,0.05,19.2799591801308,4473
"p346","ssp370","CNRM-ESM2-1","2075",0.46,0.35,0,104,0.2,44,50,72.52,0.1,0,0.1,0,16.8314302436399,4474
"p346","ssp370","CNRM-ESM2-1","2075",0.32,0.22,0,79,0.2,50,56,82,0,0,0.1,0,17.9251744274365,4475
"p346","ssp370","CNRM-ESM2-1","2075",0.17,0.34,0,86,0.15,51,57,82.78,0.1,0,0,0.1,17.3633525351398,4476
"p346","ssp370","CNRM-ESM2-1","2075",0.3,0.26,0,100,0.2,60,66,87.91,0,0,0.2,0.3,18.0838755120384,4477
"p346","ssp370","CNRM-ESM2-1","2075",0.23,0.24,0,103,0.1,67,73,94,0,0,0.1,0,18.7219794450348,4478
"p346","ssp370","CNRM-ESM2-1","2075",0.15,0.44,0,94,0.2,48,54,77.39,0,0,0.4,0,18.665165449159,4479
"p346","ssp370","CNRM-ESM2-1","2075",0.21,0.34,0,101,0.2,84,90,108.05,0,0,0.1,0,19.1599963043407,4480
"p346","ssp370","CNRM-ESM2-1","2075",0.35,0.12,0,110,0,71,77,96.07,0,0,0.2,0,17.3770832494201,4481
"p346","ssp370","CNRM-ESM2-1","2075",0.51,0.51,0.2,104,0,46,71,78.36,0,0,0.2,0,19.0261399402288,4482
"p346","ssp370","CNRM-ESM2-1","2075",0.26,0.21,0,105,0.1,46,68,75.91,0,0,0.4,0,17.2756262472925,4483
"p346","ssp370","CNRM-ESM2-1","2075",0.11,0.13,0,97,0.2,90,96,108.27,0,0,0.1,0,19.162646180436,4484
"p346","ssp370","CNRM-ESM2-1","2075",0.34,0.44,0,96,0.45,76,84,102.19,0,0,0,0.1,18.6280827726732,4485
"p346","ssp370","CNRM-ESM2-1","2075",0.24,0.37,0.2,95,0.2,48,84,82.25,0,0,0.2,0,19.6370281445262,4486
"p346","ssp370","CNRM-ESM2-1","2075",0.41,0.38,0,97,0.1,71,77,95.2,0,0,0.2,0,18.1431707784867,4487
"p346","ssp370","CNRM-ESM2-1","2075",0.42,0.41,0,110,0,50,59,84.48,0,0,0.1,0,18.0537025515069,4488
"p346","ssp370","CNRM-ESM2-1","2075",0.34,0.13,0,97,0.2,63,87,91.91,0,0,0,0,18.1967827103001,4489
"p346","ssp370","CNRM-ESM2-1","2075",0.11,0.71,0,104,0.3,49,84,82.22,0,0,0.3,0,18.9268526128747,4490
"p346","ssp370","CNRM-ESM2-1","2075",0.26,0.42,0,98,0.3,73,79,101.47,0,0,0.1,0,18.3837572254225,4491
"p346","ssp370","CNRM-ESM2-1","2075",0.28,0.36,0,107,0,63,76,87.75,0,0,0.5,0,18.6160894750766,4492
"p346","ssp370","CNRM-ESM2-1","2075",0.21,0.55,0,100,0,59,104,86.54,0,0,0,0.2,19.2383354454363,4493
"p346","ssp370","CNRM-ESM2-1","2075",0.24,0.54,0,108,0.1,61,73,93.62,0,0,0.1,0,19.1068788546921,4494
"p346","ssp370","CNRM-ESM2-1","2075",0.2,0.42,0,110,0.2,49,55,79.73,0.2,0,0.1,0.05,16.5452744723739,4495
"p346","ssp370","CNRM-ESM2-1","2075",0.13,0.27,0.3,99,0.2,44,65,64.61,0,0,0.1,0,17.5117446911162,4496
"p346","ssp370","CNRM-ESM2-1","2075",0.42,0.48,0,94,0.1,55,63,81.71,0,0,0.2,0,17.7210258369429,4497
"p346","ssp370","CNRM-ESM2-1","2075",0.36,0.5,0,95,0.1,58,67,88.61,0,0,0,0.1,18.4563507698777,4498
"p346","ssp370","CNRM-ESM2-1","2075",0.28,0.53,0,93,0.1,74,80,102.47,0,0,0.1,0,19.1352525276055,4499
"p346","ssp370","CNRM-ESM2-1","2075",0.29,0.33,0,97,0,74,88,98.99,0,0,0,0,19.1543739620604,4500
"p346","ssp370","EC-Earth3-AerChem","2075",0.4,0.22,0,104,0,44,50,75.78,0,0,0,0.2,18.3300205094775,4501
"p346","ssp370","EC-Earth3-AerChem","2075",0.28,0.45,0.25,100,0.2,45,51,73.97,0,0,0.2,0.05,18.084233261416,4502
"p346","ssp370","EC-Earth3-AerChem","2075",0.47,0.44,0,110,0.1,47,54,78.59,0,0,0.2,0,17.4269966437444,4503
"p346","ssp370","EC-Earth3-AerChem","2075",0.23,0.52,0,111,0.2,58,64,79.84,0,0,0.2,0,18.2483034123882,4504
"p346","ssp370","EC-Earth3-AerChem","2075",0.52,0.36,0.25,105,0.3,51,57,83.74,0,0,0.1,0,17.7703078946189,4505
"p346","ssp370","EC-Earth3-AerChem","2075",0.18,0.48,0,114,0.2,47,53,78.69,0.1,0,0.3,0.2,18.1564025650379,4506
"p346","ssp370","EC-Earth3-AerChem","2075",0.42,0.7,0,106,0,45,62,78.44,0,0,0.4,0,18.3388560128764,4507
"p346","ssp370","EC-Earth3-AerChem","2075",0.37,0.45,0,100,0.1,45,51,70.82,0,0,0.2,0.25,18.4491949765198,4508
"p346","ssp370","EC-Earth3-AerChem","2075",0.33,0.34,0,111,0.2,45,51,79.98,0,0,0.2,0.05,18.5704104572371,4509
"p346","ssp370","EC-Earth3-AerChem","2075",0.06,0.1,0,101,0.1,45,51,79.53,0.2,0,0.1,0,16.5034386582499,4510
"p346","ssp370","EC-Earth3-AerChem","2075",0.33,0.38,0,107,0.2,52,58,79.71,0.1,0,0.1,0.15,18.517234083759,4511
"p346","ssp370","EC-Earth3-AerChem","2075",0.3,0.54,0,112,0.1,59,65,90.05,0.1,0,0.2,0,17.7317437844414,4512
"p346","ssp370","EC-Earth3-AerChem","2075",0.37,0.32,0.5,103,0,51,57,75.32,0,0,0.1,0,17.6164660405883,4513
"p346","ssp370","EC-Earth3-AerChem","2075",0.41,0.64,0,91,0.2,46,52,77.22,0,0,0.2,0.2,17.0970144599131,4514
"p346","ssp370","EC-Earth3-AerChem","2075",0.35,0.59,0,98,0.1,50,56,78.94,0,0,0,0,17.7891660975222,4515
"p346","ssp370","EC-Earth3-AerChem","2075",0.36,0.72,0,119,0.1,45,51,72.41,0,0,0.1,0.1,18.3540267281142,4516
"p346","ssp370","EC-Earth3-AerChem","2075",0.15,0.43,0.2,103,0.4,45,51,77.99,0,0,0.1,0.05,17.4243013315679,4517
"p346","ssp370","EC-Earth3-AerChem","2075",0.28,0.45,0,118,0.1,47,56,79.15,0,0,0.1,0,18.4375861412447,4518
"p346","ssp370","EC-Earth3-AerChem","2075",0.64,0.25,0,106,0.3,50,56,76.49,0,0,0.1,0,18.3803763007185,4519
"p346","ssp370","EC-Earth3-AerChem","2075",0.66,0.42,0,96,0.3,48,54,80.49,0,0,0.4,0,18.3015275735511,4520
"p346","ssp370","EC-Earth3-AerChem","2075",0.6,0.72,0,111,0.1,58,64,80.38,0,0,0,0.15,18.8486126652502,4521
"p346","ssp370","EC-Earth3-AerChem","2075",0.39,0.48,0.2,103,0.4,70,76,97.11,0,0,0.2,0.05,18.273751625787,4522
"p346","ssp370","EC-Earth3-AerChem","2075",0.38,0.6,0,110,0.1,44,50,73.07,0.1,0,0.1,0.05,17.8664795061965,4523
"p346","ssp370","EC-Earth3-AerChem","2075",0.25,0.59,0,108,0.2,44,50,76.02,0,0,0.1,0,18.8882825549488,4524
"p346","ssp370","EC-Earth3-AerChem","2075",0.44,0.59,0,107,0.1,49,55,70.2,0,0,0.5,0.15,18.036732760475,4525
"p346","ssp370","EC-Earth3-AerChem","2075",0.22,0.36,0,121,0.1,50,56,82.42,0,0,0,0.05,19.401643791532,4526
"p346","ssp370","EC-Earth3-AerChem","2075",0.38,0.34,0.25,87,0,63,69,94.06,0,0,0.3,0,19.0060857942518,4527
"p346","ssp370","EC-Earth3-AerChem","2075",0.32,0.63,0,102,0.5,49,55,80.15,0,0,0.1,0.1,18.1677684520427,4528
"p346","ssp370","EC-Earth3-AerChem","2075",0.54,0.77,0,96,0,46,52,78.28,0,0,0,0.05,18.7344861656342,4529
"p346","ssp370","EC-Earth3-AerChem","2075",0.35,0.51,0,107,0,45,51,78.52,0,0,0.2,0.3,18.0713928883059,4530
"p346","ssp370","EC-Earth3-AerChem","2075",0.31,0.46,0,104,0.25,46,52,78.81,0.1,0,0.1,0,17.1122859847682,4531
"p346","ssp370","EC-Earth3-AerChem","2075",0.27,0.39,0,107,0.35,56,62,85.44,0,0,0.1,0,19.0243458164324,4532
"p346","ssp370","EC-Earth3-AerChem","2075",0.51,0.36,0,107,0.2,55,68,84.72,0,0,0.1,0,18.1119012070127,4533
"p346","ssp370","EC-Earth3-AerChem","2075",0.41,0.53,0,106,0,51,57,82.92,0,0,0.1,0.15,18.7511860725359,4534
"p346","ssp370","EC-Earth3-AerChem","2075",0.31,0.27,0,107,0.15,49,55,80.13,0,0,0.4,0,17.1444584901816,4535
"p346","ssp370","EC-Earth3-AerChem","2075",0.48,0.88,0,108,0.1,61,67,89.59,0,0,0,0,18.4332284927506,4536
"p346","ssp370","EC-Earth3-AerChem","2075",0.46,1,0,107,0.1,75,81,99.02,0,0,0,0.15,17.7143341917123,4537
"p346","ssp370","EC-Earth3-AerChem","2075",0.25,0.61,0,99,0,43,49,73.03,0,0,0,0,18.3868591606635,4538
"p346","ssp370","EC-Earth3-AerChem","2075",0.25,0.23,0,105,0.3,46,52,79,0.1,0,0.1,0.35,17.1491504516066,4539
"p346","ssp370","EC-Earth3-AerChem","2075",0.4,0.52,0,95,0,47,53,80.55,0,0,0.2,0.05,17.7418677271393,4540
"p346","ssp370","EC-Earth3-AerChem","2075",0.41,0.86,0,119,0.1,46,52,75.54,0,0,0,0,18.3349638143278,4541
"p346","ssp370","EC-Earth3-AerChem","2075",0.38,0.5,0,105,0,53,59,85.07,0,0,0.1,0.05,19.2932165975274,4542
"p346","ssp370","EC-Earth3-AerChem","2075",0.31,0.6,0,104,0.2,56,71,89.41,0,0,0.1,0,17.7131428897295,4543
"p346","ssp370","EC-Earth3-AerChem","2075",0.29,0.52,0.2,112,0.1,57,63,87.11,0,0,0,0.05,18.3803740859843,4544
"p346","ssp370","EC-Earth3-AerChem","2075",0.3,0.8,0.25,112,0.15,58,73,87.64,0,0,0.3,0.05,18.2011200595555,4545
"p346","ssp370","EC-Earth3-AerChem","2075",0.39,0.69,0,120,0.1,48,54,78.77,0,0,0.1,0.05,18.7831770593785,4546
"p346","ssp370","EC-Earth3-AerChem","2075",0.31,0.44,0,103,0.1,60,75,93.29,0,0,0,0,18.0167154285292,4547
"p346","ssp370","EC-Earth3-AerChem","2075",0.33,0.43,0,95,0.1,51,57,85.29,0,0,0.3,0,18.0447280362758,4548
"p346","ssp370","EC-Earth3-AerChem","2075",0.45,0.53,0,110,0,61,67,92.43,0,0,0.3,0,18.8082975661121,4549
"p346","ssp370","EC-Earth3-AerChem","2075",0.23,0.32,0.3,96,0.1,47,53,74.51,0.1,0,0,0,16.5821394769169,4550
"p346","ssp370","EC-Earth3-AerChem","2075",0.17,0.1,0.2,93,0.2,45,51,71.39,0,0,0.1,0,18.1736094582702,4551
"p346","ssp370","EC-Earth3-AerChem","2075",0.37,0.44,0,119,0.1,47,53,78.5,0,0,0.2,0,18.2146301263463,4552
"p346","ssp370","EC-Earth3-AerChem","2075",0.31,0.34,0.2,107,0.4,51,57,80.58,0,0,0,0.05,18.25960563852,4553
"p346","ssp370","EC-Earth3-AerChem","2075",0.35,0.64,0,116,0,46,52,79.62,0,0,0.3,0.1,18.4328254864441,4554
"p346","ssp370","EC-Earth3-AerChem","2075",0.44,0.37,0,106,0.1,54,60,79.96,0,0,0.3,0.05,18.4886376000739,4555
"p346","ssp370","EC-Earth3-AerChem","2075",0.27,0.51,0,108,0.8,45,72,73.92,0,0,0.4,0,18.7204043074479,4556
"p346","ssp370","EC-Earth3-AerChem","2075",0.16,0.44,0,120,0.1,46,52,81.07,0.2,0,0.1,0.05,18.2085694845698,4557
"p346","ssp370","EC-Earth3-AerChem","2075",0.14,0.47,0,95,0.2,50,70,82.67,0,0,0.1,0,18.942582451817,4558
"p346","ssp370","EC-Earth3-AerChem","2075",0.4,0.41,0,120,0,52,58,82.5,0,0,0.1,0,18.4199880434502,4559
"p346","ssp370","EC-Earth3-AerChem","2075",0.19,0.59,0.2,107,0,64,70,87.83,0,0,0,0,18.5157895360187,4560
"p346","ssp370","EC-Earth3-AerChem","2075",0.19,0.29,0.2,102,0.1,56,62,83.56,0,0,0.3,0,17.6919464824785,4561
"p346","ssp370","EC-Earth3-AerChem","2075",0.26,0.46,0,90,0,44,50,76.66,0.1,0,0.1,0,17.627178926547,4562
"p346","ssp370","EC-Earth3-AerChem","2075",0.26,0.44,0,109,0.1,59,65,85.01,0,0,0.4,0.25,19.134703033327,4563
"p346","ssp370","EC-Earth3-AerChem","2075",0.29,0.61,0,103,0.1,44,50,73.23,0,0,0.2,0,18.444094968528,4564
"p346","ssp370","EC-Earth3-AerChem","2075",0.22,0.26,0,86,0,48,54,86.11,0,0,0.2,0,18.2524497068219,4565
"p346","ssp370","EC-Earth3-AerChem","2075",0.15,0.59,0,102,0.2,74,80,97.63,0,0,0.1,0,19.2844313138065,4566
"p346","ssp370","EC-Earth3-AerChem","2075",0.31,0.29,0.2,102,0.1,46,59,68.56,0,0,0.2,0,18.7606620501507,4567
"p346","ssp370","EC-Earth3-AerChem","2075",0.24,0.53,0,114,0.1,55,66,86.21,0.1,0,0.2,0,18.4422701884735,4568
"p346","ssp370","EC-Earth3-AerChem","2075",0.25,0.6,0,105,0.1,67,73,92.69,0,0,0.2,0.05,18.7154294526138,4569
"p346","ssp370","EC-Earth3-AerChem","2075",0.34,0.67,0,114,0.1,44,50,75.69,0,0,0.1,0.05,17.584801085047,4570
"p346","ssp370","EC-Earth3-AerChem","2075",0.15,0.45,0.2,104,0.2,48,54,80.03,0,0,0.2,0,18.0972827559366,4571
"p346","ssp370","EC-Earth3-AerChem","2075",0.25,0.49,0,104,0.1,57,63,77.94,0,0,0,0,18.3968458671041,4572
"p346","ssp370","EC-Earth3-AerChem","2075",0.14,0.45,0,106,0,57,79,79.87,0,0,0.2,0.05,19.2708751970123,4573
"p346","ssp370","EC-Earth3-AerChem","2075",0.46,0.59,0,105,0.1,44,50,68.48,0,0,0.1,0,17.2709819612843,4574
"p346","ssp370","EC-Earth3-AerChem","2075",0.32,0.49,0.2,85,0.2,48,54,79.48,0,0,0.2,0,18.2415356403905,4575
"p346","ssp370","EC-Earth3-AerChem","2075",0.17,0.51,0,94,0.15,50,56,83.85,0.1,0,0,0.05,17.7371803651538,4576
"p346","ssp370","EC-Earth3-AerChem","2075",0.36,0.47,0,108,0.1,56,62,87.34,0,0,0.2,0.3,18.2037348784955,4577
"p346","ssp370","EC-Earth3-AerChem","2075",0.18,0.24,0,111,0.1,55,64,85.84,0,0,0.1,0,18.6955476295157,4578
"p346","ssp370","EC-Earth3-AerChem","2075",0.15,0.5,0,99,0.2,45,51,76.52,0,0,0.4,0,18.9820186145953,4579
"p346","ssp370","EC-Earth3-AerChem","2075",0.21,0.38,0,102,0.1,66,80,94.89,0,0,0.3,0,18.7610253332943,4580
"p346","ssp370","EC-Earth3-AerChem","2075",0.3,0.51,0,123,0,46,68,80.36,0,0,0.3,0,17.5818059552168,4581
"p346","ssp370","EC-Earth3-AerChem","2075",0.52,0.46,0,99,0,45,59,76,0,0,0.2,0,18.8578871551575,4582
"p346","ssp370","EC-Earth3-AerChem","2075",0.28,0.35,0,104,0.1,45,51,75.05,0,0,0.4,0,17.0306865234052,4583
"p346","ssp370","EC-Earth3-AerChem","2075",0.11,0.25,0,100,0,76,90,100.03,0,0,0.1,0,18.8792709895048,4584
"p346","ssp370","EC-Earth3-AerChem","2075",0.34,0.51,0,104,0.4,75,81,102.03,0,0,0,0.15,18.6185293929356,4585
"p346","ssp370","EC-Earth3-AerChem","2075",0.24,0.41,0.2,102,0.3,46,52,81.76,0,0,0.2,0,17.9966398390134,4586
"p346","ssp370","EC-Earth3-AerChem","2075",0.36,0.44,0,97,0.1,50,69,80.45,0,0,0.2,0,17.9478401968849,4587
"p346","ssp370","EC-Earth3-AerChem","2075",0.42,0.49,0,119,0,48,54,83.08,0,0,0,0,18.0832054279279,4588
"p346","ssp370","EC-Earth3-AerChem","2075",0.33,0.33,0,104,0.2,61,67,91.28,0,0,0,0,17.6361955424547,4589
"p346","ssp370","EC-Earth3-AerChem","2075",0.11,0.65,0.2,100,0.2,47,69,81.52,0,0,0.3,0,18.3530865264057,4590
"p346","ssp370","EC-Earth3-AerChem","2075",0.24,0.55,0,108,0.3,72,78,103.06,0,0,0.1,0,18.2941137480286,4591
"p346","ssp370","EC-Earth3-AerChem","2075",0.23,0.34,0,113,0,46,61,74.23,0,0,0.8,0,18.2964068887271,4592
"p346","ssp370","EC-Earth3-AerChem","2075",0.21,0.67,0,108,0,57,70,83.28,0.1,0,0,0.2,17.1562283497099,4593
"p346","ssp370","EC-Earth3-AerChem","2075",0.24,0.53,0,107,0.1,54,60,90.01,0,0,0.1,0,18.7383237787614,4594
"p346","ssp370","EC-Earth3-AerChem","2075",0.2,0.45,0.25,113,0.1,48,54,77.42,0,0,0.2,0.05,16.8503930634151,4595
"p346","ssp370","EC-Earth3-AerChem","2075",0.13,0.54,0.3,105,0.2,44,50,63.69,0,0,0.1,0,17.343140616688,4596
"p346","ssp370","EC-Earth3-AerChem","2075",0.47,0.64,0,97,0.1,51,57,80.75,0,0,0.4,0,17.7905172035209,4597
"p346","ssp370","EC-Earth3-AerChem","2075",0.37,0.76,0,100,0.1,53,59,86,0,0,0,0.05,18.5470231207225,4598
"p346","ssp370","EC-Earth3-AerChem","2075",0.23,0.74,0,94,0.1,68,74,98.34,0,0,0.1,0,19.3997379291208,4599
"p346","ssp370","EC-Earth3-AerChem","2075",0.29,0.49,0.2,107,0,56,62,85.6,0,0,0.1,0,18.0677255304027,4600
"p346","ssp370","EC-Earth3-Veg-LR","2075",0.4,0.22,0,93,0,44,50,70.35,0,0,0,0.2,18.571757291431,4601
"p346","ssp370","EC-Earth3-Veg-LR","2075",0.28,0.44,0.25,95,0.2,45,51,74.58,0,0,0.1,0.05,18.5075971346633,4602
"p346","ssp370","EC-Earth3-Veg-LR","2075",0.46,0.3,0,103,0.1,47,54,79.74,0,0,0.1,0,17.7557017942961,4603
"p346","ssp370","EC-Earth3-Veg-LR","2075",0.23,0.25,0,102,0.1,58,64,82.56,0,0,0.1,0,18.5738001177681,4604
"p346","ssp370","EC-Earth3-Veg-LR","2075",0.47,0.29,0.25,100,0.3,50,56,81.88,0,0,0,0,18.0351288800683,4605
"p346","ssp370","EC-Earth3-Veg-LR","2075",0.18,0.48,0,113,0.2,47,53,76.64,0.1,0,0.3,0.2,18.0435812146144,4606
"p346","ssp370","EC-Earth3-Veg-LR","2075",0.42,0.53,0,95,0,45,62,77.97,0,0,0.3,0,18.3806141879456,4607
"p346","ssp370","EC-Earth3-Veg-LR","2075",0.37,0.35,0,95,0.2,45,51,74.7,0,0,0.1,0.25,18.9153580099138,4608
"p346","ssp370","EC-Earth3-Veg-LR","2075",0.33,0.24,0,109,0.2,45,51,81.92,0,0,0.2,0,18.9051401302833,4609
"p346","ssp370","EC-Earth3-Veg-LR","2075",0.06,0,0.3,97,0.1,45,51,80.43,0.1,0,0,0,16.8645590202441,4610
"p346","ssp370","EC-Earth3-Veg-LR","2075",0.33,0.25,0.2,95,0.2,52,58,74.55,0,0,0.1,0.15,18.8294826837109,4611
"p346","ssp370","EC-Earth3-Veg-LR","2075",0.29,0.47,0,110,0.2,57,63,89.17,0,0,0.1,0.05,18.0605816365261,4612
"p346","ssp370","EC-Earth3-Veg-LR","2075",0.37,0.1,0.5,100,0,51,57,70.65,0,0,0.2,0,17.8780585492396,4613
"p346","ssp370","EC-Earth3-Veg-LR","2075",0.41,0.65,0,81,0.2,46,52,74.75,0,0,0.2,0.2,17.3379097472603,4614
"p346","ssp370","EC-Earth3-Veg-LR","2075",0.35,0.48,0,93,0.1,50,56,78.3,0,0,0,0,18.1498087886152,4615
"p346","ssp370","EC-Earth3-Veg-LR","2075",0.36,0.59,0,113,0.1,45,51,70.04,0,0,0,0.15,18.7026058269682,4616
"p346","ssp370","EC-Earth3-Veg-LR","2075",0.15,0.45,0.2,101,0.4,45,51,74.53,0,0,0.1,0.05,17.9074756663423,4617
"p346","ssp370","EC-Earth3-Veg-LR","2075",0.28,0.54,0,116,0.1,47,56,78.92,0,0,0.2,0,18.6099358086221,4618
"p346","ssp370","EC-Earth3-Veg-LR","2075",0.64,0.51,0,111,0.3,50,56,78.23,0,0,0.1,0,18.4968706798452,4619
"p346","ssp370","EC-Earth3-Veg-LR","2075",0.63,0.39,0,87,0.2,48,54,79.49,0,0,0.4,0,18.3909989792186,4620
"p346","ssp370","EC-Earth3-Veg-LR","2075",0.6,0.72,0,111,0.2,58,64,76.97,0,0,0,0.15,19.1301091339589,4621
"p346","ssp370","EC-Earth3-Veg-LR","2075",0.3,0.46,0,102,0.5,69,75,96.81,0,0,0.2,0.1,18.5106793638884,4622
"p346","ssp370","EC-Earth3-Veg-LR","2075",0.32,0.53,0,102,0.15,44,50,71.52,0.1,0,0.1,0.05,18.2261077455799,4623
"p346","ssp370","EC-Earth3-Veg-LR","2075",0.25,0.36,0,103,0.2,44,50,76.64,0,0,0.1,0,19.2607903373986,4624
"p346","ssp370","EC-Earth3-Veg-LR","2075",0.39,0.52,0,105,0.1,49,55,70.53,0,0,0.5,0.1,18.5725642030008,4625
"p346","ssp370","EC-Earth3-Veg-LR","2075",0.17,0.3,0,115,0.1,49,55,81.99,0,0,0,0,19.5174216576622,4626
"p346","ssp370","EC-Earth3-Veg-LR","2075",0.31,0.32,0.25,85,0.1,63,69,94.56,0,0,0.4,0,19.2939181370379,4627
"p346","ssp370","EC-Earth3-Veg-LR","2075",0.4,0.47,0,97,0.3,46,52,76.05,0,0,0,0.05,18.5890774076896,4628
"p346","ssp370","EC-Earth3-Veg-LR","2075",0.47,0.62,0,85,0,46,52,76.44,0,0,0.1,0.05,18.8802881603537,4629
"p346","ssp370","EC-Earth3-Veg-LR","2075",0.29,0.45,0,102,0,45,51,77.19,0,0,0.2,0.3,18.6541257804255,4630
"p346","ssp370","EC-Earth3-Veg-LR","2075",0.35,0.34,0,99,0.25,46,52,79.6,0,0,0.1,0,17.4272407630335,4631
"p346","ssp370","EC-Earth3-Veg-LR","2075",0.27,0.33,0,104,0.35,56,62,85.35,0,0,0,0,19.2720999578422,4632
"p346","ssp370","EC-Earth3-Veg-LR","2075",0.51,0.46,0,108,0.2,55,66,81.86,0,0,0.1,0,18.3712461951158,4633
"p346","ssp370","EC-Earth3-Veg-LR","2075",0.41,0.4,0,97,0,51,57,80.68,0,0,0,0.1,18.986412108038,4634
"p346","ssp370","EC-Earth3-Veg-LR","2075",0.31,0.16,0,105,0.15,49,55,79.05,0,0,0.2,0,17.6651767900923,4635
"p346","ssp370","EC-Earth3-Veg-LR","2075",0.48,0.78,0,105,0.1,61,67,88.2,0,0,0,0,18.7620058762676,4636
"p346","ssp370","EC-Earth3-Veg-LR","2075",0.46,0.81,0,101,0.2,72,78,95.37,0,0,0,0,17.8354504065923,4637
"p346","ssp370","EC-Earth3-Veg-LR","2075",0.25,0.59,0,101,0,43,49,72.96,0,0,0,0,18.4547019857366,4638
"p346","ssp370","EC-Earth3-Veg-LR","2075",0.25,0.1,0,99,0.3,46,52,76.26,0.1,0,0.1,0.15,17.4433706755374,4639
"p346","ssp370","EC-Earth3-Veg-LR","2075",0.4,0.52,0,88,0.1,47,53,79.41,0,0,0.2,0,18.1057392283316,4640
"p346","ssp370","EC-Earth3-Veg-LR","2075",0.4,0.45,0,116,0.1,46,52,75.5,0,0,0.1,0,18.6525076653044,4641
"p346","ssp370","EC-Earth3-Veg-LR","2075",0.38,0.26,0,103,0.1,53,59,85.63,0,0,0.2,0.05,19.5745098692762,4642
"p346","ssp370","EC-Earth3-Veg-LR","2075",0.28,0.39,0,102,0.2,55,68,87.66,0,0,0,0,17.96494251058,4643
"p346","ssp370","EC-Earth3-Veg-LR","2075",0.29,0.4,0,107,0.1,56,62,83.88,0,0,0,0.05,18.6309399273712,4644
"p346","ssp370","EC-Earth3-Veg-LR","2075",0.3,0.74,0.2,110,0.15,55,61,84.39,0,0,0.4,0.05,17.7795209287586,4645
"p346","ssp370","EC-Earth3-Veg-LR","2075",0.39,0.67,0,112,0.1,48,54,77.22,0,0,0.1,0.05,19.2352122683666,4646
"p346","ssp370","EC-Earth3-Veg-LR","2075",0.31,0.55,0,98,0.1,60,66,92.67,0,0,0.1,0,17.8130428003668,4647
"p346","ssp370","EC-Earth3-Veg-LR","2075",0.32,0.48,0,86,0.1,50,56,83.42,0,0,0.3,0,18.3397947209789,4648
"p346","ssp370","EC-Earth3-Veg-LR","2075",0.4,0.46,0,99,0,54,62,86.82,0,0,0.3,0,18.9249245200159,4649
"p346","ssp370","EC-Earth3-Veg-LR","2075",0.23,0.18,0.3,93,0.2,47,53,71.12,0,0,0,0,16.9164106518247,4650
"p346","ssp370","EC-Earth3-Veg-LR","2075",0.1,0.3,0,94,0.1,45,51,70.13,0,0,0.2,0.05,18.6196378898945,4651
"p346","ssp370","EC-Earth3-Veg-LR","2075",0.37,0.34,0,111,0.1,47,53,78.62,0,0,0.2,0,18.6530499830313,4652
"p346","ssp370","EC-Earth3-Veg-LR","2075",0.32,0.16,0.2,103,0.4,51,57,81.86,0,0,0,0,18.5897269214369,4653
"p346","ssp370","EC-Earth3-Veg-LR","2075",0.32,0.3,0,108,0,46,52,76.75,0,0,0.3,0.1,18.6147458901692,4654
"p346","ssp370","EC-Earth3-Veg-LR","2075",0.38,0.1,0,95,0.1,53,59,76.9,0,0,0.4,0.05,18.6630205674513,4655
"p346","ssp370","EC-Earth3-Veg-LR","2075",0.27,0.32,0,106,0.6,45,70,74.26,0,0,0.4,0,18.8695815829351,4656
"p346","ssp370","EC-Earth3-Veg-LR","2075",0.16,0.33,0,115,0.2,46,52,79.23,0,0,0.1,0.05,18.41376494322,4657
"p346","ssp370","EC-Earth3-Veg-LR","2075",0.14,0.14,0,91,0.2,50,69,81.07,0,0,0,0,19.1328280583262,4658
"p346","ssp370","EC-Earth3-Veg-LR","2075",0.4,0.28,0,119,0,52,58,79.7,0,0,0.1,0,18.5953211857081,4659
"p346","ssp370","EC-Earth3-Veg-LR","2075",0.19,0.42,0.2,100,0,62,68,86.88,0,0,0,0,18.9511825295484,4660
"p346","ssp370","EC-Earth3-Veg-LR","2075",0.19,0.35,0.2,93,0.1,56,62,84,0,0,0.3,0,17.685953566609,4661
"p346","ssp370","EC-Earth3-Veg-LR","2075",0.26,0.21,0,83,0,44,50,76.26,0.1,0,0,0,17.9257656006725,4662
"p346","ssp370","EC-Earth3-Veg-LR","2075",0.26,0.3,0,102,0.1,58,64,86.58,0,0,0.4,0.05,19.2053632184392,4663
"p346","ssp370","EC-Earth3-Veg-LR","2075",0.29,0.52,0,100,0,44,50,76.11,0,0,0.4,0,18.6641491523279,4664
"p346","ssp370","EC-Earth3-Veg-LR","2075",0.22,0.22,0,80,0,48,54,83.67,0,0,0.2,0,18.5667337304353,4665
"p346","ssp370","EC-Earth3-Veg-LR","2075",0.15,0.46,0,101,0.1,68,76,95.5,0,0,0,0,19.3934945947087,4666
"p346","ssp370","EC-Earth3-Veg-LR","2075",0.3,0.25,0.2,97,0.35,46,59,73.72,0,0,0.2,0,19.0666956003403,4667
"p346","ssp370","EC-Earth3-Veg-LR","2075",0.29,0.25,0,103,0.1,54,64,84.93,0,0,0,0,18.5738030392758,4668
"p346","ssp370","EC-Earth3-Veg-LR","2075",0.31,0.48,0,102,0.1,67,73,93.35,0,0,0.3,0.05,18.9632328016036,4669
"p346","ssp370","EC-Earth3-Veg-LR","2075",0.33,0.53,0,108,0.1,44,50,73.22,0,0,0.1,0.05,18.0003568848039,4670
"p346","ssp370","EC-Earth3-Veg-LR","2075",0.15,0.33,0.2,101,0.2,47,53,76.87,0,0,0.2,0,18.505429800578,4671
"p346","ssp370","EC-Earth3-Veg-LR","2075",0.25,0.25,0,101,0.1,57,63,80.53,0,0,0,0,18.4748711535643,4672
"p346","ssp370","EC-Earth3-Veg-LR","2075",0.14,0.43,0,101,0,57,77,77.59,0,0,0.1,0.05,19.423943552665,4673
"p346","ssp370","EC-Earth3-Veg-LR","2075",0.46,0.45,0,101,0.3,44,50,67.54,0,0,0.1,0,17.4814354658782,4674
"p346","ssp370","EC-Earth3-Veg-LR","2075",0.32,0.23,0,79,0.2,48,54,79.1,0,0,0.2,0,18.5691604730619,4675
"p346","ssp370","EC-Earth3-Veg-LR","2075",0.17,0.34,0,86,0.15,50,56,83.14,0,0,0,0.1,18.2894457924749,4676
"p346","ssp370","EC-Earth3-Veg-LR","2075",0.36,0.22,0,100,0.2,56,62,87.12,0,0,0.2,0.25,18.625932594438,4677
"p346","ssp370","EC-Earth3-Veg-LR","2075",0.23,0.34,0,105,0.1,54,62,84.96,0,0,0.1,0,18.8631850420117,4678
"p346","ssp370","EC-Earth3-Veg-LR","2075",0.13,0.39,0,93,0.2,45,51,79.48,0,0,0.4,0,19.1924555610074,4679
"p346","ssp370","EC-Earth3-Veg-LR","2075",0.23,0.44,0,100,0.2,65,71,93.01,0,0,0.5,0,18.5687328436166,4680
"p346","ssp370","EC-Earth3-Veg-LR","2075",0.3,0.22,0,112,0,45,51,75.32,0,0,0.3,0,16.9171010354378,4681
"p346","ssp370","EC-Earth3-Veg-LR","2075",0.51,0.51,0,104,0,45,58,73.99,0,0,0.2,0,19.0747265220239,4682
"p346","ssp370","EC-Earth3-Veg-LR","2075",0.26,0.25,0,100,0.1,45,51,76.78,0,0,0.4,0,17.2870655850591,4683
"p346","ssp370","EC-Earth3-Veg-LR","2075",0.11,0.23,0,101,0.2,73,79,96.04,0,0,0.1,0,18.3306120481336,4684
"p346","ssp370","EC-Earth3-Veg-LR","2075",0.33,0.55,0,100,0.45,74,80,97.53,0,0,0,0.1,18.8382100397245,4685
"p346","ssp370","EC-Earth3-Veg-LR","2075",0.24,0.37,0.2,96,0.4,46,52,77.27,0,0,0.2,0,18.4271767160977,4686
"p346","ssp370","EC-Earth3-Veg-LR","2075",0.36,0.25,0,93,0.1,50,61,78.13,0,0,0.1,0,17.983462849111,4687
"p346","ssp370","EC-Earth3-Veg-LR","2075",0.42,0.2,0,113,0,48,54,80.98,0,0,0.1,0,18.5508606328402,4688
"p346","ssp370","EC-Earth3-Veg-LR","2075",0.33,0.13,0,95,0.2,61,67,90.63,0,0,0,0,17.6551420160186,4689
"p346","ssp370","EC-Earth3-Veg-LR","2075",0.11,0.82,0,105,0.3,47,66,78.91,0,0,0.3,0,18.5359351257108,4690
"p346","ssp370","EC-Earth3-Veg-LR","2075",0.24,0.46,0,98,0.3,67,73,97.97,0,0,0.1,0,18.4554284222859,4691
"p346","ssp370","EC-Earth3-Veg-LR","2075",0.23,0.24,0,109,0,46,59,71.34,0,0,0.8,0,18.7228041138763,4692
"p346","ssp370","EC-Earth3-Veg-LR","2075",0.21,0.55,0,101,0,57,63,80.96,0,0,0,0.2,17.2914000655752,4693
"p346","ssp370","EC-Earth3-Veg-LR","2075",0.24,0.54,0,109,0.1,54,60,89.89,0,0,0.1,0,19.096134161263,4694
"p346","ssp370","EC-Earth3-Veg-LR","2075",0.2,0.42,0,110,0.2,48,54,74.74,0,0,0.1,0.05,17.1742551206905,4695
"p346","ssp370","EC-Earth3-Veg-LR","2075",0.13,0.27,0.3,99,0.2,44,50,60.71,0,0,0.1,0,17.6632743590939,4696
"p346","ssp370","EC-Earth3-Veg-LR","2075",0.41,0.48,0,94,0.1,51,57,76.62,0,0,0.3,0,18.0912553702734,4697
"p346","ssp370","EC-Earth3-Veg-LR","2075",0.36,0.5,0,97,0.1,53,59,83.91,0,0,0,0.1,18.7734149269018,4698
"p346","ssp370","EC-Earth3-Veg-LR","2075",0.23,0.43,0,93,0.1,51,65,84.06,0,0,0.1,0,18.9503091987624,4699
"p346","ssp370","EC-Earth3-Veg-LR","2075",0.29,0.43,0,97,0,56,62,85.6,0,0,0.1,0,18.6300729331825,4700
"p346","ssp370","FGOALS-g3","2075",0.4,0.16,0,86,0,45,51,72.52,0,0,0,0.15,18.2390997123963,4701
"p346","ssp370","FGOALS-g3","2075",0.28,0.33,0.25,95,0.2,46,52,74.2,0,0,0.1,0.05,18.1338169532785,4702
"p346","ssp370","FGOALS-g3","2075",0.47,0.21,0,96,0.1,64,74,94.89,0,0,0,0,18.217674510128,4703
"p346","ssp370","FGOALS-g3","2075",0.23,0.12,0,91,0.1,59,67,87.88,0,0,0.1,0,18.3009290552749,4704
"p346","ssp370","FGOALS-g3","2075",0.47,0.27,0.25,87,0.3,52,58,82.95,0,0,0,0,17.8736005438741,4705
"p346","ssp370","FGOALS-g3","2075",0.18,0.37,0,107,0.2,50,56,80.21,0.1,0,0.2,0.15,17.8414815065263,4706
"p346","ssp370","FGOALS-g3","2075",0.42,0.12,0,90,0,47,67,77.92,0,0,0.2,0,18.5145199657434,4707
"p346","ssp370","FGOALS-g3","2075",0.37,0.21,0,84,0.2,46,52,78.07,0.1,0,0.1,0.25,18.4647894576849,4708
"p346","ssp370","FGOALS-g3","2075",0.33,0.11,0,97,0.2,48,68,85.1,0,0,0,0.05,19.2972165661215,4709
"p346","ssp370","FGOALS-g3","2075",0.19,0.11,0,90,0.1,47,96,82.54,0,0,0,0,19.1208102818945,4710
"p346","ssp370","FGOALS-g3","2075",0.34,0.22,0,80,0.2,54,74,77.35,0,0,0,0.05,19.4354301768922,4711
"p346","ssp370","FGOALS-g3","2075",0.3,0,0,105,0.2,60,66,89.86,0,0,0.1,0,17.8782844906903,4712
"p346","ssp370","FGOALS-g3","2075",0.42,0.1,0.5,86,0,54,60,71.94,0,0,0.2,0,17.7965852746634,4713
"p346","ssp370","FGOALS-g3","2075",0.41,0.53,0,79,0.1,51,58,79.84,0,0,0.1,0.2,17.2155799478304,4714
"p346","ssp370","FGOALS-g3","2075",0.35,0.23,0,92,0.1,60,66,85.19,0,0,0,0,18.286172571652,4715
"p346","ssp370","FGOALS-g3","2075",0.36,0.27,0,110,0.1,46,52,71.23,0,0,0,0.1,18.3635584251927,4716
"p346","ssp370","FGOALS-g3","2075",0.16,0.33,0.2,98,0.4,51,69,79.17,0,0,0.1,0,18.373460971929,4717
"p346","ssp370","FGOALS-g3","2075",0.28,0.53,0,114,0.1,57,63,86.04,0,0,0.1,0,18.6406336117416,4718
"p346","ssp370","FGOALS-g3","2075",0.64,0.37,0,101,0.3,54,60,82.87,0,0,0,0,18.5688857201016,4719
"p346","ssp370","FGOALS-g3","2075",0.66,0.21,0,75,0.2,50,75,81.53,0,0,0.2,0,19.6056238465545,4720
"p346","ssp370","FGOALS-g3","2075",0.6,0.59,0,101,0.1,59,65,75.78,0,0,0,0.15,19.0161373973579,4721
"p346","ssp370","FGOALS-g3","2075",0.39,0.3,0,97,0.5,70,76,97.27,0,0,0.1,0,18.6346793222615,4722
"p346","ssp370","FGOALS-g3","2075",0.32,0.26,0,94,0.15,44,50,76.07,0.1,0,0.1,0.05,17.8239664270548,4723
"p346","ssp370","FGOALS-g3","2075",0.31,0.13,0,100,0.2,45,51,78.65,0,0,0.1,0,18.8986532658981,4724
"p346","ssp370","FGOALS-g3","2075",0.39,0.42,0,99,0.1,53,62,69.84,0,0,0.4,0.15,18.3566506648119,4725
"p346","ssp370","FGOALS-g3","2075",0.22,0,0,106,0,52,58,84.85,0,0,0,0.05,19.5817271289439,4726
"p346","ssp370","FGOALS-g3","2075",0.37,0.11,0.25,76,0.1,65,71,92.71,0,0,0.3,0,19.1795442176878,4727
"p346","ssp370","FGOALS-g3","2075",0.4,0.23,0,94,0.3,53,60,81.98,0,0,0,0.1,18.3964002004269,4728
"p346","ssp370","FGOALS-g3","2075",0.47,0.58,0,77,0,48,54,78.03,0,0,0,0.05,18.8623918669433,4729
"p346","ssp370","FGOALS-g3","2075",0.29,0,0,92,0,45,51,76.27,0,0,0.1,0.3,18.1681476974783,4730
"p346","ssp370","FGOALS-g3","2075",0.4,0.21,0,88,0.25,47,55,80.59,0.1,0,0.1,0,17.2257128245611,4731
"p346","ssp370","FGOALS-g3","2075",0.27,0.1,0,89,0.35,58,64,83.57,0,0,0,0,19.2128806093973,4732
"p346","ssp370","FGOALS-g3","2075",0.51,0,0,100,0.2,67,74,88.98,0,0,0,0,18.5383842309874,4733
"p346","ssp370","FGOALS-g3","2075",0.41,0.18,0,89,0,52,58,78.28,0,0,0,0.15,18.9029946622572,4734
"p346","ssp370","FGOALS-g3","2075",0.31,0.1,0,95,0.15,52,58,81.44,0,0,0.2,0,17.1220062674522,4735
"p346","ssp370","FGOALS-g3","2075",0.48,0.32,0,102,0.1,63,69,88.08,0,0,0,0,18.502058324292,4736
"p346","ssp370","FGOALS-g3","2075",0.46,0.5,0,97,0.1,75,81,100.95,0,0,0,0.15,17.9389554995505,4737
"p346","ssp370","FGOALS-g3","2075",0.25,0.32,0,96,0,44,50,78.26,0,0,0,0,18.4054282542056,4738
"p346","ssp370","FGOALS-g3","2075",0.33,0,0,95,0.3,51,59,82.02,0.1,0,0.1,0.35,17.2777466608068,4739
"p346","ssp370","FGOALS-g3","2075",0.43,0.53,0,84,0.1,48,54,81.73,0,0,0.1,0.05,17.8610143518858,4740
"p346","ssp370","FGOALS-g3","2075",0.46,0.59,0,113,0.1,51,57,82.11,0,0,0,0,18.5456036377848,4741
"p346","ssp370","FGOALS-g3","2075",0.38,0.1,0,103,0.1,56,62,85.65,0,0,0.1,0.05,19.3730306432777,4742
"p346","ssp370","FGOALS-g3","2075",0.36,0.22,0,97,0.2,57,81,89.99,0,0,0,0,18.4846281064624,4743
"p346","ssp370","FGOALS-g3","2075",0.29,0.25,0,102,0.1,59,70,82.02,0,0,0,0.05,18.602733772264,4744
"p346","ssp370","FGOALS-g3","2075",0.3,0.67,0.2,110,0.15,74,80,94.54,0,0,0.2,0.05,18.4109353550962,4745
"p346","ssp370","FGOALS-g3","2075",0.39,0.31,0,111,0.1,56,62,81.02,0,0,0.1,0.05,18.921815125625,4746
"p346","ssp370","FGOALS-g3","2075",0.31,0.31,0,92,0.1,82,103,107.09,0,0,0.1,0,19.8972330953672,4747
"p346","ssp370","FGOALS-g3","2075",0.33,0.36,0,87,0.1,53,60,83.82,0,0,0.2,0,18.2894463786613,4748
"p346","ssp370","FGOALS-g3","2075",0.51,0.16,0,85,0,62,68,90.14,0,0,0.3,0,19.0742586848178,4749
"p346","ssp370","FGOALS-g3","2075",0.23,0,0.2,74,0.1,49,90,71.99,0.1,0,0,0,17.9772264654625,4750
"p346","ssp370","FGOALS-g3","2075",0.22,0.31,0,88,0.1,53,59,79.97,0,0,0.2,0,18.3844991710118,4751
"p346","ssp370","FGOALS-g3","2075",0.37,0.32,0,91,0.1,48,54,79.44,0,0,0.2,0,18.4224378305688,4752
"p346","ssp370","FGOALS-g3","2075",0.32,0.13,0.2,97,0.4,56,62,86.02,0,0,0,0.05,18.6104943666741,4753
"p346","ssp370","FGOALS-g3","2075",0.35,0.12,0,98,0,55,61,83.79,0,0,0.2,0.1,18.6547445814694,4754
"p346","ssp370","FGOALS-g3","2075",0.44,0.1,0,87,0.1,56,62,80.01,0,0,0.3,0.05,18.7463072523499,4755
"p346","ssp370","FGOALS-g3","2075",0.27,0.21,0,102,0.6,74,80,94.17,0,0,0.2,0,19.2806074844702,4756
"p346","ssp370","FGOALS-g3","2075",0.16,0,0,110,0.1,53,62,86.66,0.2,0,0,0.05,18.6305631941311,4757
"p346","ssp370","FGOALS-g3","2075",0.14,0,0.2,83,0.2,71,77,93.66,0,0,0,0,19.562436910728,4758
"p346","ssp370","FGOALS-g3","2075",0.4,0.22,0,110,0,59,65,86.13,0,0,0,0,18.8580441206425,4759
"p346","ssp370","FGOALS-g3","2075",0.25,0.2,0.2,97,0,65,75,89.73,0,0,0,0.05,19.0485818261804,4760
"p346","ssp370","FGOALS-g3","2075",0.19,0.15,0.2,82,0.1,58,69,84.15,0,0,0.3,0,18.0382804650172,4761
"p346","ssp370","FGOALS-g3","2075",0.26,0.1,0,72,0,46,52,76.55,0.1,0,0,0,17.7370275682073,4762
"p346","ssp370","FGOALS-g3","2075",0.26,0.2,0,88,0.1,60,66,88.38,0,0,0.3,0.3,19.2788178177877,4763
"p346","ssp370","FGOALS-g3","2075",0.29,0.38,0,96,0,45,51,77.44,0,0,0.4,0,18.3901371993717,4764
"p346","ssp370","FGOALS-g3","2075",0.22,0.22,0,72,0,51,63,86.12,0,0,0.2,0,18.630385277821,4765
"p346","ssp370","FGOALS-g3","2075",0.15,0.39,0,95,0.1,74,80,96.03,0,0,0,0,19.3254018514756,4766
"p346","ssp370","FGOALS-g3","2075",0.3,0.21,0,86,0.35,62,68,90.24,0,0,0,0,19.1526854372406,4767
"p346","ssp370","FGOALS-g3","2075",0.29,0.12,0,96,0.1,73,79,98.09,0.1,0,0,0,19.1571674051474,4768
"p346","ssp370","FGOALS-g3","2075",0.31,0.34,0,97,0.1,68,74,92.82,0,0,0,0.05,18.9684274669081,4769
"p346","ssp370","FGOALS-g3","2075",0.4,0.64,0,107,0.1,45,54,75.61,0,0,0.1,0.05,17.645221264561,4770
"p346","ssp370","FGOALS-g3","2075",0.15,0,0.2,92,0.2,49,55,78.56,0,0,0.1,0,18.2003484121834,4771
"p346","ssp370","FGOALS-g3","2075",0.25,0.14,0,90,0.1,59,65,86.38,0,0,0,0,18.5799680730803,4772
"p346","ssp370","FGOALS-g3","2075",0.14,0.29,0,90,0,76,82,88.16,0,0,0.1,0.05,19.4927175317757,4773
"p346","ssp370","FGOALS-g3","2075",0.46,0.21,0,91,0.2,44,50,69.44,0.1,0,0.1,0,17.1117293808785,4774
"p346","ssp370","FGOALS-g3","2075",0.32,0.1,0,72,0.2,50,56,84.3,0,0,0.2,0.05,18.3149733242564,4775
"p346","ssp370","FGOALS-g3","2075",0.17,0.1,0,76,0.15,51,57,81,0,0,0,0.05,17.9147785889713,4776
"p346","ssp370","FGOALS-g3","2075",0.36,0.12,0,95,0.2,59,65,87.34,0,0,0.2,0.3,18.3891019840641,4777
"p346","ssp370","FGOALS-g3","2075",0.23,0.12,0,98,0.1,65,71,93.81,0,0,0.1,0,19.0593660282491,4778
"p346","ssp370","FGOALS-g3","2075",0.15,0.1,0,86,0.2,48,54,81.4,0,0,0.3,0,19.0896610624496,4779
"p346","ssp370","FGOALS-g3","2075",0.23,0.21,0,95,0.1,67,83,93.43,0,0,0.1,0.05,18.9456024260017,4780
"p346","ssp370","FGOALS-g3","2075",0.3,0,0,107,0,70,76,95,0,0,0.1,0,17.7649514819673,4781
"p346","ssp370","FGOALS-g3","2075",0.51,0.29,0,103,0,46,66,75.56,0,0,0.2,0,19.1682083924525,4782
"p346","ssp370","FGOALS-g3","2075",0.26,0,0,92,0.1,46,67,76.43,0,0,0.4,0,17.805648462767,4783
"p346","ssp370","FGOALS-g3","2075",0.11,0.21,0.2,94,0.2,76,90,95.9,0,0,0,0,19.126157754132,4784
"p346","ssp370","FGOALS-g3","2075",0.34,0.21,0,95,0.3,75,81,99.8,0,0,0,0.1,18.8572635467076,4785
"p346","ssp370","FGOALS-g3","2075",0.24,0.36,0.2,85,0.4,48,83,81.45,0,0,0.2,0,19.683940402026,4786
"p346","ssp370","FGOALS-g3","2075",0.36,0.12,0,91,0.1,70,76,92.66,0,0,0.1,0,18.3797144627398,4787
"p346","ssp370","FGOALS-g3","2075",0.42,0.3,0,96,0,50,57,82.25,0,0,0.1,0,18.2012262835296,4788
"p346","ssp370","FGOALS-g3","2075",0.33,0,0,86,0.2,62,68,90.52,0,0,0,0,17.8231924731886,4789
"p346","ssp370","FGOALS-g3","2075",0.11,0.38,0,104,0.2,49,79,80.01,0,0,0.2,0,19.0649439320731,4790
"p346","ssp370","FGOALS-g3","2075",0.26,0.3,0,91,0.3,72,78,99.79,0,0,0.1,0,18.5406611380616,4791
"p346","ssp370","FGOALS-g3","2075",0.23,0.12,0,105,0,62,68,85.54,0,0,0.5,0,18.6470688333397,4792
"p346","ssp370","FGOALS-g3","2075",0.21,0.12,0,91,0,58,72,82.78,0.1,0,0,0.15,17.2470213063402,4793
"p346","ssp370","FGOALS-g3","2075",0.24,0.44,0,102,0.1,61,70,93.72,0,0,0.1,0,19.1859600605655,4794
"p346","ssp370","FGOALS-g3","2075",0.2,0.46,0,104,0.2,49,55,76.12,0,0,0.1,0.05,16.8011269322604,4795
"p346","ssp370","FGOALS-g3","2075",0.13,0.21,0.3,91,0.1,44,63,64.19,0,0,0.1,0,17.8526613116857,4796
"p346","ssp370","FGOALS-g3","2075",0.42,0.42,0,92,0.1,55,62,79.21,0,0,0.2,0,18.1556365409157,4797
"p346","ssp370","FGOALS-g3","2075",0.37,0.35,0,93,0.1,58,66,87.27,0,0,0,0.05,18.985626621797,4798
"p346","ssp370","FGOALS-g3","2075",0.23,0.48,0,87,0,72,78,99.67,0,0,0.1,0,19.5692305197421,4799
"p346","ssp370","FGOALS-g3","2075",0.29,0.2,0,89,0,61,71,89.48,0,0,0.1,0,18.6490585905649,4800
"p346","ssp370","GFDL-ESM4","2075",0.4,0.25,0,92,0,45,51,72.73,0,0,0,0.2,18.3864994069874,4801
"p346","ssp370","GFDL-ESM4","2075",0.28,0.34,0,96,0.2,45,51,75.25,0,0,0.2,0.05,18.4874779442142,4802
"p346","ssp370","GFDL-ESM4","2075",0.47,0.24,0,97,0.1,48,60,81.47,0,0,0.2,0,17.839690404921,4803
"p346","ssp370","GFDL-ESM4","2075",0.23,0.13,0,96,0.2,59,65,84.33,0,0,0.2,0,18.4063513339855,4804
"p346","ssp370","GFDL-ESM4","2075",0.47,0.28,0.25,97,0.3,51,57,81.53,0,0,0.1,0,18.1422792886922,4805
"p346","ssp370","GFDL-ESM4","2075",0.18,0.53,0,110,0.2,47,53,77.08,0.1,0,0.3,0.15,18.0985898217224,4806
"p346","ssp370","GFDL-ESM4","2075",0.42,0.12,0,94,0,45,63,78.23,0,0,0.3,0,18.576986409585,4807
"p346","ssp370","GFDL-ESM4","2075",0.37,0.34,0,91,0.2,45,51,75.85,0.1,0,0.1,0.3,18.6068612517764,4808
"p346","ssp370","GFDL-ESM4","2075",0.33,0.17,0,103,0.3,46,52,82.31,0,0,0.1,0.05,18.8548566690652,4809
"p346","ssp370","GFDL-ESM4","2075",0.13,0,0,95,0.1,46,70,81.65,0.1,0,0.1,0,17.6856464672322,4810
"p346","ssp370","GFDL-ESM4","2075",0.33,0.24,0,86,0.2,53,59,77.25,0.1,0,0.1,0.15,18.8069087766131,4811
"p346","ssp370","GFDL-ESM4","2075",0.3,0.21,0,106,0.1,59,65,89.82,0,0,0.1,0,18.1666554469388,4812
"p346","ssp370","GFDL-ESM4","2075",0.42,0.1,0.5,95,0,52,58,74.38,0,0,0.1,0,18.0952818383685,4813
"p346","ssp370","GFDL-ESM4","2075",0.36,0.6,0,81,0.2,49,55,79.25,0,0,0.1,0.2,17.4408340611903,4814
"p346","ssp370","GFDL-ESM4","2075",0.35,0.36,0,92,0.1,50,56,78.63,0,0,0,0,18.2806577870019,4815
"p346","ssp370","GFDL-ESM4","2075",0.36,0.61,0,115,0.1,45,51,70.79,0,0,0,0.1,18.6591498631319,4816
"p346","ssp370","GFDL-ESM4","2075",0.15,0.4,0.2,100,0.4,45,51,75.12,0,0,0.1,0.05,17.7402695253407,4817
"p346","ssp370","GFDL-ESM4","2075",0.28,0.5,0,116,0.1,56,62,86.47,0,0,0.1,0,18.6172737758718,4818
"p346","ssp370","GFDL-ESM4","2075",0.66,0.53,0,105,0.3,51,57,78.95,0,0,0.1,0,18.3218481192456,4819
"p346","ssp370","GFDL-ESM4","2075",0.67,0.4,0,81,0.3,49,55,80.93,0,0,0.4,0.05,18.2926500516338,4820
"p346","ssp370","GFDL-ESM4","2075",0.6,0.55,0,109,0.1,58,64,76.76,0,0,0,0.15,19.3020046248503,4821
"p346","ssp370","GFDL-ESM4","2075",0.4,0.42,0,101,0.5,70,76,98.96,0,0,0.2,0.05,18.6953450546311,4822
"p346","ssp370","GFDL-ESM4","2075",0.32,0.33,0,100,0.15,44,50,72.64,0.1,0,0.1,0.05,18.1340110710357,4823
"p346","ssp370","GFDL-ESM4","2075",0.25,0.39,0,104,0.2,44,50,77.15,0,0,0.1,0,18.9987839842594,4824
"p346","ssp370","GFDL-ESM4","2075",0.39,0.53,0,102,0.1,49,55,69.53,0,0,0.5,0.15,18.3638259139492,4825
"p346","ssp370","GFDL-ESM4","2075",0.22,0.24,0,111,0.1,51,57,83,0,0,0,0.05,19.8741089767772,4826
"p346","ssp370","GFDL-ESM4","2075",0.38,0.32,0.25,79,0.1,65,71,95.13,0,0,0.3,0.05,19.2686657057117,4827
"p346","ssp370","GFDL-ESM4","2075",0.32,0.47,0,94,0.5,51,57,80.11,0,0,0,0.1,18.5850963199055,4828
"p346","ssp370","GFDL-ESM4","2075",0.54,0.61,0,82,0,47,53,78.15,0,0,0,0.05,18.8703714950115,4829
"p346","ssp370","GFDL-ESM4","2075",0.35,0.34,0,104,0,45,51,77.44,0,0,0.2,0.3,18.4812112839881,4830
"p346","ssp370","GFDL-ESM4","2075",0.4,0.47,0,93,0.25,46,52,79.91,0.1,0,0.1,0,17.4165486049808,4831
"p346","ssp370","GFDL-ESM4","2075",0.27,0.38,0,96,0.35,57,63,85.02,0,0,0.1,0,19.3490916609293,4832
"p346","ssp370","GFDL-ESM4","2075",0.51,0.1,0,103,0.2,67,74,91.11,0,0,0.1,0,18.8238954468224,4833
"p346","ssp370","GFDL-ESM4","2075",0.42,0.18,0,93,0,52,58,81.28,0,0,0.1,0.15,19.0347158544054,4834
"p346","ssp370","GFDL-ESM4","2075",0.31,0.16,0,100,0.15,51,57,80.61,0,0,0.3,0,17.3982414074697,4835
"p346","ssp370","GFDL-ESM4","2075",0.54,0.55,0,103,0.1,62,68,89.29,0,0,0,0,18.4542387766343,4836
"p346","ssp370","GFDL-ESM4","2075",0.46,0.8,0,98,0.2,75,81,97.37,0,0,0,0.15,18.3317545032663,4837
"p346","ssp370","GFDL-ESM4","2075",0.25,0.6,0.2,99,0,44,50,75.73,0,0,0.1,0,18.6577472564888,4838
"p346","ssp370","GFDL-ESM4","2075",0.33,0.21,0,102,0.3,47,53,78.38,0.1,0,0.1,0.35,17.4998803052784,4839
"p346","ssp370","GFDL-ESM4","2075",0.4,0.49,0,87,0.1,47,53,80.85,0,0,0.1,0.05,18.023427284521,4840
"p346","ssp370","GFDL-ESM4","2075",0.46,0.59,0,117,0.1,49,55,79.26,0,0,0,0,18.5488576162724,4841
"p346","ssp370","GFDL-ESM4","2075",0.38,0.24,0,103,0.1,55,61,86.47,0,0,0.1,0.05,19.5516340013038,4842
"p346","ssp370","GFDL-ESM4","2075",0.31,0.36,0,99,0.2,56,79,89.9,0,0,0,0,18.7334012708086,4843
"p346","ssp370","GFDL-ESM4","2075",0.29,0.43,0,106,0.1,58,64,84.8,0,0,0,0.05,18.636617765857,4844
"p346","ssp370","GFDL-ESM4","2075",0.3,0.72,0,110,0.15,60,76,87.95,0,0,0.2,0.05,18.5740240220052,4845
"p346","ssp370","GFDL-ESM4","2075",0.39,0.52,0,113,0.1,53,59,81.99,0,0,0.1,0.05,19.0350890016602,4846
"p346","ssp370","GFDL-ESM4","2075",0.31,0.2,0,95,0.1,61,84,93.53,0,0,0,0,18.6513964556777,4847
"p346","ssp370","GFDL-ESM4","2075",0.33,0.38,0,86,0.1,52,58,84.97,0,0,0.3,0,18.4229890813998,4848
"p346","ssp370","GFDL-ESM4","2075",0.46,0.22,0,95,0,61,67,92.13,0,0,0.3,0,19.2033560467365,4849
"p346","ssp370","GFDL-ESM4","2075",0.23,0,0.3,87,0.2,47,53,73.1,0.1,0,0,0,16.8166523900167,4850
"p346","ssp370","GFDL-ESM4","2075",0.22,0.33,0,91,0.2,45,51,71.66,0,0,0.1,0,18.4597006953357,4851
"p346","ssp370","GFDL-ESM4","2075",0.37,0.34,0,102,0.1,48,54,80.05,0,0,0.2,0,18.4675200028469,4852
"p346","ssp370","GFDL-ESM4","2075",0.31,0.18,0.2,103,0.4,52,59,82.07,0,0,0,0.05,18.8700386905444,4853
"p346","ssp370","GFDL-ESM4","2075",0.35,0.3,0,106,0,46,53,78.33,0,0,0.3,0.15,18.7133984594206,4854
"p346","ssp370","GFDL-ESM4","2075",0.44,0.1,0,90,0.1,54,60,79.41,0,0,0.3,0.05,18.6313707467262,4855
"p346","ssp370","GFDL-ESM4","2075",0.27,0.21,0,104,0.8,45,75,75.64,0,0,0.4,0,19.0990748792257,4856
"p346","ssp370","GFDL-ESM4","2075",0.16,0.11,0,113,0.1,52,58,85.48,0.2,0,0.1,0.05,18.3913894311525,4857
"p346","ssp370","GFDL-ESM4","2075",0.14,0,0.2,89,0.2,68,74,94.51,0,0,0.1,0,19.3202767403004,4858
"p346","ssp370","GFDL-ESM4","2075",0.4,0.33,0,119,0,53,59,80.7,0,0,0.1,0,18.7692272151869,4859
"p346","ssp370","GFDL-ESM4","2075",0.19,0.3,0.2,98,0,64,70,86.87,0,0,0,0,18.796241090891,4860
"p346","ssp370","GFDL-ESM4","2075",0.29,0.35,0,88,0.1,57,65,84.88,0,0,0.3,0,17.8647464570273,4861
"p346","ssp370","GFDL-ESM4","2075",0.26,0.21,0,79,0,45,51,76.59,0.1,0,0.1,0,17.888202755628,4862
"p346","ssp370","GFDL-ESM4","2075",0.26,0.22,0,98,0.1,59,65,86.51,0,0,0.4,0.35,19.1430493178604,4863
"p346","ssp370","GFDL-ESM4","2075",0.29,0.43,0,99,0.1,45,51,76.51,0,0,0.2,0,18.4693827351001,4864
"p346","ssp370","GFDL-ESM4","2075",0.22,0.26,0,74,0,49,55,84.66,0,0,0.2,0,18.5628843912213,4865
"p346","ssp370","GFDL-ESM4","2075",0.15,0.47,0,98,0.2,74,80,97.93,0,0,0.1,0.05,19.5143722993113,4866
"p346","ssp370","GFDL-ESM4","2075",0.31,0.22,0,90,0.35,47,61,75.11,0,0,0.2,0,19.2260253449377,4867
"p346","ssp370","GFDL-ESM4","2075",0.24,0.24,0,101,0.1,56,68,86.34,0.1,0,0.1,0,18.7888638922747,4868
"p346","ssp370","GFDL-ESM4","2075",0.25,0.54,0,102,0.1,68,74,92.85,0,0,0.2,0.05,19.003098501759,4869
"p346","ssp370","GFDL-ESM4","2075",0.37,0.51,0,106,0.1,44,51,74.63,0,0,0.1,0.05,18.0029701002152,4870
"p346","ssp370","GFDL-ESM4","2075",0.15,0.33,0.2,94,0.2,48,54,78.03,0,0,0.2,0,18.5452104489573,4871
"p346","ssp370","GFDL-ESM4","2075",0.25,0.14,0,97,0.1,57,63,80.42,0,0,0,0,18.6179244026558,4872
"p346","ssp370","GFDL-ESM4","2075",0.14,0.3,0,99,0,76,82,90.37,0,0,0.2,0.05,19.78320328058,4873
"p346","ssp370","GFDL-ESM4","2075",0.46,0.32,0,100,0.2,44,50,70.21,0,0,0.1,0,17.5465845695058,4874
"p346","ssp370","GFDL-ESM4","2075",0.32,0.22,0,77,0.2,49,55,82.47,0,0,0.1,0.1,18.5278840992791,4875
"p346","ssp370","GFDL-ESM4","2075",0.22,0.3,0,84,0.15,51,57,84.31,0,0,0,0.05,18.217718176864,4876
"p346","ssp370","GFDL-ESM4","2075",0.3,0.26,0,96,0.2,57,63,87.81,0,0,0.2,0.3,18.5797290358957,4877
"p346","ssp370","GFDL-ESM4","2075",0.15,0.25,0,104,0.1,63,69,91.98,0,0,0.1,0,19.1539009885246,4878
"p346","ssp370","GFDL-ESM4","2075",0.15,0.32,0,89,0.2,46,52,79.03,0,0,0.4,0,19.4129163531754,4879
"p346","ssp370","GFDL-ESM4","2075",0.21,0.33,0,99,0.1,67,83,92.82,0,0,0.2,0.05,19.3651356454606,4880
"p346","ssp370","GFDL-ESM4","2075",0.3,0.11,0,110,0,46,70,78.13,0,0,0.3,0,18.081347554681,4881
"p346","ssp370","GFDL-ESM4","2075",0.52,0.52,0.2,102,0,45,61,75.09,0,0,0.2,0,19.1554746680261,4882
"p346","ssp370","GFDL-ESM4","2075",0.29,0.21,0,96,0.1,45,54,77.53,0,0,0.4,0,17.4195008297157,4883
"p346","ssp370","GFDL-ESM4","2075",0.11,0.13,0,95,0.1,76,90,98.18,0,0,0.1,0,19.1796036101608,4884
"p346","ssp370","GFDL-ESM4","2075",0.34,0.33,0,102,0.4,75,81,100.05,0,0,0,0.2,18.9494322492319,4885
"p346","ssp370","GFDL-ESM4","2075",0.24,0.37,0.2,96,0.3,47,80,81.31,0,0,0.2,0,19.6959357608151,4886
"p346","ssp370","GFDL-ESM4","2075",0.36,0.28,0,90,0.1,51,71,80.07,0,0,0.1,0,18.5687393415832,4887
"p346","ssp370","GFDL-ESM4","2075",0.42,0.2,0,109,0,48,54,81.79,0,0,0,0,18.1743256104231,4888
"p346","ssp370","GFDL-ESM4","2075",0.33,0,0,92,0.2,62,68,92.37,0,0,0,0,18.0638555483559,4889
"p346","ssp370","GFDL-ESM4","2075",0.12,0.59,0,107,0.2,48,79,80.3,0,0,0.3,0,19.1743140715927,4890
"p346","ssp370","GFDL-ESM4","2075",0.26,0.31,0,95,0.3,72,78,101.59,0,0,0.1,0,18.7790819216264,4891
"p346","ssp370","GFDL-ESM4","2075",0.23,0.24,0,107,0,46,62,72.96,0,0,0.6,0,18.5345335704599,4892
"p346","ssp370","GFDL-ESM4","2075",0.26,0.35,0,101,0,57,70,81.05,0.1,0,0,0.15,17.5341843712591,4893
"p346","ssp370","GFDL-ESM4","2075",0.24,0.53,0,109,0.1,56,62,91.2,0,0,0.1,0,19.1201641598387,4894
"p346","ssp370","GFDL-ESM4","2075",0.26,0.44,0,108,0.2,48,54,76.38,0,0,0.2,0.05,17.0694031479929,4895
"p346","ssp370","GFDL-ESM4","2075",0.13,0.27,0.3,97,0.2,44,50,63.57,0,0,0.1,0,17.6146802981205,4896
"p346","ssp370","GFDL-ESM4","2075",0.45,0.42,0,93,0.1,52,58,78.81,0,0,0.3,0,18.3208546456286,4897
"p346","ssp370","GFDL-ESM4","2075",0.37,0.54,0,96,0.1,57,63,87.37,0,0,0,0.05,19.0870776847728,4898
"p346","ssp370","GFDL-ESM4","2075",0.23,0.52,0,91,0.1,68,75,98.26,0,0,0.1,0,19.4294052448433,4899
"p346","ssp370","GFDL-ESM4","2075",0.29,0.22,0,93,0,57,63,85.45,0,0,0.1,0,18.4478940820267,4900
"p346","ssp370","INM-CM4-8","2075",0.4,0.22,0,94,0,45,51,73.95,0,0,0,0.2,17.872846578369,4901
"p346","ssp370","INM-CM4-8","2075",0.28,0.43,0.25,95,0.2,45,51,73.32,0,0,0.1,0.05,17.7102615479897,4902
"p346","ssp370","INM-CM4-8","2075",0.47,0.26,0,98,0.1,49,75,82.78,0,0,0.1,0,17.6177172400316,4903
"p346","ssp370","INM-CM4-8","2075",0.23,0.26,0,96,0.2,59,80,88.31,0,0,0.2,0,18.9043195852397,4904
"p346","ssp370","INM-CM4-8","2075",0.47,0.29,0.25,94,0.2,52,58,82.28,0,0,0,0,17.2638723827539,4905
"p346","ssp370","INM-CM4-8","2075",0.18,0.54,0,109,0.2,48,54,79.78,0.2,0,0.3,0.2,17.6568287458753,4906
"p346","ssp370","INM-CM4-8","2075",0.42,0.42,0,90,0,47,67,78.29,0,0,0.4,0,18.0653201394855,4907
"p346","ssp370","INM-CM4-8","2075",0.37,0.44,0,88,0.2,45,51,77.4,0.1,0,0.2,0.25,18.1340575160024,4908
"p346","ssp370","INM-CM4-8","2075",0.39,0.24,0,103,0.2,47,65,83.43,0,0,0,0,18.7895150640189,4909
"p346","ssp370","INM-CM4-8","2075",0.13,0,0,91,0.1,46,97,82.25,0,0,0,0,18.8909596201239,4910
"p346","ssp370","INM-CM4-8","2075",0.34,0.36,0,89,0.2,54,75,77.79,0,0,0.1,0.15,19.0113997740161,4911
"p346","ssp370","INM-CM4-8","2075",0.3,0.33,0,105,0.1,59,65,89.32,0,0,0.2,0.05,17.2751858024775,4912
"p346","ssp370","INM-CM4-8","2075",0.42,0.1,0.5,96,0,53,59,73.78,0,0,0.2,0,17.0865803302687,4913
"p346","ssp370","INM-CM4-8","2075",0.41,0.63,0,82,0.2,50,56,80.84,0,0,0.3,0.2,16.6647701224225,4914
"p346","ssp370","INM-CM4-8","2075",0.35,0.38,0,92,0.1,59,65,86.88,0,0,0,0,17.650670972421,4915
"p346","ssp370","INM-CM4-8","2075",0.36,0.65,0,106,0,46,52,72.81,0,0,0.1,0.1,17.8316151326696,4916
"p346","ssp370","INM-CM4-8","2075",0.21,0.48,0.2,95,0.2,46,52,75.21,0.1,0,0.1,0.05,17.1242744925163,4917
"p346","ssp370","INM-CM4-8","2075",0.33,0.62,0,107,0.1,56,62,85.2,0,0,0.2,0,18.0215090962785,4918
"p346","ssp370","INM-CM4-8","2075",0.67,0.54,0,101,0.1,52,58,83.17,0,0,0.1,0,17.8183670684965,4919
"p346","ssp370","INM-CM4-8","2075",0.66,0.4,0,81,0.2,50,76,80.91,0,0,0.3,0,19.2033239682465,4920
"p346","ssp370","INM-CM4-8","2075",0.6,0.62,0,104,0,59,65,79.33,0,0,0,0.1,18.4762512571407,4921
"p346","ssp370","INM-CM4-8","2075",0.4,0.22,0,100,0.2,71,77,99.23,0,0,0.1,0.1,18.0263389912687,4922
"p346","ssp370","INM-CM4-8","2075",0.32,0.4,0,97,0.1,44,50,76.92,0.1,0,0.1,0.05,17.3538083420481,4923
"p346","ssp370","INM-CM4-8","2075",0.3,0.39,0,104,0.2,45,51,78.53,0,0,0.1,0,18.4719908048458,4924
"p346","ssp370","INM-CM4-8","2075",0.39,0.52,0,101,0.1,52,58,69.45,0,0,0.5,0.1,18.0525039092304,4925
"p346","ssp370","INM-CM4-8","2075",0.22,0.2,0,110,0,51,57,83.62,0,0,0,0,19.0825167605819,4926
"p346","ssp370","INM-CM4-8","2075",0.38,0.44,0,75,0,65,71,92.81,0,0,0.4,0,18.6633460180562,4927
"p346","ssp370","INM-CM4-8","2075",0.4,0.47,0,93,0.3,52,58,82.51,0,0,0.1,0.05,17.9416311869781,4928
"p346","ssp370","INM-CM4-8","2075",0.54,0.62,0,83,0,47,53,77.84,0,0,0,0.05,18.4190959220192,4929
"p346","ssp370","INM-CM4-8","2075",0.35,0.44,0,101,0,45,51,76.09,0,0,0.2,0.3,17.6443930243778,4930
"p346","ssp370","INM-CM4-8","2075",0.41,0.34,0,93,0.1,47,53,81.19,0.1,0,0.1,0,16.6299734030467,4931
"p346","ssp370","INM-CM4-8","2075",0.27,0.38,0,94,0.3,58,64,83.94,0,0,0.1,0,18.5535981978756,4932
"p346","ssp370","INM-CM4-8","2075",0.51,0.2,0,104,0.2,69,78,93.09,0,0,0.1,0,18.0680011548849,4933
"p346","ssp370","INM-CM4-8","2075",0.48,0.39,0,94,0,52,58,79.12,0,0,0.1,0.1,18.2421830037965,4934
"p346","ssp370","INM-CM4-8","2075",0.31,0.27,0,101,0.15,52,58,81.06,0,0,0.4,0,16.85857182179,4935
"p346","ssp370","INM-CM4-8","2075",0.54,0.66,0,101,0.1,63,69,88.94,0,0,0,0,18.0960167251031,4936
"p346","ssp370","INM-CM4-8","2075",0.46,0.81,0,96,0,76,82,100.97,0,0,0,0,17.4404722199225,4937
"p346","ssp370","INM-CM4-8","2075",0.32,0.59,0,96,0,44,50,78.78,0,0,0,0,17.6176814791368,4938
"p346","ssp370","INM-CM4-8","2075",0.34,0.2,0,95,0.3,51,58,83.73,0.1,0,0.1,0.15,16.736880487863,4939
"p346","ssp370","INM-CM4-8","2075",0.42,0.5,0,85,0,47,53,81.22,0,0,0.2,0,17.2526841806721,4940
"p346","ssp370","INM-CM4-8","2075",0.51,0.44,0,109,0.1,51,57,81.86,0,0,0,0,17.8818585263621,4941
"p346","ssp370","INM-CM4-8","2075",0.38,0.13,0,103,0,55,61,83.45,0,0,0.1,0.05,19.1017248206037,4942
"p346","ssp370","INM-CM4-8","2075",0.31,0.51,0,96,0.2,57,92,90.35,0,0,0,0,18.4189155549218,4943
"p346","ssp370","INM-CM4-8","2075",0.29,0.44,0,105,0.1,58,72,82.62,0,0,0,0.05,18.2851993769982,4944
"p346","ssp370","INM-CM4-8","2075",0.3,0.74,0.2,105,0.15,75,81,97.42,0,0,0.3,0.05,18.0689973522833,4945
"p346","ssp370","INM-CM4-8","2075",0.39,0.71,0,106,0.1,54,60,80.88,0,0,0.1,0.05,18.5923222253444,4946
"p346","ssp370","INM-CM4-8","2075",0.31,0.46,0,95,0.1,62,106,92.17,0,0,0.1,0,20.0254586945884,4947
"p346","ssp370","INM-CM4-8","2075",0.33,0.48,0,85,0,52,58,83.46,0,0,0.3,0,17.698970934224,4948
"p346","ssp370","INM-CM4-8","2075",0.5,0.36,0,93,0,62,68,90.69,0,0,0.3,0,18.4892036325946,4949
"p346","ssp370","INM-CM4-8","2075",0.24,0.13,0.3,91,0.1,48,91,72.97,0.1,0,0,0,17.7518248183177,4950
"p346","ssp370","INM-CM4-8","2075",0.22,0.34,0,89,0.1,50,56,79.06,0,0,0.2,0.05,17.8816659774034,4951
"p346","ssp370","INM-CM4-8","2075",0.37,0.24,0,106,0,48,54,79.87,0,0,0.2,0,18.0017988350064,4952
"p346","ssp370","INM-CM4-8","2075",0.32,0.18,0,103,0.3,56,62,86.64,0,0,0,0,17.7815048452326,4953
"p346","ssp370","INM-CM4-8","2075",0.35,0.34,0,97,0,54,60,83.2,0,0,0.3,0.1,18.0345320151897,4954
"p346","ssp370","INM-CM4-8","2075",0.44,0.2,0,88,0.1,55,61,80.18,0,0,0.3,0.05,18.0033262762678,4955
"p346","ssp370","INM-CM4-8","2075",0.27,0.11,0,102,0.4,75,81,96.01,0,0,0.4,0,18.6355013522451,4956
"p346","ssp370","INM-CM4-8","2075",0.16,0.32,0,100,0.1,52,58,86.1,0.2,0,0.1,0.05,17.7376525220778,4957
"p346","ssp370","INM-CM4-8","2075",0.14,0,0,89,0.2,79,85,101.1,0,0,0.1,0,19.0055824891477,4958
"p346","ssp370","INM-CM4-8","2075",0.4,0.4,0,113,0,59,65,87.07,0,0,0.1,0,18.1008638735761,4959
"p346","ssp370","INM-CM4-8","2075",0.19,0.44,0.2,99,0,65,76,91.13,0,0,0,0,18.6930881668123,4960
"p346","ssp370","INM-CM4-8","2075",0.26,0.35,0,90,0.1,58,74,83.23,0,0,0.3,0,17.5151679591003,4961
"p346","ssp370","INM-CM4-8","2075",0.26,0.21,0,81,0,45,51,74.81,0.1,0,0.1,0,17.3164158688312,4962
"p346","ssp370","INM-CM4-8","2075",0.26,0.31,0,97,0.1,60,66,86.58,0,0,0.4,0.05,18.8655417483363,4963
"p346","ssp370","INM-CM4-8","2075",0.29,0.53,0,101,0,45,51,78.69,0,0,0.4,0,17.8892832554098,4964
"p346","ssp370","INM-CM4-8","2075",0.22,0.3,0,77,0,50,56,86.18,0,0,0.2,0,17.8044786737624,4965
"p346","ssp370","INM-CM4-8","2075",0.15,0.48,0,91,0.2,74,80,96.96,0,0,0,0,19.1410025204893,4966
"p346","ssp370","INM-CM4-8","2075",0.31,0.25,0,86,0.25,48,64,80.58,0,0,0.2,0,18.4890677079278,4967
"p346","ssp370","INM-CM4-8","2075",0.36,0.24,0,94,0.1,74,80,99.34,0.1,0,0.2,0,18.3909655494727,4968
"p346","ssp370","INM-CM4-8","2075",0.36,0.54,0,97,0.1,68,74,94.68,0,0,0.2,0.05,18.4488244395748,4969
"p346","ssp370","INM-CM4-8","2075",0.35,0.52,0,105,0.1,44,53,73.92,0,0,0.1,0.05,17.2824770844,4970
"p346","ssp370","INM-CM4-8","2075",0.15,0.43,0.2,92,0.2,49,55,78.17,0,0,0.2,0,17.717531018411,4971
"p346","ssp370","INM-CM4-8","2075",0.25,0.25,0,95,0.1,58,64,85.57,0,0,0,0,17.9414307081485,4972
"p346","ssp370","INM-CM4-8","2075",0.14,0.41,0,98,0,77,83,89.96,0,0,0.2,0.05,19.0864126175393,4973
"p346","ssp370","INM-CM4-8","2075",0.46,0.35,0,96,0.2,44,50,70.99,0.1,0,0.1,0,16.7364311920956,4974
"p346","ssp370","INM-CM4-8","2075",0.32,0.22,0,77,0.1,50,56,85.08,0,0,0.3,0,17.8494975433398,4975
"p346","ssp370","INM-CM4-8","2075",0.22,0.34,0,85,0.1,51,57,80.26,0.1,0,0,0.05,17.5343647773321,4976
"p346","ssp370","INM-CM4-8","2075",0.36,0.26,0,97,0.1,59,65,87.06,0,0,0.2,0.25,18.0263541666406,4977
"p346","ssp370","INM-CM4-8","2075",0.23,0.24,0,102,0.1,67,73,93.67,0,0,0.1,0,18.4183924620289,4978
"p346","ssp370","INM-CM4-8","2075",0.15,0.44,0,90,0.2,47,53,80.89,0,0,0.4,0,18.5511436509594,4979
"p346","ssp370","INM-CM4-8","2075",0.23,0.23,0,95,0,84,90,107.03,0,0,0.3,0,18.9275523001431,4980
"p346","ssp370","INM-CM4-8","2075",0.35,0.11,0,98,0,47,74,80.13,0,0,0.3,0,17.2212338458592,4981
"p346","ssp370","INM-CM4-8","2075",0.52,0.5,0,104,0,45,65,75.54,0,0,0.2,0,18.5436653666154,4982
"p346","ssp370","INM-CM4-8","2075",0.29,0.24,0,95,0.1,46,67,77.08,0,0,0.4,0,17.0575707179197,4983
"p346","ssp370","INM-CM4-8","2075",0.11,0.23,0,90,0,90,96,108.8,0,0,0.1,0,18.8965286426138,4984
"p346","ssp370","INM-CM4-8","2075",0.34,0.45,0,93,0.4,76,85,102.37,0,0,0,0.1,18.7711252658862,4985
"p346","ssp370","INM-CM4-8","2075",0.24,0.37,0.2,89,0.1,48,83,80.76,0,0,0.2,0,19.5866222413828,4986
"p346","ssp370","INM-CM4-8","2075",0.42,0.38,0,88,0.1,71,77,94.25,0,0,0.2,0,17.9249390186218,4987
"p346","ssp370","INM-CM4-8","2075",0.42,0.4,0,101,0,50,56,82.92,0,0,0.1,0,17.888845757651,4988
"p346","ssp370","INM-CM4-8","2075",0.34,0.13,0,85,0.2,62,73,91.51,0,0,0,0,17.1477827911858,4989
"p346","ssp370","INM-CM4-8","2075",0.11,0.6,0,94,0.2,48,83,78.78,0,0,0.3,0,18.7594083022945,4990
"p346","ssp370","INM-CM4-8","2075",0.28,0.44,0,89,0.3,73,79,100.97,0,0,0.1,0,17.9731237770588,4991
"p346","ssp370","INM-CM4-8","2075",0.28,0.35,0,104,0,61,69,86.45,0,0,0.9,0,18.317683012704,4992
"p346","ssp370","INM-CM4-8","2075",0.26,0.55,0,96,0,58,73,82.77,0.1,0,0,0.2,16.9766586971233,4993
"p346","ssp370","INM-CM4-8","2075",0.24,0.54,0,100,0.1,61,72,93.06,0,0,0.1,0,19.2652174756757,4994
"p346","ssp370","INM-CM4-8","2075",0.2,0.43,0,103,0.1,49,55,78.05,0.2,0,0.2,0.05,16.4143459688417,4995
"p346","ssp370","INM-CM4-8","2075",0.13,0.27,0.3,94,0.2,44,63,63.67,0,0,0.1,0,17.5136871870742,4996
"p346","ssp370","INM-CM4-8","2075",0.45,0.42,0,88,0.1,54,60,80.33,0,0,0.3,0,17.3560801051262,4997
"p346","ssp370","INM-CM4-8","2075",0.37,0.5,0,93,0.1,58,67,88.15,0,0,0,0.05,18.1318257604497,4998
"p346","ssp370","INM-CM4-8","2075",0.28,0.52,0,91,0.1,74,80,101.82,0,0,0.1,0,18.8026685687058,4999
"p346","ssp370","INM-CM4-8","2075",0.29,0.33,0,84,0,61,75,91.06,0,0,0.1,0,18.468221755346,5000
"p346","ssp370","INM-CM5-0","2075",0.4,0.28,0,95,0,44,50,75.33,0,0,0,0.2,18.3282416003542,5001
"p346","ssp370","INM-CM5-0","2075",0.28,0.43,0,96,0.2,44,50,74,0,0,0.1,0.05,18.2313791911091,5002
"p346","ssp370","INM-CM5-0","2075",0.47,0.41,0,99,0.1,47,54,79.14,0,0,0.1,0,17.4223760453649,5003
"p346","ssp370","INM-CM5-0","2075",0.23,0.43,0,97,0.1,58,64,78.94,0,0,0.1,0,18.1649406374391,5004
"p346","ssp370","INM-CM5-0","2075",0.5,0.39,0.25,94,0.3,50,56,83.02,0,0,0,0,17.7017797289998,5005
"p346","ssp370","INM-CM5-0","2075",0.18,0.61,0,110,0.2,47,53,77.82,0.1,0,0.3,0.2,17.9432437791529,5006
"p346","ssp370","INM-CM5-0","2075",0.42,0.55,0,96,0,44,50,76.01,0,0,0.2,0,17.6825878209814,5007
"p346","ssp370","INM-CM5-0","2075",0.37,0.45,0,89,0.1,44,50,72.19,0.1,0,0.1,0.2,18.533219576126,5008
"p346","ssp370","INM-CM5-0","2075",0.39,0.27,0,104,0.2,45,51,80.34,0,0,0.2,0,18.6788436533382,5009
"p346","ssp370","INM-CM5-0","2075",0.13,0,0,92,0.1,45,51,79.25,0.3,0,0,0,16.4625213143918,5010
"p346","ssp370","INM-CM5-0","2075",0.34,0.46,0,83,0.2,45,53,73.43,0.1,0,0.2,0.15,18.3639077737991,5011
"p346","ssp370","INM-CM5-0","2075",0.3,0.47,0,108,0.1,58,64,88.73,0,0,0.1,0,17.6205282387057,5012
"p346","ssp370","INM-CM5-0","2075",0.42,0.1,0.5,98,0,51,57,74.84,0,0,0.2,0,17.4393824417137,5013
"p346","ssp370","INM-CM5-0","2075",0.41,0.65,0,82,0.1,46,52,78.02,0,0,0.2,0.2,17.0368232555458,5014
"p346","ssp370","INM-CM5-0","2075",0.35,0.51,0,93,0.1,49,55,78.57,0,0,0,0,17.7275461697689,5015
"p346","ssp370","INM-CM5-0","2075",0.36,0.61,0,112,0.1,45,51,69.97,0,0,0,0.1,18.289904550305,5016
"p346","ssp370","INM-CM5-0","2075",0.16,0.41,0.2,98,0.4,45,51,77.07,0,0,0.1,0,17.4760546703,5017
"p346","ssp370","INM-CM5-0","2075",0.33,0.54,0,112,0.1,47,56,79.97,0,0,0.2,0,18.3777405319441,5018
"p346","ssp370","INM-CM5-0","2075",0.67,0.62,0,97,0.3,47,53,73.98,0,0,0.1,0,18.2457200638796,5019
"p346","ssp370","INM-CM5-0","2075",0.69,0.38,0,87,0.2,48,54,79.86,0,0,0.3,0,18.0957264968227,5020
"p346","ssp370","INM-CM5-0","2075",0.6,0.57,0,107,0.1,58,64,80.35,0,0,0,0.1,18.9021210466778,5021
"p346","ssp370","INM-CM5-0","2075",0.4,0.44,0,100,0.5,70,76,97.99,0,0,0.1,0.05,18.2143745251472,5022
"p346","ssp370","INM-CM5-0","2075",0.38,0.55,0,98,0.15,44,50,72.54,0.1,0,0.1,0.05,17.8007381436385,5023
"p346","ssp370","INM-CM5-0","2075",0.29,0.5,0,108,0.2,44,50,74.66,0,0,0.1,0,18.8542400134032,5024
"p346","ssp370","INM-CM5-0","2075",0.44,0.5,0,101,0.1,48,54,68.99,0,0,0.4,0.1,18.1652094158769,5025
"p346","ssp370","INM-CM5-0","2075",0.24,0.4,0,112,0,49,55,81.1,0,0,0,0,19.2250280636585,5026
"p346","ssp370","INM-CM5-0","2075",0.38,0.44,0,78,0.1,63,69,94.75,0,0,0.4,0,18.8710057216701,5027
"p346","ssp370","INM-CM5-0","2075",0.32,0.62,0,92,0.3,46,52,78.78,0,0,0,0.05,18.2507334396252,5028
"p346","ssp370","INM-CM5-0","2075",0.55,0.65,0,83,0,46,52,76.53,0,0,0.1,0.05,18.7245158816485,5029
"p346","ssp370","INM-CM5-0","2075",0.37,0.5,0,102,0,44,50,77.35,0,0,0.2,0.3,18.1104807713081,5030
"p346","ssp370","INM-CM5-0","2075",0.41,0.38,0,90,0.25,45,51,78.64,0.1,0,0,0,17.0569411629643,5031
"p346","ssp370","INM-CM5-0","2075",0.27,0.29,0,93,0.35,56,62,84.6,0,0,0,0,18.9144345297808,5032
"p346","ssp370","INM-CM5-0","2075",0.52,0.37,0,104,0.2,55,68,84.17,0,0,0.1,0,18.0688099286098,5033
"p346","ssp370","INM-CM5-0","2075",0.41,0.42,0,95,0,51,57,82.84,0,0,0,0.1,18.6355110845439,5034
"p346","ssp370","INM-CM5-0","2075",0.31,0.28,0,103,0.15,49,55,79.08,0,0,0.2,0,17.2871150214347,5035
"p346","ssp370","INM-CM5-0","2075",0.54,0.89,0,99,0.1,61,67,89.96,0,0,0,0,18.4075524494672,5036
"p346","ssp370","INM-CM5-0","2075",0.46,0.8,0,98,0.1,74,80,98.95,0,0,0,0,17.7407084436669,5037
"p346","ssp370","INM-CM5-0","2075",0.32,0.59,0.2,94,0,43,49,73.44,0,0,0.1,0,18.0794443764827,5038
"p346","ssp370","INM-CM5-0","2075",0.36,0.12,0,97,0.1,46,52,77.72,0.1,0,0.1,0.1,17.0996935129782,5039
"p346","ssp370","INM-CM5-0","2075",0.42,0.52,0,85,0.1,46,52,80.85,0,0,0.2,0,17.679723117448,5040
"p346","ssp370","INM-CM5-0","2075",0.56,0.9,0,110,0.1,45,51,74.39,0,0,0.1,0,18.2952808942612,5041
"p346","ssp370","INM-CM5-0","2075",0.38,0.37,0,103,0.1,52,58,85.79,0,0,0.2,0.05,19.1926521567805,5042
"p346","ssp370","INM-CM5-0","2075",0.31,0.51,0,95,0.2,55,69,88.91,0,0,0,0,17.5955334264711,5043
"p346","ssp370","INM-CM5-0","2075",0.29,0.44,0,105,0.1,56,62,85.87,0,0,0,0.05,18.1896398176951,5044
"p346","ssp370","INM-CM5-0","2075",0.3,0.77,0,109,0.15,57,72,86.78,0,0,0.3,0.05,18.093653534712,5045
"p346","ssp370","INM-CM5-0","2075",0.39,0.68,0,108,0.1,48,54,78.62,0,0,0.1,0.05,18.8442414102795,5046
"p346","ssp370","INM-CM5-0","2075",0.31,0.45,0,96,0.1,60,73,93.03,0,0,0.1,0,17.7429135056589,5047
"p346","ssp370","INM-CM5-0","2075",0.33,0.49,0,86,0.1,50,56,84.05,0,0,0.2,0,18.1736945367594,5048
"p346","ssp370","INM-CM5-0","2075",0.48,0.47,0,94,0,54,63,86.8,0,0,0.3,0,18.7807226155242,5049
"p346","ssp370","INM-CM5-0","2075",0.23,0.28,0.3,90,0.1,47,53,74.01,0.1,0,0.1,0,16.5631309900288,5050
"p346","ssp370","INM-CM5-0","2075",0.22,0.2,0,92,0.1,44,50,71.15,0,0,0.2,0,18.2707940709362,5051
"p346","ssp370","INM-CM5-0","2075",0.37,0.35,0,106,0.1,47,53,77.86,0,0,0.1,0,18.2263149331182,5052
"p346","ssp370","INM-CM5-0","2075",0.32,0.32,0,102,0.4,51,57,82.76,0,0,0,0,18.2597357026673,5053
"p346","ssp370","INM-CM5-0","2075",0.35,0.34,0,100,0,46,52,79.4,0,0,0.3,0.1,18.2870173068811,5054
"p346","ssp370","INM-CM5-0","2075",0.44,0.27,0,91,0.1,53,59,79,0,0,0.4,0.05,18.3171692448579,5055
"p346","ssp370","INM-CM5-0","2075",0.27,0.42,0,104,0.6,45,70,73.57,0,0,0.4,0,18.4527503486673,5056
"p346","ssp370","INM-CM5-0","2075",0.16,0.34,0,108,0.1,46,52,80.79,0.2,0,0.1,0.05,18.0417065616413,5057
"p346","ssp370","INM-CM5-0","2075",0.14,0.24,0.2,90,0.2,47,67,79.73,0,0,0,0,18.6738876728768,5058
"p346","ssp370","INM-CM5-0","2075",0.4,0.41,0,115,0,52,58,83.34,0,0,0.1,0,18.3929580342772,5059
"p346","ssp370","INM-CM5-0","2075",0.19,0.48,0.2,96,0,63,69,86.94,0,0,0,0,18.4178822047934,5060
"p346","ssp370","INM-CM5-0","2075",0.36,0.37,0,89,0.1,56,62,85.21,0,0,0.3,0,17.5489379231001,5061
"p346","ssp370","INM-CM5-0","2075",0.26,0.36,0,80,0,44,50,75.63,0.1,0,0,0,17.5649265207956,5062
"p346","ssp370","INM-CM5-0","2075",0.26,0.38,0,96,0.1,58,64,86.4,0,0,0.3,0.05,19.0984670971956,5063
"p346","ssp370","INM-CM5-0","2075",0.29,0.57,0,99,0,44,50,74.29,0,0,0.4,0,18.4036898323489,5064
"p346","ssp370","INM-CM5-0","2075",0.22,0.37,0,73,0,47,53,84.63,0,0,0.2,0,18.1670172476303,5065
"p346","ssp370","INM-CM5-0","2075",0.15,0.48,0,93,0.1,73,79,96.48,0,0,0,0,19.3460578229749,5066
"p346","ssp370","INM-CM5-0","2075",0.31,0.25,0.2,91,0.2,46,59,69.6,0,0,0.2,0,18.7789574942662,5067
"p346","ssp370","INM-CM5-0","2075",0.36,0.38,0,95,0.1,54,65,85.1,0.1,0,0,0,18.2349268056061,5068
"p346","ssp370","INM-CM5-0","2075",0.31,0.61,0,101,0.1,67,73,93.38,0,0,0.3,0.05,18.5843686857367,5069
"p346","ssp370","INM-CM5-0","2075",0.35,0.64,0,105,0.1,44,50,73.63,0,0,0.1,0.05,17.6651916698717,5070
"p346","ssp370","INM-CM5-0","2075",0.15,0.43,0.2,94,0.2,47,53,77.33,0,0,0.2,0,18.1377230778201,5071
"p346","ssp370","INM-CM5-0","2075",0.25,0.48,0,96,0.1,57,63,77.72,0,0,0,0,18.2460478272469,5072
"p346","ssp370","INM-CM5-0","2075",0.19,0.44,0,95,0,57,79,79.27,0,0,0.1,0.05,19.2004220515812,5073
"p346","ssp370","INM-CM5-0","2075",0.46,0.44,0,104,0.1,44,50,68.11,0,0,0.1,0,17.1823358758039,5074
"p346","ssp370","INM-CM5-0","2075",0.32,0.34,0,77,0.2,48,54,79.22,0,0,0.2,0,18.2249655497749,5075
"p346","ssp370","INM-CM5-0","2075",0.22,0.55,0,87,0.15,50,56,84,0.1,0,0,0.05,17.9987589137921,5076
"p346","ssp370","INM-CM5-0","2075",0.41,0.32,0,97,0.2,56,62,87.11,0,0,0.1,0.25,18.3388394309208,5077
"p346","ssp370","INM-CM5-0","2075",0.15,0.25,0,103,0.1,54,62,84.16,0,0,0.1,0,18.5186366329513,5078
"p346","ssp370","INM-CM5-0","2075",0.15,0.38,0,90,0.2,45,51,77.06,0,0,0.4,0,18.9172340895561,5079
"p346","ssp370","INM-CM5-0","2075",0.14,0.37,0,94,0.1,66,78,95.54,0,0,0.3,0,18.4967685459794,5080
"p346","ssp370","INM-CM5-0","2075",0.35,0.45,0,102,0,45,51,79.21,0,0,0.3,0,16.652325806911,5081
"p346","ssp370","INM-CM5-0","2075",0.52,0.53,0,100,0,45,58,74.61,0,0,0.1,0,18.7142240166189,5082
"p346","ssp370","INM-CM5-0","2075",0.29,0.36,0,100,0.1,45,51,74.97,0,0,0.4,0,16.9960055542687,5083
"p346","ssp370","INM-CM5-0","2075",0.11,0.24,0,90,0.1,48,87,81.27,0,0,0.1,0,18.5794834086053,5084
"p346","ssp370","INM-CM5-0","2075",0.34,0.61,0,97,0.4,75,81,101.64,0,0,0,0.1,18.7954307583548,5085
"p346","ssp370","INM-CM5-0","2075",0.24,0.31,0.2,91,0.3,46,52,81.47,0,0,0.2,0,18.0978977838459,5086
"p346","ssp370","INM-CM5-0","2075",0.42,0.62,0,91,0.1,50,68,80.62,0,0,0.1,0,17.9547171665148,5087
"p346","ssp370","INM-CM5-0","2075",0.39,0.45,0,107,0,48,54,82.98,0,0,0.1,0,18.3583433682665,5088
"p346","ssp370","INM-CM5-0","2075",0.34,0.21,0,93,0.2,61,67,92.04,0,0,0,0,17.2238074620537,5089
"p346","ssp370","INM-CM5-0","2075",0.11,0.64,0,93,0.2,47,68,81.26,0,0,0.3,0,18.2297475070871,5090
"p346","ssp370","INM-CM5-0","2075",0.28,0.55,0,90,0.3,68,75,100.48,0,0,0.1,0,18.0911489784351,5091
"p346","ssp370","INM-CM5-0","2075",0.28,0.47,0,107,0,45,58,73.54,0,0,0.7,0,18.3045378093732,5092
"p346","ssp370","INM-CM5-0","2075",0.26,0.45,0,99,0,57,63,85.16,0.1,0,0,0.15,16.916328002422,5093
"p346","ssp370","INM-CM5-0","2075",0.24,0.44,0,96,0.1,54,60,89.39,0,0,0.1,0,18.9600033840063,5094
"p346","ssp370","INM-CM5-0","2075",0.26,0.45,0,106,0.2,48,54,78.02,0,0,0.1,0,16.8177415852207,5095
"p346","ssp370","INM-CM5-0","2075",0.13,0.42,0.3,96,0.2,44,50,62.91,0,0,0.1,0,17.4620866064534,5096
"p346","ssp370","INM-CM5-0","2075",0.51,0.48,0,92,0.1,50,56,79.38,0,0,0.2,0,17.8379789735808,5097
"p346","ssp370","INM-CM5-0","2075",0.37,0.68,0,92,0.1,53,59,84.98,0,0,0,0.05,18.4066408193531,5098
"p346","ssp370","INM-CM5-0","2075",0.28,0.71,0,90,0.1,50,64,84.6,0,0,0.1,0,18.5625217086479,5099
"p346","ssp370","INM-CM5-0","2075",0.29,0.43,0,88,0,56,62,84.92,0,0,0.1,0,18.1778015559859,5100
"p346","ssp370","IPSL-CM6A-LR","2075",0.4,0.29,0,100,0,44,50,68.86,0,0,0,0.3,18.2386010484935,5101
"p346","ssp370","IPSL-CM6A-LR","2075",0.28,0.56,0.25,100,0.2,44,50,74.85,0,0,0.1,0.05,18.2429751906244,5102
"p346","ssp370","IPSL-CM6A-LR","2075",0.47,0.81,0,105,0.1,46,52,78.57,0,0,0.2,0,17.4790469089833,5103
"p346","ssp370","IPSL-CM6A-LR","2075",0.23,0.61,0,109,0.1,58,64,76.37,0,0,0.1,0,18.1824122648596,5104
"p346","ssp370","IPSL-CM6A-LR","2075",0.52,0.47,0.25,102,0.3,50,56,80.95,0,0,0,0.05,17.8240642857623,5105
"p346","ssp370","IPSL-CM6A-LR","2075",0.18,0.61,0,109,0.2,46,52,75.41,0.2,0,0.1,0.35,17.9669567576793,5106
"p346","ssp370","IPSL-CM6A-LR","2075",0.42,0.71,0,106,0,44,50,77.78,0,0,0.2,0,17.7121742032174,5107
"p346","ssp370","IPSL-CM6A-LR","2075",0.37,0.64,0,102,0.1,44,50,67.33,0.1,0,0.2,0.5,18.4934494135923,5108
"p346","ssp370","IPSL-CM6A-LR","2075",0.39,0.34,0,116,0.2,45,51,79.59,0,0,0.2,0.2,18.5310634798738,5109
"p346","ssp370","IPSL-CM6A-LR","2075",0.19,0.11,0,105,0.1,45,51,78.09,0.3,0,0,0,16.5550115029701,5110
"p346","ssp370","IPSL-CM6A-LR","2075",0.34,0.55,0,108,0.2,44,52,69.07,0.1,0,0.1,0.2,18.3422503682308,5111
"p346","ssp370","IPSL-CM6A-LR","2075",0.3,0.54,0,114,0.1,57,63,88.96,0,0,0.1,0.1,17.8736752111543,5112
"p346","ssp370","IPSL-CM6A-LR","2075",0.42,0.32,0.5,100,0,51,57,72.76,0,0,0.3,0,17.5560411743994,5113
"p346","ssp370","IPSL-CM6A-LR","2075",0.41,0.65,0,90,0.1,46,52,70.59,0,0,0.2,0.4,17.2606791699148,5114
"p346","ssp370","IPSL-CM6A-LR","2075",0.35,0.68,0,95,0.1,49,55,74.48,0,0,0,0.05,17.9235952285385,5115
"p346","ssp370","IPSL-CM6A-LR","2075",0.36,0.71,0,115,0.1,45,51,68.49,0,0,0,0.25,18.4984542778557,5116
"p346","ssp370","IPSL-CM6A-LR","2075",0.16,0.6,0.2,102,0.4,45,51,74.26,0,0,0.2,0.05,17.5603796845938,5117
"p346","ssp370","IPSL-CM6A-LR","2075",0.33,0.45,0,116,0.1,46,54,77.65,0,0,0.1,0,18.499092342701,5118
"p346","ssp370","IPSL-CM6A-LR","2075",0.67,0.33,0,101,0.3,46,52,71.85,0,0,0,0,18.3849259288342,5119
"p346","ssp370","IPSL-CM6A-LR","2075",0.68,0.43,0,97,0.2,48,54,79.39,0,0,0.1,0,18.250605514504,5120
"p346","ssp370","IPSL-CM6A-LR","2075",0.6,0.81,0,113,0.1,58,64,76.32,0,0,0,0.2,18.9405294901838,5121
"p346","ssp370","IPSL-CM6A-LR","2075",0.4,0.5,0.2,100,0.5,70,76,96.44,0,0,0.1,0.25,18.436737921668,5122
"p346","ssp370","IPSL-CM6A-LR","2075",0.38,0.7,0,106,0.15,44,50,67.29,0.1,0,0.1,0.05,17.9996249266496,5123
"p346","ssp370","IPSL-CM6A-LR","2075",0.31,0.64,0,109,0.2,44,50,75.72,0,0,0.1,0,18.9931299428961,5124
"p346","ssp370","IPSL-CM6A-LR","2075",0.44,0.49,0,102,0.1,48,54,70.92,0,0,0.3,0.3,18.3050997150865,5125
"p346","ssp370","IPSL-CM6A-LR","2075",0.24,0.36,0,118,0,49,55,79.19,0,0,0,0.1,19.30767513956,5126
"p346","ssp370","IPSL-CM6A-LR","2075",0.38,0.45,0,92,0.1,63,69,95.91,0,0,0.3,0.05,19.0846511711468,5127
"p346","ssp370","IPSL-CM6A-LR","2075",0.4,0.63,0,103,0.3,46,52,73.25,0,0,0,0.15,18.2069190306954,5128
"p346","ssp370","IPSL-CM6A-LR","2075",0.54,0.81,0,92,0,45,51,76.92,0,0,0.2,0.05,18.7565936698792,5129
"p346","ssp370","IPSL-CM6A-LR","2075",0.37,0.51,0,109,0,44,50,76.63,0,0,0.1,0.5,18.2492180845452,5130
"p346","ssp370","IPSL-CM6A-LR","2075",0.41,0.59,0,102,0.25,45,51,75.05,0.1,0,0,0,17.2567488446367,5131
"p346","ssp370","IPSL-CM6A-LR","2075",0.27,0.38,0,105,0.35,56,62,85.35,0,0,0.3,0,19.1718051253783,5132
"p346","ssp370","IPSL-CM6A-LR","2075",0.52,0.62,0,105,0.2,54,67,79.95,0,0,0.1,0,18.2056357845471,5133
"p346","ssp370","IPSL-CM6A-LR","2075",0.41,0.62,0,104,0,51,57,80.19,0,0,0,0.3,18.6732780116683,5134
"p346","ssp370","IPSL-CM6A-LR","2075",0.31,0.38,0,107,0.15,48,54,77.46,0,0,0.2,0,17.2062740633644,5135
"p346","ssp370","IPSL-CM6A-LR","2075",0.48,0.78,0,105,0.1,61,67,89.34,0,0,0,0.05,18.2793574696497,5136
"p346","ssp370","IPSL-CM6A-LR","2075",0.46,0.94,0,105,0.1,76,82,95.83,0,0,0,0.1,17.6932965226301,5137
"p346","ssp370","IPSL-CM6A-LR","2075",0.32,0.67,0,100,0,43,49,69.87,0,0,0,0.05,18.4425525085469,5138
"p346","ssp370","IPSL-CM6A-LR","2075",0.33,0.35,0,103,0.1,46,52,73.78,0.1,0,0.2,0.45,17.2250710753475,5139
"p346","ssp370","IPSL-CM6A-LR","2075",0.43,0.53,0,94,0.1,46,52,78.99,0,0,0.2,0.1,17.9079804848333,5140
"p346","ssp370","IPSL-CM6A-LR","2075",0.51,0.99,0,117,0.1,45,51,69.03,0,0,0.1,0.1,18.3325035552768,5141
"p346","ssp370","IPSL-CM6A-LR","2075",0.38,0.54,0,104,0.1,51,57,84.7,0,0,0.2,0.05,19.1722858287178,5142
"p346","ssp370","IPSL-CM6A-LR","2075",0.36,0.41,0,99,0.2,55,70,85.64,0,0,0,0.1,17.7672092110267,5143
"p346","ssp370","IPSL-CM6A-LR","2075",0.29,0.6,0,111,0.1,56,62,84.54,0,0,0,0.05,18.1921455112713,5144
"p346","ssp370","IPSL-CM6A-LR","2075",0.3,0.91,0.2,112,0.15,55,61,82.84,0,0,0.2,0.05,17.7533038066544,5145
"p346","ssp370","IPSL-CM6A-LR","2075",0.39,0.79,0,117,0.1,48,54,77.86,0,0,0.1,0.1,18.6528960719372,5146
"p346","ssp370","IPSL-CM6A-LR","2075",0.31,0.49,0,101,0.1,60,104,91.7,0,0,0.1,0.1,19.8749001376458,5147
"p346","ssp370","IPSL-CM6A-LR","2075",0.33,0.54,0,86,0.1,49,55,84.11,0,0,0.2,0.2,18.1358105993447,5148
"p346","ssp370","IPSL-CM6A-LR","2075",0.55,0.62,0,102,0,53,61,88.67,0,0,0.2,0,18.7747132545752,5149
"p346","ssp370","IPSL-CM6A-LR","2075",0.23,0.29,0.3,98,0.1,46,52,71.37,0,0,0,0,16.5713670039094,5150
"p346","ssp370","IPSL-CM6A-LR","2075",0.22,0.1,0.2,92,0.1,44,50,66.91,0,0,0.3,0.25,18.2709668673399,5151
"p346","ssp370","IPSL-CM6A-LR","2075",0.37,0.56,0.25,120,0.1,47,53,75.88,0,0,0.2,0,18.1847585359313,5152
"p346","ssp370","IPSL-CM6A-LR","2075",0.32,0.52,0.2,107,0.4,50,56,78.19,0,0,0,0.1,18.3064018451248,5153
"p346","ssp370","IPSL-CM6A-LR","2075",0.35,0.66,0,116,0,45,51,75.75,0,0,0.2,0.25,18.4074761311888,5154
"p346","ssp370","IPSL-CM6A-LR","2075",0.44,0.55,0,105,0.1,53,59,75.9,0,0,0.3,0.15,18.4380365302131,5155
"p346","ssp370","IPSL-CM6A-LR","2075",0.27,0.64,0,110,0.6,44,50,71.06,0.2,0,0.2,0,17.3801880085315,5156
"p346","ssp370","IPSL-CM6A-LR","2075",0.16,0.4,0,120,0.1,46,52,76.19,0.2,0,0,0.05,18.2383980232075,5157
"p346","ssp370","IPSL-CM6A-LR","2075",0.14,0.48,0,95,0.2,46,65,79.62,0,0,0.1,0.05,18.7615365272558,5158
"p346","ssp370","IPSL-CM6A-LR","2075",0.4,0.62,0,115,0,51,57,75.84,0,0,0,0,18.3973619280563,5159
"p346","ssp370","IPSL-CM6A-LR","2075",0.25,0.58,0.2,105,0,49,66,73.03,0,0,0,0.05,18.4240203974261,5160
"p346","ssp370","IPSL-CM6A-LR","2075",0.26,0.39,0,100,0.1,56,62,86.15,0,0,0.1,0.05,17.6928520449445,5161
"p346","ssp370","IPSL-CM6A-LR","2075",0.26,0.58,0,86,0,44,50,76.83,0.1,0,0,0.05,17.6159247745949,5162
"p346","ssp370","IPSL-CM6A-LR","2075",0.26,0.44,0,108,0.1,58,64,84.07,0,0,0.2,0.25,19.0073145578422,5163
"p346","ssp370","IPSL-CM6A-LR","2075",0.29,0.53,0,102,0,44,50,73.95,0,0,0.4,0,18.3280332428956,5164
"p346","ssp370","IPSL-CM6A-LR","2075",0.22,0.42,0,90,0,47,53,80.25,0,0,0.3,0,18.2501780197154,5165
"p346","ssp370","IPSL-CM6A-LR","2075",0.15,0.67,0,100,0.1,74,80,98.54,0,0,0,0.1,19.3010624853558,5166
"p346","ssp370","IPSL-CM6A-LR","2075",0.31,0.29,0.2,103,0.2,46,59,65.64,0,0,0,0,18.7652320799196,5167
"p346","ssp370","IPSL-CM6A-LR","2075",0.35,0.66,0,115,0.1,54,65,83.34,0.1,0,0,0,18.3601289128642,5168
"p346","ssp370","IPSL-CM6A-LR","2075",0.31,0.64,0,107,0.1,68,74,90.87,0,0,0.1,0.2,18.7070457465586,5169
"p346","ssp370","IPSL-CM6A-LR","2075",0.4,0.78,0,108,0.1,44,50,74.13,0,0,0.3,0.05,17.7329232844413,5170
"p346","ssp370","IPSL-CM6A-LR","2075",0.15,0.47,0.2,105,0.2,47,53,75.54,0,0,0,0.05,18.1550851398294,5171
"p346","ssp370","IPSL-CM6A-LR","2075",0.25,0.66,0,107,0.1,57,63,71.8,0,0,0.1,0,18.443963989323,5172
"p346","ssp370","IPSL-CM6A-LR","2075",0.19,0.55,0,108,0,51,58,71.22,0,0,0.1,0.25,17.9697140976702,5173
"p346","ssp370","IPSL-CM6A-LR","2075",0.46,0.48,0,107,0.1,44,50,66.07,0,0,0.1,0,17.3317278933192,5174
"p346","ssp370","IPSL-CM6A-LR","2075",0.32,0.52,0.2,84,0.2,48,54,74.23,0,0,0.2,0,18.2398034029917,5175
"p346","ssp370","IPSL-CM6A-LR","2075",0.17,0.61,0,95,0.15,49,55,84.45,0.1,0,0,0.2,17.7306021222045,5176
"p346","ssp370","IPSL-CM6A-LR","2075",0.41,0.43,0,111,0.2,56,62,88.56,0,0,0.2,0.55,18.3141506201214,5177
"p346","ssp370","IPSL-CM6A-LR","2075",0.23,0.22,0,109,0.1,54,62,82.82,0,0,0,0,18.7114412078892,5178
"p346","ssp370","IPSL-CM6A-LR","2075",0.15,0.37,0,101,0.2,45,51,77.8,0,0,0.2,0,19.1726107275602,5179
"p346","ssp370","IPSL-CM6A-LR","2075",0.23,0.38,0,103,0.1,66,85,89.41,0,0,0.2,0.05,19.0136386958022,5180
"p346","ssp370","IPSL-CM6A-LR","2075",0.35,0.53,0,122,0,45,51,74.74,0,0,0.3,0,16.7933906994444,5181
"p346","ssp370","IPSL-CM6A-LR","2075",0.52,0.58,0,98,0,45,58,70.04,0,0,0,0,18.7785907808871,5182
"p346","ssp370","IPSL-CM6A-LR","2075",0.28,0.35,0,106,0.1,45,51,75.96,0,0,0.4,0,17.1282239532369,5183
"p346","ssp370","IPSL-CM6A-LR","2075",0.11,0.35,0,100,0.1,47,89,75.78,0,0,0,0.1,18.9518474938896,5184
"p346","ssp370","IPSL-CM6A-LR","2075",0.34,0.62,0,102,0.3,75,81,96.7,0,0,0,0.2,18.6639786061052,5185
"p346","ssp370","IPSL-CM6A-LR","2075",0.24,0.41,0.2,102,0.3,46,52,77.91,0,0,0.2,0.05,17.9779995810136,5186
"p346","ssp370","IPSL-CM6A-LR","2075",0.42,0.58,0,99,0.1,50,69,76.86,0,0,0.1,0,18.0121372624546,5187
"p346","ssp370","IPSL-CM6A-LR","2075",0.42,0.81,0,122,0,48,54,79.92,0,0,0.1,0.15,18.1236380148132,5188
"p346","ssp370","IPSL-CM6A-LR","2075",0.34,0.43,0,103,0.2,61,67,91.48,0,0,0.1,0,17.6120188068594,5189
"p346","ssp370","IPSL-CM6A-LR","2075",0.11,0.53,0.2,97,0.2,47,68,78.31,0,0,0.2,0,18.3230210822988,5190
"p346","ssp370","IPSL-CM6A-LR","2075",0.26,0.51,0,102,0.3,72,78,101.78,0,0,0.2,0,18.3273177704413,5191
"p346","ssp370","IPSL-CM6A-LR","2075",0.23,0.36,0,113,0,45,58,67.78,0,0,0.5,0,18.2849084491964,5192
"p346","ssp370","IPSL-CM6A-LR","2075",0.21,0.67,0,111,0,57,70,79.97,0.1,0,0,0.25,17.1530541813,5193
"p346","ssp370","IPSL-CM6A-LR","2075",0.24,0.61,0,108,0.1,54,60,88.44,0,0,0.1,0,18.7258990807099,5194
"p346","ssp370","IPSL-CM6A-LR","2075",0.2,0.53,0.25,110,0.2,47,53,72.96,0,0,0,0.05,16.8705140278551,5195
"p346","ssp370","IPSL-CM6A-LR","2075",0.13,0.63,0.3,99,0.1,44,50,60.83,0,0,0.1,0,17.4876172503216,5196
"p346","ssp370","IPSL-CM6A-LR","2075",0.48,0.83,0,95,0.1,50,56,74.28,0,0,0.1,0,17.8193292820126,5197
"p346","ssp370","IPSL-CM6A-LR","2075",0.37,0.65,0,96,0.1,53,59,82.88,0,0,0,0.2,18.6260245291492,5198
"p346","ssp370","IPSL-CM6A-LR","2075",0.23,0.61,0,90,0,50,66,80.98,0,0,0,0.1,18.9787686119613,5199
"p346","ssp370","IPSL-CM6A-LR","2075",0.29,0.46,0,104,0,56,62,83.04,0,0,0.2,0,18.0483296300384,5200
"p346","ssp370","MIROC-ES2L","2075",0.4,0.32,0,93,0,44,50,71.62,0,0,0,0.25,18.8482333803659,5201
"p346","ssp370","MIROC-ES2L","2075",0.28,0.36,0.25,95,0.2,45,51,74.93,0,0,0.1,0.05,18.8283134663027,5202
"p346","ssp370","MIROC-ES2L","2075",0.47,0.53,0,100,0.1,47,54,79.83,0,0,0.1,0.1,18.1233347340316,5203
"p346","ssp370","MIROC-ES2L","2075",0.23,0.37,0,101,0.1,58,64,77.74,0,0,0.1,0,18.7976599449916,5204
"p346","ssp370","MIROC-ES2L","2075",0.47,0.39,0.25,99,0.3,50,56,81.49,0,0,0,0.05,18.5981023438112,5205
"p346","ssp370","MIROC-ES2L","2075",0.18,0.59,0,113,0.2,47,53,78.4,0.1,0,0.3,0.25,18.2292659956147,5206
"p346","ssp370","MIROC-ES2L","2075",0.42,0.43,0,96,0,45,62,79.91,0,0,0.2,0,18.6415446218905,5207
"p346","ssp370","MIROC-ES2L","2075",0.37,0.45,0,96,0.2,45,51,72.02,0,0,0.1,0.65,18.7690810553373,5208
"p346","ssp370","MIROC-ES2L","2075",0.39,0.24,0,111,0.2,45,51,80.19,0,0,0.1,0.2,19.1443212672353,5209
"p346","ssp370","MIROC-ES2L","2075",0.13,0,0.25,101,0.1,45,51,80.91,0.1,0,0,0,17.0971758025912,5210
"p346","ssp370","MIROC-ES2L","2075",0.34,0.38,0,87,0.2,45,53,71.18,0.1,0,0.1,0.2,19.1492287954012,5211
"p346","ssp370","MIROC-ES2L","2075",0.29,0.47,0,109,0.2,57,63,90.44,0,0,0.1,0.1,18.5751475919588,5212
"p346","ssp370","MIROC-ES2L","2075",0.42,0.1,0.5,100,0,51,57,72.94,0,0,0.2,0,18.2156791729373,5213
"p346","ssp370","MIROC-ES2L","2075",0.41,0.63,0,83,0.1,46,52,76.14,0,0,0.1,0.3,18.0098333232506,5214
"p346","ssp370","MIROC-ES2L","2075",0.35,0.63,0,93,0.1,49,55,75.35,0,0,0,0.05,18.5582087252263,5215
"p346","ssp370","MIROC-ES2L","2075",0.36,0.6,0,113,0.1,45,51,70.51,0,0,0,0.25,19.0880296108494,5216
"p346","ssp370","MIROC-ES2L","2075",0.16,0.45,0.2,101,0.4,45,51,75.58,0,0,0.1,0.05,18.1564688064722,5217
"p346","ssp370","MIROC-ES2L","2075",0.28,0.55,0,115,0.1,47,56,80.8,0,0,0.1,0.05,18.9749663778281,5218
"p346","ssp370","MIROC-ES2L","2075",0.67,0.51,0,109,0.3,50,56,76.35,0,0,0,0,18.7797368692868,5219
"p346","ssp370","MIROC-ES2L","2075",0.66,0.35,0,89,0.2,48,54,79.66,0,0,0.3,0,18.6241294560543,5220
"p346","ssp370","MIROC-ES2L","2075",0.6,0.81,0,111,0.1,58,64,76.77,0,0,0,0.2,19.5105971737025,5221
"p346","ssp370","MIROC-ES2L","2075",0.31,0.46,0,101,0.5,70,76,95.82,0,0,0.1,0.3,19.07651470268,5222
"p346","ssp370","MIROC-ES2L","2075",0.38,0.5,0,100,0.15,44,50,70.7,0,0,0.1,0.05,18.3965498561595,5223
"p346","ssp370","MIROC-ES2L","2075",0.3,0.48,0,106,0.2,44,50,76.6,0,0,0.1,0,19.3580904637918,5224
"p346","ssp370","MIROC-ES2L","2075",0.39,0.52,0,104,0.1,48,54,71.55,0,0,0.5,0.3,18.8258341082897,5225
"p346","ssp370","MIROC-ES2L","2075",0.17,0.34,0,119,0.1,49,55,81.47,0,0,0,0.15,19.8379472330026,5226
"p346","ssp370","MIROC-ES2L","2075",0.37,0.33,0,84,0,63,69,95.22,0,0,0.4,0.05,19.7029158580891,5227
"p346","ssp370","MIROC-ES2L","2075",0.4,0.48,0,96,0.3,46,52,74.38,0,0,0,0.3,18.7794376464237,5228
"p346","ssp370","MIROC-ES2L","2075",0.47,0.68,0,83,0,46,52,77.35,0,0,0,0.1,19.057318242987,5229
"p346","ssp370","MIROC-ES2L","2075",0.29,0.4,0,104,0,45,51,78.36,0,0,0.2,0.4,19.0430798915877,5230
"p346","ssp370","MIROC-ES2L","2075",0.41,0.45,0,95,0.25,46,52,78.53,0.1,0,0.1,0.05,17.8620603575753,5231
"p346","ssp370","MIROC-ES2L","2075",0.27,0.24,0,98,0.35,56,62,85.63,0,0,0,0,19.3289513451646,5232
"p346","ssp370","MIROC-ES2L","2075",0.51,0.6,0,106,0.2,55,66,83.06,0,0,0.1,0,18.6614786158999,5233
"p346","ssp370","MIROC-ES2L","2075",0.41,0.31,0,94,0,51,57,81.48,0,0,0,0.35,19.3204594393766,5234
"p346","ssp370","MIROC-ES2L","2075",0.31,0.27,0,104,0.15,49,55,80.15,0,0,0.1,0,17.8082601770871,5235
"p346","ssp370","MIROC-ES2L","2075",0.48,0.76,0,102,0.1,61,67,89.45,0,0,0,0.05,18.8234486443177,5236
"p346","ssp370","MIROC-ES2L","2075",0.46,0.8,0,100,0.1,73,79,94.74,0,0,0,0.3,18.2782903357123,5237
"p346","ssp370","MIROC-ES2L","2075",0.32,0.59,0,102,0,43,49,72.24,0,0,0,0,19.292006738041,5238
"p346","ssp370","MIROC-ES2L","2075",0.33,0.1,0,98,0.3,46,52,77.03,0.1,0,0.1,0.5,18.0395958450659,5239
"p346","ssp370","MIROC-ES2L","2075",0.42,0.52,0,85,0.1,46,52,79.14,0,0,0.2,0.05,18.3221777960391,5240
"p346","ssp370","MIROC-ES2L","2075",0.45,0.87,0,116,0.1,46,52,73.51,0,0,0,0.1,18.8952046744226,5241
"p346","ssp370","MIROC-ES2L","2075",0.38,0.29,0,102,0.1,52,58,84.7,0,0,0.1,0.05,19.5677682343302,5242
"p346","ssp370","MIROC-ES2L","2075",0.31,0.4,0,101,0.2,55,69,87.07,0,0,0,0.15,18.446638448192,5243
"p346","ssp370","MIROC-ES2L","2075",0.29,0.52,0,108,0.1,56,62,84.96,0,0,0,0.05,18.8164766942604,5244
"p346","ssp370","MIROC-ES2L","2075",0.3,0.76,0.2,110,0.15,55,61,84.62,0,0,0.3,0.05,18.2450891893945,5245
"p346","ssp370","MIROC-ES2L","2075",0.39,0.77,0,115,0.1,48,54,78.33,0,0,0.1,0.25,19.4138979116251,5246
"p346","ssp370","MIROC-ES2L","2075",0.31,0.45,0,94,0.1,60,66,92.48,0,0,0.1,0.1,18.0095171928618,5247
"p346","ssp370","MIROC-ES2L","2075",0.32,0.61,0,87,0.1,50,56,83.89,0,0,0.2,0.15,18.9098113532791,5248
"p346","ssp370","MIROC-ES2L","2075",0.5,0.47,0,99,0,54,62,87.63,0,0,0.3,0,19.3503692151777,5249
"p346","ssp370","MIROC-ES2L","2075",0.23,0.18,0.3,94,0.1,47,53,73.99,0,0,0,0,17.3126529760935,5250
"p346","ssp370","MIROC-ES2L","2075",0.15,0.2,0,97,0.1,45,51,69.44,0,0,0.2,0.25,18.9224346901232,5251
"p346","ssp370","MIROC-ES2L","2075",0.37,0.34,0.25,110,0.1,47,53,77.53,0,0,0.2,0,18.9415447396632,5252
"p346","ssp370","MIROC-ES2L","2075",0.32,0.41,0.2,104,0.4,51,57,80.67,0,0,0,0.2,19.2316111813256,5253
"p346","ssp370","MIROC-ES2L","2075",0.32,0.32,0,107,0,46,52,78.9,0,0,0.3,0.2,19.1183765657719,5254
"p346","ssp370","MIROC-ES2L","2075",0.44,0.23,0,94,0.1,53,59,78.27,0,0,0.3,0.15,18.9371712665441,5255
"p346","ssp370","MIROC-ES2L","2075",0.27,0.42,0,106,0.6,45,70,74.3,0,0,0.2,0,19.394551304446,5256
"p346","ssp370","MIROC-ES2L","2075",0.16,0.22,0,116,0.2,46,52,78.58,0.1,0,0,0.05,18.845286923203,5257
"p346","ssp370","MIROC-ES2L","2075",0.14,0.14,0,94,0.2,47,67,79.47,0,0,0,0.05,19.4352762074191,5258
"p346","ssp370","MIROC-ES2L","2075",0.4,0.42,0,119,0,52,58,78.44,0,0,0,0.05,19.0980287525219,5259
"p346","ssp370","MIROC-ES2L","2075",0.19,0.43,0.2,98,0,62,68,84.94,0,0,0,0.05,18.9676008415332,5260
"p346","ssp370","MIROC-ES2L","2075",0.26,0.37,0.2,91,0.1,56,62,84.35,0,0,0.3,0.05,18.1552398692693,5261
"p346","ssp370","MIROC-ES2L","2075",0.26,0.45,0,81,0,44,50,76.8,0.1,0,0,0,18.3287906052866,5262
"p346","ssp370","MIROC-ES2L","2075",0.26,0.38,0,99,0.1,58,64,82.94,0,0,0.4,0.5,19.4741647875681,5263
"p346","ssp370","MIROC-ES2L","2075",0.29,0.57,0,102,0,44,50,75.62,0,0,0.4,0,18.8326401891519,5264
"p346","ssp370","MIROC-ES2L","2075",0.22,0.22,0,80,0,48,54,84.12,0,0,0.2,0,19.0561385747376,5265
"p346","ssp370","MIROC-ES2L","2075",0.15,0.46,0,97,0.1,73,79,97.53,0,0,0,0.05,19.4477174819183,5266
"p346","ssp370","MIROC-ES2L","2075",0.3,0.25,0.2,99,0.35,46,59,69.16,0,0,0.1,0,19.3158849664626,5267
"p346","ssp370","MIROC-ES2L","2075",0.35,0.39,0,104,0.1,54,64,84.94,0,0,0.1,0,18.9889979165016,5268
"p346","ssp370","MIROC-ES2L","2075",0.31,0.56,0,102,0.1,67,73,91.29,0,0,0.1,0.2,19.24168954884,5269
"p346","ssp370","MIROC-ES2L","2075",0.34,0.66,0,108,0.1,44,50,74.81,0,0,0.1,0.15,18.3657194626461,5270
"p346","ssp370","MIROC-ES2L","2075",0.15,0.33,0.2,98,0.2,47,53,77.75,0,0,0.2,0,18.8537664544252,5271
"p346","ssp370","MIROC-ES2L","2075",0.25,0.24,0,101,0.1,57,63,78.62,0,0,0,0,19.0021019394219,5272
"p346","ssp370","MIROC-ES2L","2075",0.14,0.44,0,102,0,57,77,79.15,0,0,0.1,0.15,19.4632741265771,5273
"p346","ssp370","MIROC-ES2L","2075",0.46,0.43,0,105,0.2,44,50,69.9,0,0,0.1,0,17.9303821643017,5274
"p346","ssp370","MIROC-ES2L","2075",0.32,0.32,0,78,0.2,48,54,77.32,0,0,0.2,0.15,18.9264655521357,5275
"p346","ssp370","MIROC-ES2L","2075",0.17,0.43,0,86,0.15,50,56,84.49,0,0,0,0.15,18.3106920930796,5276
"p346","ssp370","MIROC-ES2L","2075",0.36,0.29,0,98,0.2,56,62,88.4,0,0,0.2,0.45,18.8422208932485,5277
"p346","ssp370","MIROC-ES2L","2075",0.23,0.34,0,104,0.1,54,62,84.2,0,0,0.1,0,19.5178260350384,5278
"p346","ssp370","MIROC-ES2L","2075",0.15,0.48,0,94,0.2,45,51,78.48,0,0,0.3,0,19.8801324403278,5279
"p346","ssp370","MIROC-ES2L","2075",0.23,0.47,0,101,0.2,65,71,90.82,0,0,0.4,0.2,18.6837472464036,5280
"p346","ssp370","MIROC-ES2L","2075",0.3,0.24,0,112,0,45,51,75.82,0,0,0.2,0,17.6336426092175,5281
"p346","ssp370","MIROC-ES2L","2075",0.51,0.55,0,104,0,45,58,73.95,0,0,0.2,0,19.3141091945552,5282
"p346","ssp370","MIROC-ES2L","2075",0.26,0.34,0,105,0.1,45,51,76.7,0,0,0.4,0,17.8437058393375,5283
"p346","ssp370","MIROC-ES2L","2075",0.11,0.13,0,98,0.2,74,87,97.35,0,0,0,0.1,19.2691349608206,5284
"p346","ssp370","MIROC-ES2L","2075",0.34,0.55,0,103,0.45,74,80,96.53,0,0,0,0.25,19.0076952881006,5285
"p346","ssp370","MIROC-ES2L","2075",0.24,0.31,0.2,97,0.4,46,52,79.8,0,0,0.2,0.1,18.3374112410225,5286
"p346","ssp370","MIROC-ES2L","2075",0.42,0.6,0,93,0.1,50,67,77.33,0,0,0.1,0,18.8238684949557,5287
"p346","ssp370","MIROC-ES2L","2075",0.42,0.45,0,114,0,48,54,80.16,0,0,0.1,0.1,18.7237412407426,5288
"p346","ssp370","MIROC-ES2L","2075",0.34,0.25,0,95,0.2,61,67,92.52,0,0,0,0,18.1753078627135,5289
"p346","ssp370","MIROC-ES2L","2075",0.11,0.67,0,104,0.3,47,67,78.08,0,0,0.2,0,18.9472906190535,5290
"p346","ssp370","MIROC-ES2L","2075",0.26,0.57,0,99,0.3,68,74,99.53,0,0,0.1,0,18.8034829353555,5291
"p346","ssp370","MIROC-ES2L","2075",0.23,0.34,0,109,0,46,59,72.02,0,0,0.8,0,18.9260270333456,5292
"p346","ssp370","MIROC-ES2L","2075",0.21,0.45,0,102,0,57,63,81.59,0,0,0,0.25,17.6691142369998,5293
"p346","ssp370","MIROC-ES2L","2075",0.24,0.44,0,103,0.1,54,60,88.9,0,0,0.1,0,19.2274862663659,5294
"p346","ssp370","MIROC-ES2L","2075",0.2,0.43,0,111,0.2,48,54,74.36,0,0,0.1,0.05,17.5286055253126,5295
"p346","ssp370","MIROC-ES2L","2075",0.13,0.27,0.3,100,0.2,44,50,62.35,0,0,0.1,0,17.9591519468553,5296
"p346","ssp370","MIROC-ES2L","2075",0.42,0.48,0,93,0.1,51,57,77.67,0,0,0.2,0,18.5804197239909,5297
"p346","ssp370","MIROC-ES2L","2075",0.36,0.44,0,94,0.1,53,59,83.56,0,0,0,0.2,19.2706876733336,5298
"p346","ssp370","MIROC-ES2L","2075",0.23,0.57,0,93,0.1,51,65,84.16,0,0,0.1,0.1,19.4280396722131,5299
"p346","ssp370","MIROC-ES2L","2075",0.29,0.43,0,95,0,56,62,83.58,0,0,0.1,0,18.7341013211639,5300
"p346","ssp370","MIROC6","2075",0.41,0.32,0,94,0,44,50,76.44,0,0,0,0.25,18.7322256521273,5301
"p346","ssp370","MIROC6","2075",0.28,0.36,0.25,95,0.1,45,51,72.76,0,0,0.1,0.05,18.6724716804316,5302
"p346","ssp370","MIROC6","2075",0.47,0.55,0,97,0.1,47,54,78.58,0,0,0.1,0,17.882499944937,5303
"p346","ssp370","MIROC6","2075",0.23,0.41,0,98,0.1,58,64,82.07,0,0,0.1,0,18.6048095712477,5304
"p346","ssp370","MIROC6","2075",0.45,0.39,0.25,95,0.3,50,56,83.11,0,0,0,0,18.3564642126815,5305
"p346","ssp370","MIROC6","2075",0.18,0.58,0,111,0.2,47,53,78.49,0.2,0,0.1,0.2,18.2492317386553,5306
"p346","ssp370","MIROC6","2075",0.42,0.43,0,97,0,45,62,76.55,0,0,0.2,0,18.5425151200362,5307
"p346","ssp370","MIROC6","2075",0.37,0.57,0,92,0.2,45,51,74.25,0.1,0,0.1,0.45,18.7572996602939,5308
"p346","ssp370","MIROC6","2075",0.39,0.37,0,112,0.2,45,51,81.12,0,0,0.1,0.15,19.0651256331131,5309
"p346","ssp370","MIROC6","2075",0.19,0.13,0,100,0.1,45,51,79.32,0.3,0,0,0,16.9610957217639,5310
"p346","ssp370","MIROC6","2075",0.33,0.51,0,87,0.1,45,54,72.76,0.1,0,0,0.15,18.9148532030165,5311
"p346","ssp370","MIROC6","2075",0.3,0.58,0,109,0.1,58,64,87.99,0,0,0.1,0.1,18.3493881266784,5312
"p346","ssp370","MIROC6","2075",0.42,0,0.5,95,0,51,57,75.6,0,0,0.2,0,18.2189775906079,5313
"p346","ssp370","MIROC6","2075",0.41,0.66,0,82,0.2,46,52,78.62,0,0,0,0.2,17.7612602762193,5314
"p346","ssp370","MIROC6","2075",0.35,0.63,0,93,0.1,50,56,79.48,0,0,0,0.05,18.4271804070825,5315
"p346","ssp370","MIROC6","2075",0.36,0.62,0,112,0.1,45,51,73.2,0,0,0,0.2,18.9979704022861,5316
"p346","ssp370","MIROC6","2075",0.16,0.43,0,97,0.2,45,51,77.48,0,0,0.1,0.05,17.9777517431239,5317
"p346","ssp370","MIROC6","2075",0.33,0.61,0,113,0.1,47,56,80,0,0,0,0,18.7518331274704,5318
"p346","ssp370","MIROC6","2075",0.64,0.44,0,104,0.1,50,56,78.01,0,0,0,0,18.6048929790561,5319
"p346","ssp370","MIROC6","2075",0.66,0.39,0,88,0.2,48,54,79.88,0,0,0.2,0,18.5028696693427,5320
"p346","ssp370","MIROC6","2075",0.6,0.76,0,105,0.1,58,64,83.22,0,0,0,0.2,19.4139733684965,5321
"p346","ssp370","MIROC6","2075",0.4,0.45,0,99,0.4,70,76,96.95,0,0,0.1,0.15,18.7575567631107,5322
"p346","ssp370","MIROC6","2075",0.32,0.53,0,100,0.15,44,50,75.05,0.1,0,0.1,0.05,18.3250147083896,5323
"p346","ssp370","MIROC6","2075",0.3,0.57,0,106,0.1,44,50,75.92,0,0,0.1,0,19.334132440815,5324
"p346","ssp370","MIROC6","2075",0.39,0.4,0,100,0.1,49,55,69.4,0,0,0.3,0.2,18.5521852523677,5325
"p346","ssp370","MIROC6","2075",0.22,0.36,0,114,0,49,55,82.04,0,0,0,0.15,19.7644162561219,5326
"p346","ssp370","MIROC6","2075",0.38,0.55,0,81,0.1,63,69,93.35,0,0,0.2,0.05,19.5041571263318,5327
"p346","ssp370","MIROC6","2075",0.4,0.48,0,96,0.35,46,52,79.5,0,0,0,0.2,18.6933330758876,5328
"p346","ssp370","MIROC6","2075",0.55,0.67,0,83,0,46,52,77.36,0,0,0,0.1,18.9876105903061,5329
"p346","ssp370","MIROC6","2075",0.35,0.4,0,100,0,45,51,77.03,0,0,0.1,0.3,18.7232142537162,5330
"p346","ssp370","MIROC6","2075",0.41,0.45,0,93,0.25,46,52,79.73,0.1,0,0.1,0,17.6683371229585,5331
"p346","ssp370","MIROC6","2075",0.27,0.28,0,95,0.25,56,62,84.73,0,0,0,0,19.526216317202,5332
"p346","ssp370","MIROC6","2075",0.51,0.6,0,106,0.2,55,68,85.03,0,0,0,0,18.5458948247035,5333
"p346","ssp370","MIROC6","2075",0.4,0.31,0,94,0,51,57,82.1,0,0,0,0.25,19.2989919539399,5334
"p346","ssp370","MIROC6","2075",0.31,0.38,0,103,0.15,49,55,81.38,0,0,0.2,0,17.6525895680285,5335
"p346","ssp370","MIROC6","2075",0.48,0.76,0,102,0.1,61,67,88.56,0,0,0,0,18.6400111048228,5336
"p346","ssp370","MIROC6","2075",0.46,0.8,0,98,0.1,74,80,99.89,0,0,0,0.2,18.1608354228735,5337
"p346","ssp370","MIROC6","2075",0.32,0.64,0.2,95,0,43,49,73.76,0,0,0.1,0,19.0349940158238,5338
"p346","ssp370","MIROC6","2075",0.34,0.2,0,97,0.3,46,52,79.85,0.1,0,0.1,0.4,17.6871087335219,5339
"p346","ssp370","MIROC6","2075",0.43,0.52,0,86,0.1,46,52,81.12,0,0,0.1,0.05,18.1500633234068,5340
"p346","ssp370","MIROC6","2075",0.46,0.88,0,113,0.1,46,52,78.07,0,0,0,0,18.7930412558219,5341
"p346","ssp370","MIROC6","2075",0.38,0.29,0,104,0.1,53,59,84.28,0,0,0.1,0.05,19.6812977106289,5342
"p346","ssp370","MIROC6","2075",0.31,0.51,0,98,0.2,55,69,88.81,0,0,0,0.1,18.2954977340792,5343
"p346","ssp370","MIROC6","2075",0.29,0.55,0,106,0.1,56,62,84.48,0,0,0,0.05,18.6332566670505,5344
"p346","ssp370","MIROC6","2075",0.3,0.79,0.2,109,0.15,57,72,87.28,0,0,0.1,0.05,18.6288306573776,5345
"p346","ssp370","MIROC6","2075",0.39,0.72,0,110,0.1,48,54,78.63,0,0,0.1,0.1,19.1367663976866,5346
"p346","ssp370","MIROC6","2075",0.31,0.46,0,94,0.1,60,73,91.99,0,0,0,0.1,18.1902901205601,5347
"p346","ssp370","MIROC6","2075",0.33,0.72,0,87,0.1,50,56,84.24,0,0,0.2,0.05,18.5789844440656,5348
"p346","ssp370","MIROC6","2075",0.53,0.44,0,95,0,60,66,90.67,0,0,0.1,0,19.4442437096981,5349
"p346","ssp370","MIROC6","2075",0.28,0.18,0.3,93,0.1,47,53,75.52,0,0,0.1,0,17.0483366429917,5350
"p346","ssp370","MIROC6","2075",0.22,0.2,0,96,0.1,45,51,72.88,0,0,0.2,0.2,18.7231173333293,5351
"p346","ssp370","MIROC6","2075",0.35,0.38,0,104,0.1,47,53,79.47,0,0,0.2,0,18.7482348513767,5352
"p346","ssp370","MIROC6","2075",0.32,0.4,0.2,101,0.4,51,57,83.78,0,0,0,0.05,19.0389477679286,5353
"p346","ssp370","MIROC6","2075",0.35,0.34,0,105,0,46,52,79.32,0,0,0.1,0.15,19.0049701563225,5354
"p346","ssp370","MIROC6","2075",0.44,0.21,0,93,0.1,54,60,80.59,0,0,0.1,0.1,18.9009928884937,5355
"p346","ssp370","MIROC6","2075",0.27,0.44,0,106,0.4,45,70,72.28,0,0,0.2,0,19.112186257598,5356
"p346","ssp370","MIROC6","2075",0.16,0.22,0,112,0.1,46,52,80.47,0.2,0,0,0.05,18.6450629633091,5357
"p346","ssp370","MIROC6","2075",0.14,0.14,0.2,91,0.2,50,70,82.17,0,0,0,0,19.3816399426046,5358
"p346","ssp370","MIROC6","2075",0.4,0.43,0,119,0,52,58,82.98,0,0,0,0,18.8970344228493,5359
"p346","ssp370","MIROC6","2075",0.19,0.32,0.2,94,0,63,69,89.69,0,0,0,0.05,18.8685568721124,5360
"p346","ssp370","MIROC6","2075",0.26,0.38,0.2,89,0.1,56,62,82.71,0,0,0.1,0,17.9154284218134,5361
"p346","ssp370","MIROC6","2075",0.26,0.44,0,79,0,44,50,74.65,0.1,0,0,0,18.139272147593,5362
"p346","ssp370","MIROC6","2075",0.26,0.38,0,99,0.1,59,65,86.09,0,0,0.3,0.4,19.3342323634687,5363
"p346","ssp370","MIROC6","2075",0.29,0.57,0,101,0,44,50,73.42,0,0,0.2,0,18.7444255381562,5364
"p346","ssp370","MIROC6","2075",0.22,0.26,0,78,0,48,54,85.44,0,0,0.2,0,18.7864701787586,5365
"p346","ssp370","MIROC6","2075",0.15,0.48,0,94,0.1,73,79,95.75,0,0,0,0,19.6139007944449,5366
"p346","ssp370","MIROC6","2075",0.3,0.23,0.2,91,0.45,46,59,71.22,0,0,0,0,19.4380318561092,5367
"p346","ssp370","MIROC6","2075",0.36,0.5,0,99,0.1,55,66,85.51,0.1,0,0,0,18.8672902017672,5368
"p346","ssp370","MIROC6","2075",0.31,0.56,0,102,0.2,67,73,93.93,0,0,0,0.1,19.202319409421,5369
"p346","ssp370","MIROC6","2075",0.4,0.62,0,105,0.1,44,50,73.8,0,0,0.1,0.05,18.1687021021638,5370
"p346","ssp370","MIROC6","2075",0.15,0.46,0,96,0.2,47,53,77.6,0,0,0,0,18.6514860946034,5371
"p346","ssp370","MIROC6","2075",0.25,0.45,0,101,0.2,57,63,80.76,0,0,0,0,18.8244779147922,5372
"p346","ssp370","MIROC6","2075",0.14,0.5,0,100,0,57,79,81.22,0,0,0.1,0.1,19.7969583352034,5373
"p346","ssp370","MIROC6","2075",0.46,0.38,0,105,0.1,44,50,71.51,0,0,0.1,0,17.7055051628695,5374
"p346","ssp370","MIROC6","2075",0.32,0.32,0,77,0.2,48,54,79.85,0,0,0.1,0.1,18.7759265821793,5375
"p346","ssp370","MIROC6","2075",0.17,0.47,0,88,0.15,50,56,82.84,0.1,0,0,0.1,18.2271229704285,5376
"p346","ssp370","MIROC6","2075",0.36,0.29,0,99,0.3,56,62,85.45,0,0,0.2,0.35,18.7724689553848,5377
"p346","ssp370","MIROC6","2075",0.15,0.34,0,103,0.1,55,63,85.73,0,0,0,0,19.2166966472598,5378
"p346","ssp370","MIROC6","2075",0.15,0.38,0,97,0.1,45,51,76.95,0,0,0,0,19.6398068867624,5379
"p346","ssp370","MIROC6","2075",0.16,0.47,0,98,0.2,66,72,96.35,0,0,0.2,0.1,18.8213377456131,5380
"p346","ssp370","MIROC6","2075",0.35,0.24,0,106,0,45,51,80.53,0.1,0,0.2,0,17.3776433839367,5381
"p346","ssp370","MIROC6","2075",0.52,0.6,0,103,0,45,58,77.37,0,0,0.1,0,19.0521810251479,5382
"p346","ssp370","MIROC6","2075",0.28,0.43,0,103,0.1,45,51,75.02,0,0,0.3,0,17.688147449515,5383
"p346","ssp370","MIROC6","2075",0.11,0.25,0,96,0.2,74,87,97.65,0,0,0,0.05,19.0809625561396,5384
"p346","ssp370","MIROC6","2075",0.3,0.65,0,101,0.2,74,80,100.67,0,0,0,0.2,19.044608639103,5385
"p346","ssp370","MIROC6","2075",0.23,0.31,0.2,97,0.2,46,52,80.59,0,0,0.2,0.05,18.2528341230703,5386
"p346","ssp370","MIROC6","2075",0.42,0.6,0,93,0.1,50,69,81.22,0,0,0.1,0,18.6791719340915,5387
"p346","ssp370","MIROC6","2075",0.39,0.38,0,111,0,48,54,82.79,0,0,0.1,0.05,18.4908320371475,5388
"p346","ssp370","MIROC6","2075",0.34,0.25,0,95,0.1,61,67,90.32,0,0,0,0,18.3310043405537,5389
"p346","ssp370","MIROC6","2075",0.11,0.67,0,103,0.2,47,68,81.04,0,0,0.1,0,18.7872448551342,5390
"p346","ssp370","MIROC6","2075",0.26,0.57,0,96,0.3,68,75,98.52,0,0,0.1,0,18.7071553567544,5391
"p346","ssp370","MIROC6","2075",0.28,0.44,0,104,0.2,46,60,76.47,0,0,0.3,0,18.6947241384824,5392
"p346","ssp370","MIROC6","2075",0.21,0.45,0,103,0,57,63,86.06,0.1,0,0,0.2,17.4900293328211,5393
"p346","ssp370","MIROC6","2075",0.24,0.46,0,99,0.1,54,60,88.51,0,0,0.1,0,19.1444992331795,5394
"p346","ssp370","MIROC6","2075",0.2,0.47,0.25,105,0.35,48,54,78.75,0,0,0,0.05,17.3517717218074,5395
"p346","ssp370","MIROC6","2075",0.13,0.27,0.25,99,0,44,50,63.72,0,0,0.1,0,17.8284381484693,5396
"p346","ssp370","MIROC6","2075",0.42,0.49,0,93,0.1,51,57,80.21,0,0,0.1,0,18.3479252029901,5397
"p346","ssp370","MIROC6","2075",0.37,0.44,0,93,0.1,53,59,85.41,0,0,0,0.15,19.0884762768397,5398
"p346","ssp370","MIROC6","2075",0.28,0.61,0,91,0,51,65,86.66,0,0,0,0,19.2618318808398,5399
"p346","ssp370","MIROC6","2075",0.29,0.33,0,93,0,56,62,85.65,0,0,0.1,0,18.6621496291603,5400
"p346","ssp370","MPI-ESM1-2-LR","2075",0.41,0.28,0,95,0,45,51,72.49,0,0,0,0.15,17.9762773441156,5401
"p346","ssp370","MPI-ESM1-2-LR","2075",0.33,0.46,0,97,0.1,45,51,75.42,0,0,0.1,0.05,18.0220115799198,5402
"p346","ssp370","MPI-ESM1-2-LR","2075",0.47,0.29,0,102,0.1,49,75,83.98,0,0,0.1,0,18.0078906232432,5403
"p346","ssp370","MPI-ESM1-2-LR","2075",0.23,0.36,0,103,0.1,59,80,84.03,0,0,0.2,0,18.7985595144168,5404
"p346","ssp370","MPI-ESM1-2-LR","2075",0.47,0.29,0.25,97,0.2,52,58,83.27,0,0,0,0,17.575055183799,5405
"p346","ssp370","MPI-ESM1-2-LR","2075",0.18,0.55,0,111,0.2,48,54,80.47,0.2,0,0.3,0.15,17.6873011986046,5406
"p346","ssp370","MPI-ESM1-2-LR","2075",0.42,0.53,0,99,0,47,66,81.01,0,0,0.3,0,18.2609037038839,5407
"p346","ssp370","MPI-ESM1-2-LR","2075",0.37,0.45,0,92,0.2,45,51,76.77,0.1,0,0.1,0.2,18.2291770743576,5408
"p346","ssp370","MPI-ESM1-2-LR","2075",0.39,0.41,0,109,0.1,47,65,83.3,0,0,0.2,0,19.0119583597438,5409
"p346","ssp370","MPI-ESM1-2-LR","2075",0.18,0,0,96,0.1,46,97,81.86,0,0,0,0,19.1863740654332,5410
"p346","ssp370","MPI-ESM1-2-LR","2075",0.34,0.37,0,101,0.1,54,75,77.34,0,0,0.1,0.05,19.2272086255114,5411
"p346","ssp370","MPI-ESM1-2-LR","2075",0.3,0.34,0,112,0,59,65,91.35,0,0,0.1,0,17.5500096069717,5412
"p346","ssp370","MPI-ESM1-2-LR","2075",0.42,0.1,0.5,99,0,53,59,73.52,0,0,0.2,0,17.3524627360291,5413
"p346","ssp370","MPI-ESM1-2-LR","2075",0.37,0.67,0,82,0.1,50,56,80.27,0,0,0.2,0.2,16.8929662058939,5414
"p346","ssp370","MPI-ESM1-2-LR","2075",0.35,0.38,0,93,0.1,59,65,85.64,0,0,0,0,17.8481711251799,5415
"p346","ssp370","MPI-ESM1-2-LR","2075",0.36,0.6,0,113,0,46,52,71.03,0,0,0,0.1,18.0828975660565,5416
"p346","ssp370","MPI-ESM1-2-LR","2075",0.23,0.44,0,100,0.2,46,52,75.34,0.1,0,0.1,0,17.1837652106385,5417
"p346","ssp370","MPI-ESM1-2-LR","2075",0.33,0.58,0,115,0.1,56,62,87.03,0,0,0.2,0,18.3438389591666,5418
"p346","ssp370","MPI-ESM1-2-LR","2075",0.69,0.59,0,106,0.1,52,58,80.59,0,0,0.1,0,18.2300878445339,5419
"p346","ssp370","MPI-ESM1-2-LR","2075",0.67,0.43,0,88,0.1,50,76,81.98,0,0,0.3,0,19.2361295731522,5420
"p346","ssp370","MPI-ESM1-2-LR","2075",0.6,0.75,0,109,0,59,65,76.27,0,0,0,0.1,18.7573731316273,5421
"p346","ssp370","MPI-ESM1-2-LR","2075",0.4,0.46,0,102,0.2,71,77,100.02,0,0,0.1,0,18.3539912737207,5422
"p346","ssp370","MPI-ESM1-2-LR","2075",0.32,0.62,0,104,0.1,44,50,74.31,0.1,0,0.1,0.05,17.6184246732388,5423
"p346","ssp370","MPI-ESM1-2-LR","2075",0.31,0.39,0,106,0.1,45,51,78.68,0,0,0.1,0,18.6457761770978,5424
"p346","ssp370","MPI-ESM1-2-LR","2075",0.39,0.53,0,106,0.1,52,58,73.05,0,0,0.4,0.1,18.0962755046492,5425
"p346","ssp370","MPI-ESM1-2-LR","2075",0.22,0.35,0,114,0,51,57,83.09,0,0,0,0,19.312703748217,5426
"p346","ssp370","MPI-ESM1-2-LR","2075",0.38,0.46,0,90,0,65,71,94.33,0,0,0.4,0,18.9854521243969,5427
"p346","ssp370","MPI-ESM1-2-LR","2075",0.4,0.57,0,98,0.3,52,58,81.06,0,0,0,0.05,18.1828699237855,5428
"p346","ssp370","MPI-ESM1-2-LR","2075",0.55,0.62,0,88,0,47,53,79.11,0,0,0.1,0.05,18.6672385043462,5429
"p346","ssp370","MPI-ESM1-2-LR","2075",0.35,0.45,0,103,0,45,51,78.64,0,0,0.2,0.3,17.8908817516443,5430
"p346","ssp370","MPI-ESM1-2-LR","2075",0.38,0.6,0,97,0.2,47,53,80.97,0.1,0,0,0,16.8117924302536,5431
"p346","ssp370","MPI-ESM1-2-LR","2075",0.27,0.38,0,99,0.2,58,64,86.64,0,0,0.1,0,18.8432588191635,5432
"p346","ssp370","MPI-ESM1-2-LR","2075",0.51,0.37,0,107,0.2,69,78,92.97,0,0,0.1,0,18.4220595229492,5433
"p346","ssp370","MPI-ESM1-2-LR","2075",0.49,0.4,0,100,0,52,58,80.56,0,0,0.1,0.1,18.5292075476297,5434
"p346","ssp370","MPI-ESM1-2-LR","2075",0.31,0.39,0,105,0.15,52,58,81.33,0,0,0.3,0,17.0037502070623,5435
"p346","ssp370","MPI-ESM1-2-LR","2075",0.54,0.79,0,105,0.1,63,69,89.51,0,0,0,0,18.3302749514039,5436
"p346","ssp370","MPI-ESM1-2-LR","2075",0.46,0.81,0,104,0,76,82,97.99,0,0,0,0,17.8237444793227,5437
"p346","ssp370","MPI-ESM1-2-LR","2075",0.32,0.6,0,98,0,44,50,78.63,0,0,0,0,17.8587647134327,5438
"p346","ssp370","MPI-ESM1-2-LR","2075",0.34,0.2,0,102,0.3,51,58,82.93,0.1,0,0.1,0.1,17.068401122686,5439
"p346","ssp370","MPI-ESM1-2-LR","2075",0.43,0.5,0,92,0,47,53,81.58,0,0,0.2,0,17.4814852379794,5440
"p346","ssp370","MPI-ESM1-2-LR","2075",0.51,0.6,0,114,0.1,51,57,81.19,0,0,0.1,0,18.2250910906453,5441
"p346","ssp370","MPI-ESM1-2-LR","2075",0.33,0.57,0,106,0,55,61,85.44,0,0,0.2,0.05,19.0401400634926,5442
"p346","ssp370","MPI-ESM1-2-LR","2075",0.31,0.49,0,101,0.2,57,91,89.3,0,0,0,0,18.6536583379096,5443
"p346","ssp370","MPI-ESM1-2-LR","2075",0.29,0.44,0,106,0.1,58,72,83.91,0,0,0,0.05,18.5822944848675,5444
"p346","ssp370","MPI-ESM1-2-LR","2075",0.3,0.74,0,112,0.15,75,81,98.2,0,0,0.3,0.05,18.294208401135,5445
"p346","ssp370","MPI-ESM1-2-LR","2075",0.39,0.73,0,113,0.1,54,60,82.14,0,0,0.1,0.05,18.7214149545427,5446
"p346","ssp370","MPI-ESM1-2-LR","2075",0.31,0.56,0,101,0.1,62,106,93.06,0,0,0.1,0,19.8087219483422,5447
"p346","ssp370","MPI-ESM1-2-LR","2075",0.33,0.45,0,88,0,52,58,85.44,0,0,0.3,0,17.8831748723995,5448
"p346","ssp370","MPI-ESM1-2-LR","2075",0.55,0.47,0,100,0,62,68,93.57,0,0,0.3,0,18.7911693543703,5449
"p346","ssp370","MPI-ESM1-2-LR","2075",0.28,0.18,0.3,93,0,48,91,72.37,0,0,0,0,17.9621044931947,5450
"p346","ssp370","MPI-ESM1-2-LR","2075",0.23,0.34,0,95,0.1,50,56,76.74,0,0,0.2,0,18.2021320131331,5451
"p346","ssp370","MPI-ESM1-2-LR","2075",0.37,0.34,0,111,0,48,54,79.23,0,0,0.2,0,18.2326557152761,5452
"p346","ssp370","MPI-ESM1-2-LR","2075",0.32,0.2,0,104,0.4,56,62,84.95,0,0,0,0,18.1012910760824,5453
"p346","ssp370","MPI-ESM1-2-LR","2075",0.35,0.34,0,108,0,54,60,84.5,0,0,0.3,0.1,18.2685710817325,5454
"p346","ssp370","MPI-ESM1-2-LR","2075",0.44,0.2,0,98,0.1,55,61,80.85,0,0,0.4,0.05,18.2702261427382,5455
"p346","ssp370","MPI-ESM1-2-LR","2075",0.28,0.32,0,108,0.4,75,81,96.71,0,0,0.4,0,18.9449504841437,5456
"p346","ssp370","MPI-ESM1-2-LR","2075",0.16,0.33,0,113,0.1,52,58,84.37,0.2,0,0.1,0.05,17.9841349575293,5457
"p346","ssp370","MPI-ESM1-2-LR","2075",0.14,0.25,0,90,0.2,79,85,101.43,0,0,0.1,0,19.4281638207993,5458
"p346","ssp370","MPI-ESM1-2-LR","2075",0.4,0.39,0,117,0,59,65,84.17,0,0,0.1,0,18.4528598526806,5459
"p346","ssp370","MPI-ESM1-2-LR","2075",0.19,0.44,0.2,104,0,65,76,87.48,0,0,0,0,18.7021435263363,5460
"p346","ssp370","MPI-ESM1-2-LR","2075",0.36,0.36,0,94,0.1,58,74,84.89,0,0,0.3,0,17.9257228737884,5461
"p346","ssp370","MPI-ESM1-2-LR","2075",0.26,0.22,0,87,0,45,51,78.22,0.1,0,0.1,0,17.3381521810954,5462
"p346","ssp370","MPI-ESM1-2-LR","2075",0.26,0.36,0,104,0.1,60,66,86.39,0,0,0.3,0.05,18.9473183061544,5463
"p346","ssp370","MPI-ESM1-2-LR","2075",0.33,0.57,0,104,0,45,51,77.31,0,0,0.4,0,18.0614036991435,5464
"p346","ssp370","MPI-ESM1-2-LR","2075",0.25,0.27,0,80,0,50,56,85.12,0,0,0.2,0,18.0369322717856,5465
"p346","ssp370","MPI-ESM1-2-LR","2075",0.15,0.73,0,100,0.1,74,80,96.88,0,0,0,0,19.3889598741268,5466
"p346","ssp370","MPI-ESM1-2-LR","2075",0.31,0.36,0.2,94,0.25,48,64,75.05,0,0,0.2,0,18.8187974918496,5467
"p346","ssp370","MPI-ESM1-2-LR","2075",0.37,0.24,0,101,0.1,74,80,100.38,0.1,0,0.1,0,18.70379459349,5468
"p346","ssp370","MPI-ESM1-2-LR","2075",0.31,0.67,0,103,0.1,68,74,94.33,0,0,0.3,0.05,18.6334042598581,5469
"p346","ssp370","MPI-ESM1-2-LR","2075",0.45,0.66,0,107,0.1,44,53,75.56,0,0,0.1,0.05,17.533781855686,5470
"p346","ssp370","MPI-ESM1-2-LR","2075",0.15,0.43,0,104,0.2,49,55,77.92,0,0,0.2,0,17.8084162488419,5471
"p346","ssp370","MPI-ESM1-2-LR","2075",0.25,0.36,0,101,0.1,58,64,82.5,0,0,0,0,18.1968301180305,5472
"p346","ssp370","MPI-ESM1-2-LR","2075",0.14,0.48,0,105,0,77,83,90.06,0,0,0.2,0.05,19.4641551056833,5473
"p346","ssp370","MPI-ESM1-2-LR","2075",0.46,0.46,0,106,0.1,44,50,70.69,0.1,0,0.1,0,16.8549631435724,5474
"p346","ssp370","MPI-ESM1-2-LR","2075",0.31,0.23,0.2,81,0.1,50,56,83.05,0,0,0.2,0,18.0856263747297,5475
"p346","ssp370","MPI-ESM1-2-LR","2075",0.25,0.34,0,88,0.15,51,57,83.91,0.1,0,0,0.05,17.7694725161002,5476
"p346","ssp370","MPI-ESM1-2-LR","2075",0.36,0.27,0,103,0.1,59,65,88.69,0,0,0.2,0.25,18.2150973025527,5477
"p346","ssp370","MPI-ESM1-2-LR","2075",0.23,0.25,0,108,0.1,67,73,94.41,0,0,0.1,0,18.7222524573668,5478
"p346","ssp370","MPI-ESM1-2-LR","2075",0.15,0.53,0,96,0.1,47,53,80.6,0,0,0.4,0,18.7052131924191,5479
"p346","ssp370","MPI-ESM1-2-LR","2075",0.23,0.44,0,103,0,83,89,105.59,0,0,0.2,0,19.0000882730179,5480
"p346","ssp370","MPI-ESM1-2-LR","2075",0.35,0.21,0,112,0,47,74,79.77,0,0,0.3,0,17.3850487447028,5481
"p346","ssp370","MPI-ESM1-2-LR","2075",0.52,0.56,0,105,0,45,65,75.8,0,0,0.1,0,18.8571464792226,5482
"p346","ssp370","MPI-ESM1-2-LR","2075",0.29,0.36,0,103,0.1,46,67,78.62,0,0,0.4,0,17.3366592393221,5483
"p346","ssp370","MPI-ESM1-2-LR","2075",0.11,0.23,0,99,0,77,93,98.38,0,0,0.1,0,19.086836717355,5484
"p346","ssp370","MPI-ESM1-2-LR","2075",0.34,0.56,0,98,0.2,76,82,100.25,0,0,0,0.1,18.6425557957811,5485
"p346","ssp370","MPI-ESM1-2-LR","2075",0.23,0.37,0,96,0.1,48,83,80.07,0,0,0.2,0,19.6907203260687,5486
"p346","ssp370","MPI-ESM1-2-LR","2075",0.41,0.44,0,99,0.1,70,76,94.38,0,0,0.1,0,18.1663869428575,5487
"p346","ssp370","MPI-ESM1-2-LR","2075",0.42,0.44,0,107,0,50,56,82.37,0,0,0.1,0,18.1095437392944,5488
"p346","ssp370","MPI-ESM1-2-LR","2075",0.34,0.28,0,100,0.1,62,69,93.11,0,0,0,0,17.3019397729593,5489
"p346","ssp370","MPI-ESM1-2-LR","2075",0.12,0.73,0,104,0.2,48,82,79.71,0,0,0.3,0,18.8374102731033,5490
"p346","ssp370","MPI-ESM1-2-LR","2075",0.28,0.47,0,100,0.3,73,79,101.71,0,0,0.1,0,18.3088952266866,5491
"p346","ssp370","MPI-ESM1-2-LR","2075",0.28,0.36,0,108,0,61,68,83.7,0,0,0.8,0,18.5539342544355,5492
"p346","ssp370","MPI-ESM1-2-LR","2075",0.26,0.56,0,102,0,58,73,81.19,0.1,0,0,0.15,17.2684419101426,5493
"p346","ssp370","MPI-ESM1-2-LR","2075",0.24,0.54,0,105,0.1,61,71,94.02,0,0,0.1,0,19.3181495313619,5494
"p346","ssp370","MPI-ESM1-2-LR","2075",0.26,0.44,0,109,0.1,49,55,76.97,0.2,0,0.2,0,16.6678463125002,5495
"p346","ssp370","MPI-ESM1-2-LR","2075",0.13,0.41,0.25,99,0,44,63,63.58,0,0,0.1,0,17.7834947234923,5496
"p346","ssp370","MPI-ESM1-2-LR","2075",0.45,0.48,0,96,0.1,54,60,78.46,0,0,0.4,0,17.7312869447339,5497
"p346","ssp370","MPI-ESM1-2-LR","2075",0.43,0.69,0,95,0.1,58,67,88.28,0,0,0,0.05,18.5608304768911,5498
"p346","ssp370","MPI-ESM1-2-LR","2075",0.28,0.61,0,92,0,74,80,101.15,0,0,0.1,0,19.1601281976919,5499
"p346","ssp370","MPI-ESM1-2-LR","2075",0.29,0.43,0,96,0,61,75,89.79,0,0,0.1,0,18.5403809951766,5500
"p346","ssp370","MRI-ESM2-0","2075",0.28,0.22,0.2,88,0.15,45,51,72.72,0.2,0,0.3,0.2,17.2443987250494,5501
"p346","ssp370","MRI-ESM2-0","2075",0.37,0.45,0,91,0.2,46,52,75.73,0,0,0.1,0,17.6616201359488,5502
"p346","ssp370","MRI-ESM2-0","2075",0.4,0.53,0,100,0,77,88,105,0,0,0,0.05,18.3743986556199,5503
"p346","ssp370","MRI-ESM2-0","2075",0.28,0.2,0,100,0.2,60,91,86.18,0,0,0,0,19.3865563177973,5504
"p346","ssp370","MRI-ESM2-0","2075",0.31,0.3,0,101,0,52,58,81.89,0.1,0,0.1,0,17.4658061581889,5505
"p346","ssp370","MRI-ESM2-0","2075",0.41,0.38,0,106,0,51,64,81.28,0.1,0,0.1,0.1,17.9601575173708,5506
"p346","ssp370","MRI-ESM2-0","2075",0.24,0.2,0,90,0.2,47,75,77.91,0,0,0,0,18.4708746389573,5507
"p346","ssp370","MRI-ESM2-0","2075",0.38,0.38,0,90,0.1,46,52,76.72,0.1,0,0,0.25,17.8770124871946,5508
"p346","ssp370","MRI-ESM2-0","2075",0.21,0.27,0,106,0.1,66,72,97.58,0,0,0.2,0.05,18.8432835019596,5509
"p346","ssp370","MRI-ESM2-0","2075",0.42,0.12,0,100,0,47,101,83.07,0,0,0,0,19.2002934588044,5510
"p346","ssp370","MRI-ESM2-0","2075",0.23,0.13,0,83,0.1,54,73,79.12,0,0,0.3,0.1,19.0013488813634,5511
"p346","ssp370","MRI-ESM2-0","2075",0.49,0.51,0,111,0.1,60,66,89.67,0,0,0.1,0,17.3347363030681,5512
"p346","ssp370","MRI-ESM2-0","2075",0.18,0.31,0,97,0.1,57,64,77,0,0,0.1,0,17.3257756159649,5513
"p346","ssp370","MRI-ESM2-0","2075",0.42,0.44,0.2,82,0.2,50,57,79.08,0,0,0,0.3,16.698227947563,5514
"p346","ssp370","MRI-ESM2-0","2075",0.3,0.27,0,88,0.1,59,65,86.92,0,0,0,0,17.8308963176264,5515
"p346","ssp370","MRI-ESM2-0","2075",0.22,0.55,0,112,0.3,47,53,74.19,0,0,0,0.25,17.9496231406509,5516
"p346","ssp370","MRI-ESM2-0","2075",0.21,0.2,0,89,0.1,70,76,91.79,0,0,0,0.05,18.0875959630461,5517
"p346","ssp370","MRI-ESM2-0","2075",0.37,0.86,0.25,117,0.2,57,63,85.7,0,0,0,0,18.2685684780081,5518
"p346","ssp370","MRI-ESM2-0","2075",0.17,0.5,0,101,0.1,54,60,82.65,0,0,0,0,17.9075381380932,5519
"p346","ssp370","MRI-ESM2-0","2075",0.28,0.45,0,87,0,77,87,100.5,0,0,0,0,19.7304374394949,5520
"p346","ssp370","MRI-ESM2-0","2075",0.27,0.22,0,99,0.1,60,66,77.08,0,0,0,0.2,18.2249492797296,5521
"p346","ssp370","MRI-ESM2-0","2075",0.34,0.24,0,104,0.1,71,77,98.93,0,0,0.3,0,18.1189325289206,5522
"p346","ssp370","MRI-ESM2-0","2075",0.33,0.42,0,105,0.3,45,51,77.89,0.1,0,0.1,0,17.5496438047093,5523
"p346","ssp370","MRI-ESM2-0","2075",0.48,0.54,0,105,0.25,45,51,78.48,0,0,0.1,0,18.4533660100467,5524
"p346","ssp370","MRI-ESM2-0","2075",0.47,0.5,0,102,0.1,53,62,70.76,0,0,0,0.15,17.9926708581956,5525
"p346","ssp370","MRI-ESM2-0","2075",0.28,0,0.2,107,0.2,52,58,85.04,0,0,0.3,0.05,18.7258035788173,5526
"p346","ssp370","MRI-ESM2-0","2075",0.32,0.37,0,81,0.1,66,72,90.71,0,0,0.1,0.1,18.766232401863,5527
"p346","ssp370","MRI-ESM2-0","2075",0.38,0.57,0,102,0.2,68,74,92.88,0,0,0,0.05,18.6834731387383,5528
"p346","ssp370","MRI-ESM2-0","2075",0.22,0.27,0,84,0.1,48,54,77.6,0,0,0.2,0.1,18.4063943440954,5529
"p346","ssp370","MRI-ESM2-0","2075",0.24,0.36,0,100,0.2,45,51,75.42,0,0,0.1,0.35,17.7551784246077,5530
"p346","ssp370","MRI-ESM2-0","2075",0.51,0.54,0,99,0.1,48,79,80.54,0,0,0.1,0,17.9410727981246,5531
"p346","ssp370","MRI-ESM2-0","2075",0.27,0.37,0,97,0,59,65,87.32,0,0,0.3,0,18.572719013921,5532
"p346","ssp370","MRI-ESM2-0","2075",0.43,0.54,0,99,0.4,70,81,90.85,0,0,0,0,18.4978390188028,5533
"p346","ssp370","MRI-ESM2-0","2075",0.52,0.55,0.2,94,0.2,52,58,75.39,0,0,0.2,0.3,18.2721684075778,5534
"p346","ssp370","MRI-ESM2-0","2075",0.49,0.34,0,106,0,52,58,79.62,0.2,0,0.1,0,16.900057247722,5535
"p346","ssp370","MRI-ESM2-0","2075",0.23,0.48,0,100,0.1,64,70,88.28,0,0,0.5,0,18.1394070349389,5536
"p346","ssp370","MRI-ESM2-0","2075",0.35,0.61,0,101,0.3,77,83,98.39,0,0,0,0.25,17.5135557276955,5537
"p346","ssp370","MRI-ESM2-0","2075",0.39,0.39,0.2,98,0.2,44,50,76.58,0,0,0.3,0,17.6502412392837,5538
"p346","ssp370","MRI-ESM2-0","2075",0.31,0,0,98,0.3,56,62,85.26,0.1,0,0.2,0.25,16.9822640530635,5539
"p346","ssp370","MRI-ESM2-0","2075",0.44,0.44,0,88,0.2,48,54,81.47,0,0,0.1,0.05,17.4114976717929,5540
"p346","ssp370","MRI-ESM2-0","2075",0.26,0.33,0.2,113,0,51,62,80.53,0,0,0.3,0.05,18.0323842466725,5541
"p346","ssp370","MRI-ESM2-0","2075",0.34,0.34,0,105,0.1,57,63,85.79,0,0,0,0.05,18.960569958233,5542
"p346","ssp370","MRI-ESM2-0","2075",0.44,0.62,0,105,0.1,57,94,91.88,0,0,0,0.1,18.8616544001264,5543
"p346","ssp370","MRI-ESM2-0","2075",0.19,0.1,0.55,101,0,72,78,89.95,0,0,0,0,18.6037408616324,5544
"p346","ssp370","MRI-ESM2-0","2075",0.33,0.53,0,115,0,76,82,95.89,0,0,0,0.05,18.4429124267481,5545
"p346","ssp370","MRI-ESM2-0","2075",0.42,0.78,0,106,0.35,55,64,80.95,0,0,0.1,0,18.5945711541769,5546
"p346","ssp370","MRI-ESM2-0","2075",0.33,0.34,0,92,0.3,62,107,92.4,0,0,0,0.05,20.0544962773584,5547
"p346","ssp370","MRI-ESM2-0","2075",0.45,0.47,0,87,0.1,53,60,83.53,0,0,0.1,0.05,17.8803673940747,5548
"p346","ssp370","MRI-ESM2-0","2075",0.17,0.34,0,90,0.1,63,69,90.89,0,0,0,0,18.6770251286595,5549
"p346","ssp370","MRI-ESM2-0","2075",0.21,0.11,0,92,0.2,48,93,72.79,0,0,0.1,0,18.042101973218,5550
"p346","ssp370","MRI-ESM2-0","2075",0.2,0.22,0,85,0.1,55,70,80.13,0,0,0,0.05,18.4904890430861,5551
"p346","ssp370","MRI-ESM2-0","2075",0.26,0.18,0,100,0.1,49,55,79.94,0,0,0.2,0,17.9800267549681,5552
"p346","ssp370","MRI-ESM2-0","2075",0.33,0,0.2,117,0.2,58,64,87.44,0,0,0,0,17.842869677617,5553
"p346","ssp370","MRI-ESM2-0","2075",0.27,0.38,0,93,0.2,57,63,84.52,0,0,0,0.1,18.2260543035775,5554
"p346","ssp370","MRI-ESM2-0","2075",0.39,0.23,0,89,0.65,62,68,84.02,0,0,0.1,0,18.2041517206082,5555
"p346","ssp370","MRI-ESM2-0","2075",0.33,0.53,0,107,0.4,81,87,100.3,0,0,0,0,19.2583164497467,5556
"p346","ssp370","MRI-ESM2-0","2075",0.31,0.25,0.25,101,0.45,55,64,87.25,0.2,0,0,0.05,17.7283126329139,5557
"p346","ssp370","MRI-ESM2-0","2075",0.21,0.13,0,84,0.1,79,85,98.86,0,0,0,0,19.404113753465,5558
"p346","ssp370","MRI-ESM2-0","2075",0.17,0.33,0,105,0.2,64,70,90.52,0,0,0,0,18.5252403379972,5559
"p346","ssp370","MRI-ESM2-0","2075",0.27,0.21,0,102,0,79,85,99.06,0,0,0.2,0.05,18.8896191624706,5560
"p346","ssp370","MRI-ESM2-0","2075",0.5,0.25,0,96,0,89,96,105.62,0,0,0.1,0,19.1055700147999,5561
"p346","ssp370","MRI-ESM2-0","2075",0.48,0.32,0,80,0.1,46,52,77.82,0.1,0,0,0,17.3175668347361,5562
"p346","ssp370","MRI-ESM2-0","2075",0.43,0.19,0,100,0.1,61,67,87.23,0,0,0,0.05,18.6935111770817,5563
"p346","ssp370","MRI-ESM2-0","2075",0.44,0.36,0,97,0.3,46,53,80.2,0,0,0.1,0,18.1207410585467,5564
"p346","ssp370","MRI-ESM2-0","2075",0.34,0.29,0,71,0.5,51,64,87.94,0,0,0,0,18.4281863665781,5565
"p346","ssp370","MRI-ESM2-0","2075",0.34,0.62,0,90,0,76,82,96.12,0,0,0.1,0,19.1394538960938,5566
"p346","ssp370","MRI-ESM2-0","2075",0.22,0.11,0,87,0.1,64,70,90.58,0,0,0,0,19.070426708411,5567
"p346","ssp370","MRI-ESM2-0","2075",0.38,0.53,0,96,0.1,74,80,99.55,0.1,0,0,0,18.6328195971737,5568
"p346","ssp370","MRI-ESM2-0","2075",0.28,0.57,0,102,0.2,69,75,95.52,0,0,0.1,0.1,18.481191777387,5569
"p346","ssp370","MRI-ESM2-0","2075",0.6,0.41,0,106,0.1,45,56,77.04,0,0,0.1,0.05,17.1096724559738,5570
"p346","ssp370","MRI-ESM2-0","2075",0.21,0.2,0,100,0.35,50,56,77.9,0,0,0.1,0.05,17.4685698383171,5571
"p346","ssp370","MRI-ESM2-0","2075",0.27,0.33,0.3,104,0,58,64,84.92,0,0,0.2,0,17.9340186873464,5572
"p346","ssp370","MRI-ESM2-0","2075",0.44,0.32,0,107,0,76,82,89.83,0,0,0,0.05,19.3760443233142,5573
"p346","ssp370","MRI-ESM2-0","2075",0.36,0.35,0,107,0,45,51,70.77,0.2,0,0.3,0,16.6283130977661,5574
"p346","ssp370","MRI-ESM2-0","2075",0.46,0.24,0,82,0.1,53,68,85.09,0,0,0,0.05,18.5878279784815,5575
"p346","ssp370","MRI-ESM2-0","2075",0.21,0.13,0,89,0.1,51,57,81.7,0.1,0,0.3,0.05,16.9342068877833,5576
"p346","ssp370","MRI-ESM2-0","2075",0.23,0.33,0,99,0.1,63,69,91.65,0,0,0,0.2,18.1420893329984,5577
"p346","ssp370","MRI-ESM2-0","2075",0.19,0.25,0.35,104,0.2,68,74,95.66,0,0,0,0,18.5718054169176,5578
"p346","ssp370","MRI-ESM2-0","2075",0.2,0.39,0.2,97,0.2,48,54,78.89,0,0,0.1,0.1,18.7477766483485,5579
"p346","ssp370","MRI-ESM2-0","2075",0.36,0.49,0,102,0,83,89,103.6,0,0,0.1,0.05,18.9700734443961,5580
"p346","ssp370","MRI-ESM2-0","2075",0.64,0.24,0,98,0.1,71,77,95.88,0,0,0.2,0,17.5779015558816,5581
"p346","ssp370","MRI-ESM2-0","2075",0.23,0.23,0.2,91,0.2,64,78,93.12,0,0,0.4,0,19.4279211503207,5582
"p346","ssp370","MRI-ESM2-0","2075",0.38,0.56,0,95,0.1,46,69,78.99,0,0,0.1,0,17.3446746058188,5583
"p346","ssp370","MRI-ESM2-0","2075",0.31,0.28,0,99,0.15,99,105,111.98,0,0,0,0,19.5215710725977,5584
"p346","ssp370","MRI-ESM2-0","2075",0.24,0.34,0.2,96,0.25,88,104,110.18,0,0,0,0.1,19.9008445269876,5585
"p346","ssp370","MRI-ESM2-0","2075",0.28,0.33,0.2,89,0,81,87,101.8,0,0,0,0.05,19.5499290731599,5586
"p346","ssp370","MRI-ESM2-0","2075",0.43,0.43,0,88,0.2,70,76,93.65,0,0,0.1,0,18.0967778552483,5587
"p346","ssp370","MRI-ESM2-0","2075",0.38,0.1,0,104,0.2,59,87,89.1,0,0,0,0.05,19.385590462688,5588
"p346","ssp370","MRI-ESM2-0","2075",0.33,0.32,0,93,0.1,86,98,107.89,0,0,0,0,18.9300730111924,5589
"p346","ssp370","MRI-ESM2-0","2075",0.48,0.69,0,110,0.1,81,87,102.08,0,0,0.1,0,19.0794576974917,5590
"p346","ssp370","MRI-ESM2-0","2075",0.46,0.47,0,98,0.2,73,79,99.94,0,0,0,0,18.5408981788197,5591
"p346","ssp370","MRI-ESM2-0","2075",0.34,0.46,0,115,0,77,83,97.73,0,0,0,0,19.1297242842315,5592
"p346","ssp370","MRI-ESM2-0","2075",0.29,0.57,0,98,0,58,72,78.73,0.2,0,0.1,0.2,16.7973463205443,5593
"p346","ssp370","MRI-ESM2-0","2075",0.43,0.63,0,103,0,63,74,94.41,0,0,0.2,0,19.4916309511673,5594
"p346","ssp370","MRI-ESM2-0","2075",0.37,0.47,0.3,100,0.2,49,55,77.02,0.5,0,0.6,0.05,16.2813422691778,5595
"p346","ssp370","MRI-ESM2-0","2075",0.32,0.46,0,94,0.15,45,74,63.87,0,0,0.1,0,17.9650371931171,5596
"p346","ssp370","MRI-ESM2-0","2075",0.27,0.21,0,92,0.1,56,64,81.48,0,0,0.2,0,17.2808199830211,5597
"p346","ssp370","MRI-ESM2-0","2075",0.12,0.38,0,86,0,58,70,88.47,0,0,0,0.15,18.531701612689,5598
"p346","ssp370","MRI-ESM2-0","2075",0.36,0.52,0,90,0,75,81,101.83,0,0,0,0,18.8678021377061,5599
"p346","ssp370","MRI-ESM2-0","2075",0.52,0.58,0,89,0.1,74,88,101.19,0,0,0.2,0,19.0262089373184,5600
"p346","ssp370","UKESM1-0-LL","2075",0.4,0.76,0,106,0,44,50,59.22,0,0,0,0.5,18.7824222109547,5601
"p346","ssp370","UKESM1-0-LL","2075",0.33,0.7,0,107,0.2,45,51,75.6,0,0,0.1,0.1,18.805087959413,5602
"p346","ssp370","UKESM1-0-LL","2075",0.47,0.99,0,115,0.1,47,54,76.31,0,0,0.1,0.45,18.0249303560643,5603
"p346","ssp370","UKESM1-0-LL","2075",0.23,0.67,0,120,0.1,58,64,66.71,0,0,0.1,0.05,18.778304551762,5604
"p346","ssp370","UKESM1-0-LL","2075",0.52,0.6,0,109,0.1,50,56,73.71,0,0,0,0.15,18.5711182730904,5605
"p346","ssp370","UKESM1-0-LL","2075",0.18,0.74,0,106,0.2,47,53,69.98,0.1,0,0.3,0.5,18.3160522421705,5606
"p346","ssp370","UKESM1-0-LL","2075",0.42,0.82,0,111,0,45,62,78.99,0,0,0.3,0,18.7194124688718,5607
"p346","ssp370","UKESM1-0-LL","2075",0.37,0.79,0,114,0.1,45,51,63.12,0,0,0.2,0.9,18.8987012176067,5608
"p346","ssp370","UKESM1-0-LL","2075",0.39,0.65,0,120,0.1,45,51,73.45,0,0,0.1,0.5,19.2090025753904,5609
"p346","ssp370","UKESM1-0-LL","2075",0.19,0.41,0,112,0.1,45,51,76.63,0.1,0,0,0,17.0584024374922,5610
"p346","ssp370","UKESM1-0-LL","2075",0.34,0.6,0,116,0.2,45,54,64.01,0.1,0,0.1,0.45,19.0911584684979,5611
"p346","ssp370","UKESM1-0-LL","2075",0.3,0.87,0,116,0.1,58,64,84.19,0,0,0.1,0.2,18.4171801299676,5612
"p346","ssp370","UKESM1-0-LL","2075",0.42,0.51,0.25,107,0,51,57,63.84,0,0,0.2,0,18.2344753217098,5613
"p346","ssp370","UKESM1-0-LL","2075",0.44,0.81,0,99,0.1,46,52,66.48,0,0,0.2,0.6,17.9815175819543,5614
"p346","ssp370","UKESM1-0-LL","2075",0.35,0.67,0,104,0.1,50,56,66.52,0,0,0,0.1,18.595200262673,5615
"p346","ssp370","UKESM1-0-LL","2075",0.36,0.8,0.2,119,0,45,51,65.8,0,0,0.1,0.4,19.0631149972617,5616
"p346","ssp370","UKESM1-0-LL","2075",0.28,0.59,0,105,0.4,45,51,70.31,0,0,0.1,0.25,17.986054333169,5617
"p346","ssp370","UKESM1-0-LL","2075",0.33,0.73,0,112,0,47,56,74.07,0,0,0.1,0.15,18.9417163488059,5618
"p346","ssp370","UKESM1-0-LL","2075",0.69,0.7,0,108,0.3,50,56,70.24,0,0,0.1,0.2,18.5965605096086,5619
"p346","ssp370","UKESM1-0-LL","2075",0.67,0.6,0,106,0.1,48,54,74.26,0,0,0.4,0.3,18.5381090830086,5620
"p346","ssp370","UKESM1-0-LL","2075",0.6,1,0,111,0,58,64,70.79,0,0,0,0.55,19.466780069011,5621
"p346","ssp370","UKESM1-0-LL","2075",0.4,0.77,0.25,108,0.3,70,76,86.07,0,0,0.1,0.45,18.9723139855808,5622
"p346","ssp370","UKESM1-0-LL","2075",0.38,0.63,0,105,0.1,44,50,60.8,0.1,0,0.1,0.35,18.370151979545,5623
"p346","ssp370","UKESM1-0-LL","2075",0.31,0.87,0,116,0.1,44,50,74.89,0,0,0.1,0.15,19.4435474928934,5624
"p346","ssp370","UKESM1-0-LL","2075",0.44,0.67,0,104,0.1,48,54,72.73,0,0,0.4,0.65,18.5817130381227,5625
"p346","ssp370","UKESM1-0-LL","2075",0.22,0.73,0,120,0,49,55,73.73,0,0,0,0.2,19.8361260743023,5626
"p346","ssp370","UKESM1-0-LL","2075",0.38,0.6,0,114,0,63,69,94.63,0,0,0.3,0.2,19.6322750482158,5627
"p346","ssp370","UKESM1-0-LL","2075",0.4,0.75,0,100,0.3,46,52,66.45,0,0,0,0.45,18.903427102008,5628
"p346","ssp370","UKESM1-0-LL","2075",0.55,0.69,0,104,0,46,52,73.46,0,0,0,0.25,19.1805361332804,5629
"p346","ssp370","UKESM1-0-LL","2075",0.35,0.93,0,112,0,45,51,72.69,0,0,0.2,0.9,19.0202167705559,5630
"p346","ssp370","UKESM1-0-LL","2075",0.45,0.82,0,115,0.1,46,52,70.96,0,0,0.1,0.05,17.9178999827956,5631
"p346","ssp370","UKESM1-0-LL","2075",0.27,0.38,0.2,110,0.3,56,62,82.81,0,0,0,0.1,19.2530334467686,5632
"p346","ssp370","UKESM1-0-LL","2075",0.52,0.85,0,112,0.2,55,67,77.25,0,0,0.1,0,18.618509818219,5633
"p346","ssp370","UKESM1-0-LL","2075",0.49,0.75,0,106,0,51,57,74.97,0,0,0,0.75,19.2956737385455,5634
"p346","ssp370","UKESM1-0-LL","2075",0.31,0.52,0,111,0.15,49,55,71.73,0,0,0.3,0.4,17.7708883623951,5635
"p346","ssp370","UKESM1-0-LL","2075",0.54,0.97,0,108,0.1,61,67,87.4,0,0,0,0.1,18.7457857889771,5636
"p346","ssp370","UKESM1-0-LL","2075",0.46,0.98,0.25,115,0,74,80,87.29,0,0,0,0.4,18.2213396636339,5637
"p346","ssp370","UKESM1-0-LL","2075",0.32,0.73,0,103,0,43,49,65.32,0,0,0,0.3,19.2599127376288,5638
"p346","ssp370","UKESM1-0-LL","2075",0.34,0.45,0,106,0.1,46,52,66.27,0.1,0,0.1,0.75,17.7755253350968,5639
"p346","ssp370","UKESM1-0-LL","2075",0.43,0.6,0,104,0,46,52,72.86,0,0,0.2,0.4,18.2074393298972,5640
"p346","ssp370","UKESM1-0-LL","2075",0.51,1,0,115,0.1,46,52,60.27,0,0,0,0.25,18.777900788257,5641
"p346","ssp370","UKESM1-0-LL","2075",0.38,0.99,0,110,0,53,59,82.09,0,0,0.1,0.15,19.7081267014567,5642
"p346","ssp370","UKESM1-0-LL","2075",0.31,0.76,0,101,0.2,55,69,79.97,0,0,0.1,0.5,18.4080179602184,5643
"p346","ssp370","UKESM1-0-LL","2075",0.34,0.69,0.2,113,0.1,56,62,78.94,0,0,0,0.2,18.7498611088648,5644
"p346","ssp370","UKESM1-0-LL","2075",0.3,0.84,0,110,0.1,57,72,78.15,0,0,0.3,0.1,18.8693284633367,5645
"p346","ssp370","UKESM1-0-LL","2075",0.39,0.85,0,117,0.1,48,54,72.3,0,0,0.1,0.4,19.3110433828039,5646
"p346","ssp370","UKESM1-0-LL","2075",0.31,0.6,0,92,0.1,60,72,85.86,0,0,0,0.15,18.1813532013288,5647
"p346","ssp370","UKESM1-0-LL","2075",0.33,0.48,0,97,0,50,56,80.28,0,0,0.2,0.55,18.7693313391308,5648
"p346","ssp370","UKESM1-0-LL","2075",0.55,0.87,0,110,0,60,66,91.21,0,0,0.3,0.15,19.3115266335765,5649
"p346","ssp370","UKESM1-0-LL","2075",0.24,0.47,0.3,104,0,47,53,67.55,0,0,0,0.05,17.2180106445592,5650
"p346","ssp370","UKESM1-0-LL","2075",0.23,0.25,0.4,99,0.1,45,51,62.72,0,0,0.2,0.35,18.8680997220881,5651
"p346","ssp370","UKESM1-0-LL","2075",0.37,0.55,0.25,120,0,47,53,71.74,0,0,0.2,0,18.8847015075876,5652
"p346","ssp370","UKESM1-0-LL","2075",0.32,0.65,0.25,111,0.3,51,57,72.51,0,0,0,0.35,19.3284740819643,5653
"p346","ssp370","UKESM1-0-LL","2075",0.36,0.86,0,117,0,46,52,69.25,0,0,0.3,0.55,19.1230879616163,5654
"p346","ssp370","UKESM1-0-LL","2075",0.44,0.91,0,116,0,53,59,73.72,0,0,0.3,0.35,18.8116687122136,5655
"p346","ssp370","UKESM1-0-LL","2075",0.27,0.76,0,107,0.6,45,70,69.83,0,0,0.4,0,19.335297094601,5656
"p346","ssp370","UKESM1-0-LL","2075",0.16,0.63,0,125,0.1,46,52,70.26,0.2,0,0.1,0.3,18.7173759478356,5657
"p346","ssp370","UKESM1-0-LL","2075",0.14,0.65,0,102,0.2,50,70,77.24,0,0,0,0.15,19.4370285617001,5658
"p346","ssp370","UKESM1-0-LL","2075",0.4,0.86,0,115,0,52,58,67.29,0,0,0.1,0.15,19.0369904572051,5659
"p346","ssp370","UKESM1-0-LL","2075",0.19,0.68,0,108,0,62,68,78.28,0,0,0,0.3,19.0592638456644,5660
"p346","ssp370","UKESM1-0-LL","2075",0.37,0.57,0,105,0.1,56,62,83.88,0,0,0.3,0.15,18.1516063417624,5661
"p346","ssp370","UKESM1-0-LL","2075",0.26,0.73,0,105,0,44,50,75.95,0.1,0,0,0.2,18.3263554952237,5662
"p346","ssp370","UKESM1-0-LL","2075",0.26,0.8,0,121,0.1,58,64,78.92,0,0,0.4,0.55,19.4534145181294,5663
"p346","ssp370","UKESM1-0-LL","2075",0.33,0.79,0,106,0,44,50,74.52,0,0,0.3,0.35,18.7515459843012,5664
"p346","ssp370","UKESM1-0-LL","2075",0.25,0.53,0,95,0,48,54,74.83,0,0,0.2,0.1,18.9718252036308,5665
"p346","ssp370","UKESM1-0-LL","2075",0.15,0.53,0,108,0.1,73,79,93.74,0,0,0,0.3,19.6949217472354,5666
"p346","ssp370","UKESM1-0-LL","2075",0.31,0.22,0,105,0.1,46,59,62.25,0,0,0.2,0.05,19.2712071611508,5667
"p346","ssp370","UKESM1-0-LL","2075",0.37,0.65,0,120,0.1,54,65,80.23,0,0,0.1,0.1,19.0237296147222,5668
"p346","ssp370","UKESM1-0-LL","2075",0.36,0.77,0,105,0.1,67,73,80.91,0,0,0.2,0.65,19.1119031333666,5669
"p346","ssp370","UKESM1-0-LL","2075",0.45,0.74,0,106,0.1,44,50,70.23,0,0,0.1,0.35,18.3357134630397,5670
"p346","ssp370","UKESM1-0-LL","2075",0.15,0.64,0.2,109,0.2,47,53,72.05,0,0,0.2,0.05,18.8360763656036,5671
"p346","ssp370","UKESM1-0-LL","2075",0.25,0.68,0,113,0.1,57,63,66.21,0,0,0,0.05,18.9659532696782,5672
"p346","ssp370","UKESM1-0-LL","2075",0.19,0.77,0,120,0,57,78,73.34,0,0,0.1,0.5,19.6709165623008,5673
"p346","ssp370","UKESM1-0-LL","2075",0.46,0.75,0,113,0.1,44,50,62.29,0,0,0.1,0.05,17.8197164342422,5674
"p346","ssp370","UKESM1-0-LL","2075",0.32,0.67,0,96,0.1,48,54,69.25,0,0,0.1,0.2,18.805080988536,5675
"p346","ssp370","UKESM1-0-LL","2075",0.25,0.71,0,104,0.1,50,56,84.28,0,0,0,0.25,18.2175680397423,5676
"p346","ssp370","UKESM1-0-LL","2075",0.36,0.92,0,114,0.1,56,62,87.31,0,0,0.2,1,19.0903626589258,5677
"p346","ssp370","UKESM1-0-LL","2075",0.28,0.76,0,107,0.1,54,62,78.8,0,0,0.1,0,19.4657038460026,5678
"p346","ssp370","UKESM1-0-LL","2075",0.15,0.52,0,108,0.2,45,51,75.94,0,0,0.3,0.35,19.6698550437399,5679
"p346","ssp370","UKESM1-0-LL","2075",0.23,0.67,0.25,109,0,66,72,78.69,0,0,0.2,0.2,18.8643293754372,5680
"p346","ssp370","UKESM1-0-LL","2075",0.35,0.83,0,127,0,45,51,63.82,0,0,0.3,0,17.6656469009694,5681
"p346","ssp370","UKESM1-0-LL","2075",0.52,0.82,0,102,0,45,58,62.24,0,0,0.2,0,19.1811846893647,5682
"p346","ssp370","UKESM1-0-LL","2075",0.29,0.62,0,106,0.1,45,51,75.56,0,0,0.4,0,17.9102690121503,5683
"p346","ssp370","UKESM1-0-LL","2075",0.11,0.35,0,104,0,74,87,90.79,0,0,0.1,0.35,19.1056008758753,5684
"p346","ssp370","UKESM1-0-LL","2075",0.34,0.62,0,108,0.3,74,80,86.5,0,0,0,0.4,19.1241699279406,5685
"p346","ssp370","UKESM1-0-LL","2075",0.24,0.43,0,107,0.3,46,52,71.4,0,0,0.2,0.45,18.3354016816837,5686
"p346","ssp370","UKESM1-0-LL","2075",0.42,0.6,0,105,0.1,50,68,68.82,0,0,0.2,0.05,18.8962315657752,5687
"p346","ssp370","UKESM1-0-LL","2075",0.42,0.97,0,126,0,48,54,72.41,0,0,0.1,0.3,18.6307885404062,5688
"p346","ssp370","UKESM1-0-LL","2075",0.34,0.48,0,114,0.1,61,67,88.84,0,0,0,0,18.2875368612931,5689
"p346","ssp370","UKESM1-0-LL","2075",0.19,0.7,0.2,95,0.2,47,68,71.85,0,0,0.3,0,19.0154040465976,5690
"p346","ssp370","UKESM1-0-LL","2075",0.28,0.5,0,109,0.3,68,75,95.87,0,0,0.1,0,18.8550660315095,5691
"p346","ssp370","UKESM1-0-LL","2075",0.28,0.71,0,115,0,46,59,62.15,0,0,0.8,0.05,19.048820313103,5692
"p346","ssp370","UKESM1-0-LL","2075",0.26,1,0,121,0,57,63,69.23,0,0,0,0.75,17.5032348391886,5693
"p346","ssp370","UKESM1-0-LL","2075",0.24,0.63,0,109,0.1,54,60,84.33,0,0,0.1,0,19.150253536039,5694
"p346","ssp370","UKESM1-0-LL","2075",0.26,0.85,0.25,114,0.1,48,54,62.89,0,0,0.1,0.1,17.685675045905,5695
"p346","ssp370","UKESM1-0-LL","2075",0.13,0.64,0.2,111,0.1,44,50,59.5,0,0,0.1,0,17.847884622436,5696
"p346","ssp370","UKESM1-0-LL","2075",0.51,0.9,0,103,0.1,51,57,69.05,0,0,0.2,0.1,18.5538261028171,5697
"p346","ssp370","UKESM1-0-LL","2075",0.37,0.88,0.2,100,0.1,53,59,76.33,0,0,0,0.4,19.4050654291075,5698
"p346","ssp370","UKESM1-0-LL","2075",0.31,0.73,0,93,0,51,65,73.15,0,0,0.1,0.25,19.495999303934,5699
"p346","ssp370","UKESM1-0-LL","2075",0.29,0.54,0,115,0,56,62,75.14,0,0,0.1,0.05,18.5993798202851,5700
"p346","ssp585","ACCESS-CM2","2075",0.41,0.49,0,110,0,44,50,64.29,0,0,0,0.3,18.5938222439195,5701
"p346","ssp585","ACCESS-CM2","2075",0.28,0.54,0.25,108,0.2,44,50,74.61,0,0,0.2,0.05,18.6508399719377,5702
"p346","ssp585","ACCESS-CM2","2075",0.47,0.91,0,117,0.1,47,54,78.92,0,0,0.1,0.25,18.0823979187955,5703
"p346","ssp585","ACCESS-CM2","2075",0.23,0.71,0,119,0.1,58,64,71.74,0,0,0.2,0,18.6420978358175,5704
"p346","ssp585","ACCESS-CM2","2075",0.47,0.43,0,111,0.1,50,56,76.94,0,0,0.1,0.1,18.304072161551,5705
"p346","ssp585","ACCESS-CM2","2075",0.18,0.76,0,111,0.1,47,53,75.22,0.1,0,0.3,0.35,17.9575826417861,5706
"p346","ssp585","ACCESS-CM2","2075",0.42,0.73,0,115,0,44,50,79.26,0,0,0.4,0,18.087956237286,5707
"p346","ssp585","ACCESS-CM2","2075",0.37,0.78,0,114,0,45,51,66.29,0,0,0.2,0.7,18.8826542062163,5708
"p346","ssp585","ACCESS-CM2","2075",0.39,0.68,0,119,0.2,45,51,75.55,0,0,0.2,0.4,18.9955678137861,5709
"p346","ssp585","ACCESS-CM2","2075",0.13,0.34,0,113,0,45,51,78.92,0.2,0,0.1,0,17.0966570835417,5710
"p346","ssp585","ACCESS-CM2","2075",0.34,0.5,0,118,0.2,45,53,67.3,0.1,0,0.2,0.3,18.9779402990623,5711
"p346","ssp585","ACCESS-CM2","2075",0.3,0.74,0,118,0.1,57,63,86.22,0,0,0.1,0.15,18.3352560498397,5712
"p346","ssp585","ACCESS-CM2","2075",0.42,0.32,0.25,110,0,51,57,69.28,0,0,0.2,0,18.0413172329275,5713
"p346","ssp585","ACCESS-CM2","2075",0.33,0.75,0,101,0.2,46,52,69.81,0,0,0.4,0.45,17.7574841239837,5714
"p346","ssp585","ACCESS-CM2","2075",0.35,0.75,0,108,0,49,55,70.53,0,0,0,0.05,18.2990305434721,5715
"p346","ssp585","ACCESS-CM2","2075",0.36,0.79,0,120,0,45,51,68.58,0,0,0.1,0.3,18.9236140253058,5716
"p346","ssp585","ACCESS-CM2","2075",0.21,0.5,0,108,0.2,45,51,73.58,0,0,0.2,0.05,18.0454360546248,5717
"p346","ssp585","ACCESS-CM2","2075",0.33,0.74,0,120,0,47,55,78.31,0,0,0.2,0.05,19.011069970377,5718
"p346","ssp585","ACCESS-CM2","2075",0.67,0.57,0,111,0.1,47,53,70.45,0,0,0.1,0,18.5890137255606,5719
"p346","ssp585","ACCESS-CM2","2075",0.66,0.43,0,107,0.2,48,54,77.85,0,0,0.4,0.1,18.6511997362558,5720
"p346","ssp585","ACCESS-CM2","2075",0.6,0.93,0,113,0,58,64,73.92,0,0,0,0.35,19.4474922929534,5721
"p346","ssp585","ACCESS-CM2","2075",0.4,0.69,0.25,108,0.1,59,71,83.44,0,0,0.2,0.4,18.5680852833729,5722
"p346","ssp585","ACCESS-CM2","2075",0.38,0.68,0,112,0,44,50,67.99,0.1,0,0.1,0.1,18.254113728514,5723
"p346","ssp585","ACCESS-CM2","2075",0.3,0.83,0,117,0.1,44,50,76.25,0,0,0.1,0.15,19.392940564452,5724
"p346","ssp585","ACCESS-CM2","2075",0.39,0.49,0,108,0,48,54,73.68,0,0,0.5,0.45,18.5383381233595,5725
"p346","ssp585","ACCESS-CM2","2075",0.22,0.55,0,122,0.1,49,55,77.19,0,0,0,0.2,19.6755686973425,5726
"p346","ssp585","ACCESS-CM2","2075",0.38,0.58,0,116,0,62,68,93.62,0,0,0.4,0.1,19.4437910668354,5727
"p346","ssp585","ACCESS-CM2","2075",0.32,0.9,0,105,0.4,46,52,68.74,0,0,0,0.3,18.7166078833337,5728
"p346","ssp585","ACCESS-CM2","2075",0.55,0.82,0,112,0,46,52,76.63,0,0,0.2,0.2,19.0988867379048,5729
"p346","ssp585","ACCESS-CM2","2075",0.35,0.72,0,115,0,45,51,74.26,0,0,0.2,0.65,18.8523623982389,5730
"p346","ssp585","ACCESS-CM2","2075",0.41,0.75,0,117,0,46,52,71.85,0,0,0.1,0.05,17.7297204690678,5731
"p346","ssp585","ACCESS-CM2","2075",0.27,0.38,0,111,0.1,56,62,85.16,0,0,0.1,0,19.2757311931972,5732
"p346","ssp585","ACCESS-CM2","2075",0.51,0.87,0,112,0.2,54,64,79.16,0,0,0.1,0,18.33129621523,5733
"p346","ssp585","ACCESS-CM2","2075",0.48,0.83,0,107,0,51,57,79.92,0,0,0,0.45,19.1008258256916,5734
"p346","ssp585","ACCESS-CM2","2075",0.31,0.64,0,111,0.15,49,55,75.38,0,0,0.3,0.1,17.6038234080404,5735
"p346","ssp585","ACCESS-CM2","2075",0.48,1,0,111,0.1,60,66,87.89,0,0,0,0.05,18.5297942918429,5736
"p346","ssp585","ACCESS-CM2","2075",0.46,1,0.25,118,0.1,72,78,88.48,0,0,0,0.4,17.8205359467347,5737
"p346","ssp585","ACCESS-CM2","2075",0.32,0.83,0,107,0,43,49,68.41,0,0,0,0.1,18.9843283135814,5738
"p346","ssp585","ACCESS-CM2","2075",0.34,0.38,0,109,0.3,46,52,71.25,0.1,0,0.1,0.55,17.5538817566586,5739
"p346","ssp585","ACCESS-CM2","2075",0.42,0.53,0,108,0,46,52,75.69,0,0,0.3,0.15,18.3441186572765,5740
"p346","ssp585","ACCESS-CM2","2075",0.46,1,0,118,0.1,45,51,63.35,0,0,0.1,0.1,18.7246696351982,5741
"p346","ssp585","ACCESS-CM2","2075",0.38,0.82,0,110,0,52,58,82.88,0,0,0.2,0.05,19.5322408853807,5742
"p346","ssp585","ACCESS-CM2","2075",0.31,0.75,0,108,0.1,55,68,82.98,0,0,0.1,0.3,18.2310030093985,5743
"p346","ssp585","ACCESS-CM2","2075",0.29,0.7,0.2,116,0.1,56,62,84.41,0,0,0,0.05,18.5421518568353,5744
"p346","ssp585","ACCESS-CM2","2075",0.3,0.96,0.2,116,0,55,61,79.89,0,0,0.4,0.05,18.0615805079012,5745
"p346","ssp585","ACCESS-CM2","2075",0.39,0.95,0,124,0.1,48,54,74.68,0,0,0.1,0.25,19.074907605497,5746
"p346","ssp585","ACCESS-CM2","2075",0.31,0.64,0,99,0.1,60,66,88.32,0,0,0.1,0.15,17.8077903846817,5747
"p346","ssp585","ACCESS-CM2","2075",0.33,0.78,0,105,0,50,56,82.6,0,0,0.3,0.25,18.5163915662004,5748
"p346","ssp585","ACCESS-CM2","2075",0.5,0.74,0,113,0,54,62,88.47,0,0,0.3,0.1,19.2250477356764,5749
"p346","ssp585","ACCESS-CM2","2075",0.29,0.29,0.3,104,0.1,47,53,70.97,0.1,0,0,0.05,17.0942666739513,5750
"p346","ssp585","ACCESS-CM2","2075",0.22,0.25,0.4,102,0.1,44,50,64.74,0,0,0.2,0.35,18.7625641218992,5751
"p346","ssp585","ACCESS-CM2","2075",0.42,0.46,0.25,121,0,47,53,75,0,0,0.2,0,18.7914365688159,5752
"p346","ssp585","ACCESS-CM2","2075",0.31,0.67,0.25,114,0.25,51,57,72.85,0,0,0,0.25,19.0125949316476,5753
"p346","ssp585","ACCESS-CM2","2075",0.35,0.78,0,120,0,46,52,72.42,0,0,0.3,0.4,18.9919257660475,5754
"p346","ssp585","ACCESS-CM2","2075",0.44,0.79,0,117,0,53,59,74.26,0,0,0.4,0.3,19.1391571173092,5755
"p346","ssp585","ACCESS-CM2","2075",0.27,0.8,0,109,0.6,45,70,73.34,0,0,0.4,0,19.1938729986746,5756
"p346","ssp585","ACCESS-CM2","2075",0.16,0.6,0,125,0,46,52,72.08,0.1,0,0.1,0.05,18.7667553720139,5757
"p346","ssp585","ACCESS-CM2","2075",0.14,0.64,0,105,0.2,47,65,77.99,0,0,0,0.1,19.3519779794832,5758
"p346","ssp585","ACCESS-CM2","2075",0.4,0.86,0,117,0,52,58,70.98,0,0,0.1,0.05,18.8550768699938,5759
"p346","ssp585","ACCESS-CM2","2075",0.19,0.61,0.2,108,0,62,68,78.89,0,0,0,0.1,18.8233628050137,5760
"p346","ssp585","ACCESS-CM2","2075",0.26,0.5,0.2,110,0,56,62,83.45,0,0,0.3,0.15,18.0032066377204,5761
"p346","ssp585","ACCESS-CM2","2075",0.26,0.57,0,109,0,44,50,76.71,0.1,0,0,0.05,18.1544178333951,5762
"p346","ssp585","ACCESS-CM2","2075",0.26,0.7,0,119,0,58,64,79.43,0,0,0.4,0.55,19.3068171908803,5763
"p346","ssp585","ACCESS-CM2","2075",0.29,0.72,0,106,0.1,44,50,74.66,0,0,0.4,0.1,18.7717398660325,5764
"p346","ssp585","ACCESS-CM2","2075",0.22,0.55,0,101,0,48,54,79.7,0,0,0.2,0.05,18.7470961188704,5765
"p346","ssp585","ACCESS-CM2","2075",0.15,0.73,0,112,0.1,68,76,93.98,0,0,0.1,0.2,19.5779343447425,5766
"p346","ssp585","ACCESS-CM2","2075",0.31,0.29,0,112,0.1,46,58,64.15,0,0,0.2,0,19.3392933819491,5767
"p346","ssp585","ACCESS-CM2","2075",0.31,0.79,0,121,0.1,54,64,81.03,0.1,0,0.1,0,18.644500528355,5768
"p346","ssp585","ACCESS-CM2","2075",0.3,0.77,0,107,0,67,73,86.52,0,0,0.3,0.3,19.1550974340311,5769
"p346","ssp585","ACCESS-CM2","2075",0.35,0.89,0,111,0.1,44,50,72.74,0,0,0.1,0.25,18.0641858511348,5770
"p346","ssp585","ACCESS-CM2","2075",0.15,0.57,0,108,0.2,47,53,74.67,0,0,0.2,0.05,18.6950664745691,5771
"p346","ssp585","ACCESS-CM2","2075",0.25,0.68,0,119,0.1,57,63,73.89,0,0,0,0.05,18.8500167689067,5772
"p346","ssp585","ACCESS-CM2","2075",0.14,0.52,0,120,0,55,75,73.92,0,0,0.1,0.3,19.4368502287495,5773
"p346","ssp585","ACCESS-CM2","2075",0.46,0.68,0,114,0.1,44,50,64.12,0,0,0.1,0,17.688680747574,5774
"p346","ssp585","ACCESS-CM2","2075",0.32,0.54,0,99,0.1,48,54,70.56,0,0,0.2,0.2,18.7409751678872,5775
"p346","ssp585","ACCESS-CM2","2075",0.17,0.66,0,103,0,50,56,85.59,0,0,0,0.2,18.2394653924919,5776
"p346","ssp585","ACCESS-CM2","2075",0.36,0.68,0,116,0.1,56,62,87.21,0,0,0.2,0.7,18.7892792803471,5777
"p346","ssp585","ACCESS-CM2","2075",0.23,0.57,0,115,0,54,61,80.05,0,0,0.1,0,19.2256422710268,5778
"p346","ssp585","ACCESS-CM2","2075",0.15,0.49,0,108,0.2,45,51,75.81,0,0,0.5,0.2,19.4999697816933,5779
"p346","ssp585","ACCESS-CM2","2075",0.21,0.56,0.25,113,0,65,71,83.43,0,0,0.5,0.2,18.7955847263388,5780
"p346","ssp585","ACCESS-CM2","2075",0.35,0.7,0,128,0,45,51,68.32,0,0,0.3,0,17.3755167267545,5781
"p346","ssp585","ACCESS-CM2","2075",0.52,0.8,0,105,0,45,58,67.89,0,0,0.2,0,19.2970467410336,5782
"p346","ssp585","ACCESS-CM2","2075",0.28,0.62,0,108,0.1,45,51,76.73,0,0,0.4,0,17.6589730321503,5783
"p346","ssp585","ACCESS-CM2","2075",0.11,0.35,0,106,0,48,77,75.7,0,0,0.1,0.1,18.5063732404682,5784
"p346","ssp585","ACCESS-CM2","2075",0.34,0.63,0,112,0.4,74,80,91.06,0,0,0,0.3,18.9650789640644,5785
"p346","ssp585","ACCESS-CM2","2075",0.24,0.45,0.2,110,0.1,46,52,74.88,0,0,0.2,0.15,18.2788286258324,5786
"p346","ssp585","ACCESS-CM2","2075",0.42,0.71,0.2,113,0.1,50,61,73.3,0,0,0.2,0,18.2509833808444,5787
"p346","ssp585","ACCESS-CM2","2075",0.42,0.99,0,127,0,48,54,75.93,0,0,0.1,0.15,18.6917965627512,5788
"p346","ssp585","ACCESS-CM2","2075",0.34,0.56,0,116,0.1,61,67,90.36,0,0,0,0,18.1456301435023,5789
"p346","ssp585","ACCESS-CM2","2075",0.11,0.65,0.2,97,0.2,47,66,72.16,0,0,0.3,0,18.6950137126174,5790
"p346","ssp585","ACCESS-CM2","2075",0.26,0.49,0,115,0.2,67,73,96.57,0,0,0.1,0,18.5100970681834,5791
"p346","ssp585","ACCESS-CM2","2075",0.28,0.5,0,120,0,46,59,67.81,0,0,0.9,0,18.8331299721791,5792
"p346","ssp585","ACCESS-CM2","2075",0.21,0.79,0,120,0,57,63,74.16,0.1,0,0,0.3,17.3045144492228,5793
"p346","ssp585","ACCESS-CM2","2075",0.24,0.57,0,113,0.1,54,60,85.79,0,0,0.1,0,19.1381993722388,5794
"p346","ssp585","ACCESS-CM2","2075",0.26,0.74,0.25,116,0,48,54,67.73,0,0,0.1,0.05,17.3557335514518,5795
"p346","ssp585","ACCESS-CM2","2075",0.13,0.65,0.2,114,0.2,44,50,60.14,0,0,0.1,0,17.9343622694526,5796
"p346","ssp585","ACCESS-CM2","2075",0.42,0.87,0,106,0,50,56,73.43,0,0,0.3,0,18.4206619778333,5797
"p346","ssp585","ACCESS-CM2","2075",0.37,0.82,0.2,105,0.1,53,59,78.03,0,0,0,0.2,18.9925974593101,5798
"p346","ssp585","ACCESS-CM2","2075",0.28,0.82,0,97,0.1,50,64,77.91,0,0,0.1,0.15,19.356750176382,5799
"p346","ssp585","ACCESS-CM2","2075",0.29,0.46,0,118,0,56,62,78.25,0,0,0.1,0,18.4158265199039,5800
"p346","ssp585","AWI-CM-1-1-MR","2075",0.41,0.73,0,102,0,44,50,63.3,0,0,0,0.35,18.9700472754104,5801
"p346","ssp585","AWI-CM-1-1-MR","2075",0.35,0.57,0,105,0.1,44,50,75.36,0,0,0.1,0.05,19.2182129483434,5802
"p346","ssp585","AWI-CM-1-1-MR","2075",0.47,0.88,0,113,0.1,47,53,77.84,0,0,0,0.15,18.3723787452255,5803
"p346","ssp585","AWI-CM-1-1-MR","2075",0.29,0.64,0,118,0.1,58,64,72.5,0,0,0,0,18.9743462585216,5804
"p346","ssp585","AWI-CM-1-1-MR","2075",0.52,0.49,0,109,0.1,50,56,79.02,0,0,0,0.05,18.8856632823941,5805
"p346","ssp585","AWI-CM-1-1-MR","2075",0.18,0.72,0,106,0.2,46,52,70.43,0,0,0.2,0.35,18.5690546829098,5806
"p346","ssp585","AWI-CM-1-1-MR","2075",0.42,0.78,0,112,0,44,50,74.96,0,0,0.1,0,18.4314566207574,5807
"p346","ssp585","AWI-CM-1-1-MR","2075",0.37,0.76,0,110,0,44,50,67.72,0,0,0,0.5,19.2314012876825,5808
"p346","ssp585","AWI-CM-1-1-MR","2075",0.39,0.51,0,120,0.1,45,51,77.97,0,0,0.1,0.25,19.2422755034286,5809
"p346","ssp585","AWI-CM-1-1-MR","2075",0.19,0.3,0,111,0,45,51,75,0,0,0,0,17.2186980420285,5810
"p346","ssp585","AWI-CM-1-1-MR","2075",0.34,0.63,0,116,0.2,44,52,66.87,0,0,0.2,0.2,18.8773025612661,5811
"p346","ssp585","AWI-CM-1-1-MR","2075",0.32,0.7,0,118,0.1,57,63,85.73,0,0,0.1,0.15,18.8784412211331,5812
"p346","ssp585","AWI-CM-1-1-MR","2075",0.42,0.44,0.25,105,0,51,57,65.28,0,0,0.2,0,18.7973013225446,5813
"p346","ssp585","AWI-CM-1-1-MR","2075",0.5,0.9,0,97,0.1,46,52,68.54,0,0,0.1,0.45,18.3475196216877,5814
"p346","ssp585","AWI-CM-1-1-MR","2075",0.35,0.76,0,99,0.1,49,55,72.61,0,0,0,0.05,18.8052545164174,5815
"p346","ssp585","AWI-CM-1-1-MR","2075",0.36,0.75,0,119,0,45,51,64.73,0,0,0,0.25,19.0674350949525,5816
"p346","ssp585","AWI-CM-1-1-MR","2075",0.35,0.65,0,106,0.2,45,51,71.45,0,0,0.1,0.05,18.5829928057284,5817
"p346","ssp585","AWI-CM-1-1-MR","2075",0.33,0.55,0,116,0,46,53,73.83,0,0,0.1,0,18.9978520779251,5818
"p346","ssp585","AWI-CM-1-1-MR","2075",0.72,0.41,0,105,0.1,47,53,69.13,0,0,0.1,0,18.6206592770762,5819
"p346","ssp585","AWI-CM-1-1-MR","2075",0.69,0.57,0,99,0.1,48,54,79.4,0,0,0.2,0.05,18.7110707892042,5820
"p346","ssp585","AWI-CM-1-1-MR","2075",0.63,0.94,0,113,0,58,64,73.67,0,0,0,0.2,19.8558353300743,5821
"p346","ssp585","AWI-CM-1-1-MR","2075",0.43,0.67,0.25,107,0.1,58,70,85.72,0,0,0.1,0.35,19.0110817498347,5822
"p346","ssp585","AWI-CM-1-1-MR","2075",0.38,0.65,0,107,0.1,44,50,60.61,0,0,0,0.1,18.778873083429,5823
"p346","ssp585","AWI-CM-1-1-MR","2075",0.31,0.82,0,118,0.1,44,50,73.79,0,0,0.1,0,19.491076121601,5824
"p346","ssp585","AWI-CM-1-1-MR","2075",0.44,0.52,0,105,0.1,48,54,67.4,0,0,0.1,0.35,19.1050918896863,5825
"p346","ssp585","AWI-CM-1-1-MR","2075",0.24,0.69,0,120,0,49,55,74.5,0,0,0,0.1,20.1301167996993,5826
"p346","ssp585","AWI-CM-1-1-MR","2075",0.38,0.57,0,104,0,62,68,96.69,0,0,0.2,0.05,19.75187945704,5827
"p346","ssp585","AWI-CM-1-1-MR","2075",0.4,0.8,0,101,0.3,46,52,68.87,0,0,0,0.1,19.1494517280629,5828
"p346","ssp585","AWI-CM-1-1-MR","2075",0.55,0.79,0,102,0,45,51,74.24,0,0,0,0.05,19.3177898559734,5829
"p346","ssp585","AWI-CM-1-1-MR","2075",0.37,0.68,0,112,0,44,50,73.56,0,0,0.2,0.65,19.3127467114081,5830
"p346","ssp585","AWI-CM-1-1-MR","2075",0.45,0.76,0,112,0,45,51,72.78,0,0,0,0,18.231188068941,5831
"p346","ssp585","AWI-CM-1-1-MR","2075",0.28,0.38,0,110,0.2,56,62,85.04,0,0,0,0,19.7351341120988,5832
"p346","ssp585","AWI-CM-1-1-MR","2075",0.53,0.74,0,113,0.2,54,64,75.07,0,0,0.1,0,18.9613216762482,5833
"p346","ssp585","AWI-CM-1-1-MR","2075",0.5,0.76,0,107,0,51,57,76.01,0,0,0,0.25,19.2944561982763,5834
"p346","ssp585","AWI-CM-1-1-MR","2075",0.36,0.47,0,112,0.15,48,54,71.68,0,0,0.1,0.15,18.0550341240485,5835
"p346","ssp585","AWI-CM-1-1-MR","2075",0.54,0.86,0,107,0,60,66,88.72,0,0,0,0.1,19.0634800699465,5836
"p346","ssp585","AWI-CM-1-1-MR","2075",0.46,0.98,0.25,112,0,72,78,88.79,0,0,0,0,18.6817972162154,5837
"p346","ssp585","AWI-CM-1-1-MR","2075",0.32,0.82,0,104,0,43,49,64.82,0,0,0.1,0.15,19.342995630023,5838
"p346","ssp585","AWI-CM-1-1-MR","2075",0.37,0.44,0,107,0.1,46,52,69.62,0,0,0.1,0.25,18.3028270759444,5839
"p346","ssp585","AWI-CM-1-1-MR","2075",0.43,0.75,0,106,0,46,52,77.37,0,0,0,0.1,18.5015243395724,5840
"p346","ssp585","AWI-CM-1-1-MR","2075",0.56,1,0,114,0.1,45,51,64.6,0,0,0,0.1,19.1610980483897,5841
"p346","ssp585","AWI-CM-1-1-MR","2075",0.38,0.86,0,110,0,51,57,86.32,0,0.1,0,0.1,19.6449995410716,5842
"p346","ssp585","AWI-CM-1-1-MR","2075",0.32,0.73,0,100,0.1,55,68,84.51,0,0,0,0.1,18.7907195439657,5843
"p346","ssp585","AWI-CM-1-1-MR","2075",0.34,0.72,0.2,116,0,56,62,82.33,0,0,0,0.05,19.0442360442522,5844
"p346","ssp585","AWI-CM-1-1-MR","2075",0.34,0.97,0,114,0.1,54,60,78.59,0,0,0.3,0.05,18.5398832244455,5845
"p346","ssp585","AWI-CM-1-1-MR","2075",0.4,0.93,0,118,0.1,48,54,74.95,0,0,0,0.1,19.4754259534032,5846
"p346","ssp585","AWI-CM-1-1-MR","2075",0.31,0.59,0,97,0,59,65,90.35,0,0,0,0.1,18.0814363629798,5847
"p346","ssp585","AWI-CM-1-1-MR","2075",0.35,0.48,0,96,0,49,55,82.87,0,0,0.2,0.15,19.1307889794966,5848
"p346","ssp585","AWI-CM-1-1-MR","2075",0.55,0.88,0,112,0,53,61,87.84,0,0,0.3,0,19.5811453961337,5849
"p346","ssp585","AWI-CM-1-1-MR","2075",0.29,0.31,0,103,0,46,52,65.63,0,0,0,0.05,17.6141054675213,5850
"p346","ssp585","AWI-CM-1-1-MR","2075",0.23,0.25,0.4,94,0.1,44,50,63.6,0,0,0.1,0.25,18.6780478699128,5851
"p346","ssp585","AWI-CM-1-1-MR","2075",0.45,0.55,0.25,121,0,47,53,71.21,0,0,0,0,19.0200027424778,5852
"p346","ssp585","AWI-CM-1-1-MR","2075",0.35,0.53,0.25,113,0.3,50,56,76.04,0,0,0,0.05,18.9644356082103,5853
"p346","ssp585","AWI-CM-1-1-MR","2075",0.36,0.77,0,118,0,45,51,72.12,0,0,0.2,0.35,18.976302867233,5854
"p346","ssp585","AWI-CM-1-1-MR","2075",0.46,0.89,0,118,0,53,59,72.47,0,0.1,0.2,0.25,19.1050131929965,5855
"p346","ssp585","AWI-CM-1-1-MR","2075",0.38,0.74,0,109,0.4,44,50,66.89,0,0,0.3,0,17.9408257641457,5856
"p346","ssp585","AWI-CM-1-1-MR","2075",0.16,0.82,0,126,0.1,46,52,74.78,0,0,0.1,0.1,18.9397356783498,5857
"p346","ssp585","AWI-CM-1-1-MR","2075",0.14,0.65,0,100,0.2,46,64,76.04,0,0,0,0.1,19.3620999336672,5858
"p346","ssp585","AWI-CM-1-1-MR","2075",0.4,0.89,0,116,0,51,57,73.44,0,0,0.1,0,19.1148022626618,5859
"p346","ssp585","AWI-CM-1-1-MR","2075",0.19,0.55,0,108,0,49,65,73.15,0,0,0,0.1,19.3111312487351,5860
"p346","ssp585","AWI-CM-1-1-MR","2075",0.39,0.48,0,101,0,55,61,84.93,0,0,0.2,0.15,18.4327857011423,5861
"p346","ssp585","AWI-CM-1-1-MR","2075",0.26,0.43,0,98,0,44,50,77.53,0,0,0,0.05,18.643810605724,5862
"p346","ssp585","AWI-CM-1-1-MR","2075",0.26,0.93,0,118,0.1,58,64,84.51,0,0,0.3,0.05,19.7984881646918,5863
"p346","ssp585","AWI-CM-1-1-MR","2075",0.33,1,0,107,0,44,50,73.36,0,0,0.3,0.15,18.722312207605,5864
"p346","ssp585","AWI-CM-1-1-MR","2075",0.25,0.53,0,91,0,47,53,77.79,0,0,0.1,0.05,19.0868190476073,5865
"p346","ssp585","AWI-CM-1-1-MR","2075",0.21,0.48,0,103,0,68,76,92.91,0,0,0,0.1,19.5262424910383,5866
"p346","ssp585","AWI-CM-1-1-MR","2075",0.31,0.22,0,101,0.1,46,58,61.92,0,0,0.2,0,19.6263889285152,5867
"p346","ssp585","AWI-CM-1-1-MR","2075",0.37,0.74,0,120,0.1,54,64,80.23,0,0,0,0.05,19.1508092671414,5868
"p346","ssp585","AWI-CM-1-1-MR","2075",0.36,0.75,0,104,0.1,67,73,87.82,0,0,0.2,0.25,19.6739909402842,5869
"p346","ssp585","AWI-CM-1-1-MR","2075",0.47,0.63,0,107,0.1,44,50,69.44,0,0,0,0.05,18.6793283201664,5870
"p346","ssp585","AWI-CM-1-1-MR","2075",0.15,0.54,0.2,106,0.2,47,53,75.45,0,0,0.2,0.05,19.2136564772967,5871
"p346","ssp585","AWI-CM-1-1-MR","2075",0.25,0.66,0,112,0.1,56,62,67.04,0,0,0,0,19.2437281358659,5872
"p346","ssp585","AWI-CM-1-1-MR","2075",0.19,0.74,0,118,0,51,58,70.45,0,0,0,0.3,18.5325312254275,5873
"p346","ssp585","AWI-CM-1-1-MR","2075",0.47,0.74,0,113,0.1,44,50,62.15,0,0,0.1,0,18.1904345964965,5874
"p346","ssp585","AWI-CM-1-1-MR","2075",0.32,0.61,0,92,0.1,48,54,73.07,0,0,0.1,0,19.2065129019244,5875
"p346","ssp585","AWI-CM-1-1-MR","2075",0.25,0.71,0,101,0.1,49,55,83.82,0,0,0,0.2,18.674563856036,5876
"p346","ssp585","AWI-CM-1-1-MR","2075",0.41,0.71,0,114,0.1,56,62,88.81,0,0,0.1,0.5,19.332050955372,5877
"p346","ssp585","AWI-CM-1-1-MR","2075",0.28,0.45,0,105,0,54,60,80.41,0,0,0.1,0,19.4945394885951,5878
"p346","ssp585","AWI-CM-1-1-MR","2075",0.15,0.52,0,107,0.1,45,51,78,0,0,0.3,0.1,20.0883919849615,5879
"p346","ssp585","AWI-CM-1-1-MR","2075",0.23,0.52,0.25,111,0,65,71,86.87,0,0,0.2,0.05,18.9286021667351,5880
"p346","ssp585","AWI-CM-1-1-MR","2075",0.41,0.7,0,128,0,45,51,69.59,0,0,0.2,0,17.873159723532,5881
"p346","ssp585","AWI-CM-1-1-MR","2075",0.52,0.7,0,100,0,45,57,64.78,0,0,0.1,0,19.1655843997025,5882
"p346","ssp585","AWI-CM-1-1-MR","2075",0.3,0.52,0,107,0,45,51,75.1,0,0,0.1,0,18.2082293746766,5883
"p346","ssp585","AWI-CM-1-1-MR","2075",0.24,0.45,0,101,0,47,74,71.91,0,0,0.1,0.1,18.8087819793933,5884
"p346","ssp585","AWI-CM-1-1-MR","2075",0.35,0.65,0,108,0.2,74,80,93.48,0,0,0,0.15,19.4161469640198,5885
"p346","ssp585","AWI-CM-1-1-MR","2075",0.24,0.58,0,110,0.1,46,52,77.2,0,0,0.1,0.05,18.5292957510937,5886
"p346","ssp585","AWI-CM-1-1-MR","2075",0.42,0.6,0,103,0.1,50,61,73.92,0,0,0,0,18.808495531198,5887
"p346","ssp585","AWI-CM-1-1-MR","2075",0.48,0.93,0,126,0,48,54,76.13,0,0,0.1,0.15,18.8425851244289,5888
"p346","ssp585","AWI-CM-1-1-MR","2075",0.34,0.47,0,113,0.1,61,67,89.63,0,0,0,0,18.4657178864383,5889
"p346","ssp585","AWI-CM-1-1-MR","2075",0.2,0.65,0.2,95,0.2,47,65,76.23,0,0,0.3,0,18.9007229641815,5890
"p346","ssp585","AWI-CM-1-1-MR","2075",0.28,0.49,0,106,0.2,67,73,99.05,0,0,0,0,19.0222142451436,5891
"p346","ssp585","AWI-CM-1-1-MR","2075",0.28,0.75,0,120,0,45,58,62.14,0,0,0.6,0,19.1190790958835,5892
"p346","ssp585","AWI-CM-1-1-MR","2075",0.31,1,0,117,0,57,63,73.55,0,0,0,0.3,17.9515514964727,5893
"p346","ssp585","AWI-CM-1-1-MR","2075",0.24,0.58,0,110,0.1,54,60,88.56,0,0,0,0,19.4255888240086,5894
"p346","ssp585","AWI-CM-1-1-MR","2075",0.44,0.73,0.25,115,0.1,47,53,67.93,0,0,0.1,0.05,17.8815298636477,5895
"p346","ssp585","AWI-CM-1-1-MR","2075",0.13,0.63,0.2,107,0.1,44,50,58.67,0,0,0,0,18.3026333902803,5896
"p346","ssp585","AWI-CM-1-1-MR","2075",0.51,0.93,0,105,0.1,50,56,70.63,0,0,0.2,0,18.886199133536,5897
"p346","ssp585","AWI-CM-1-1-MR","2075",0.37,0.75,0.2,100,0.1,53,59,79.76,0,0,0,0.2,19.5158638650494,5898
"p346","ssp585","AWI-CM-1-1-MR","2075",0.31,0.86,0,90,0,50,64,76.4,0,0,0.1,0.15,19.3382838240357,5899
"p346","ssp585","AWI-CM-1-1-MR","2075",0.37,0.53,0,114,0,56,62,81.41,0,0,0,0,19.0180108079497,5900
"p346","ssp585","CMCC-ESM2","2075",0.41,0.66,0,103,0,44,50,65.94,0,0,0,0.35,19.0368847922913,5901
"p346","ssp585","CMCC-ESM2","2075",0.33,0.7,0,106,0,44,50,74.82,0,0,0.1,0.05,19.1697662622844,5902
"p346","ssp585","CMCC-ESM2","2075",0.47,0.91,0,115,0.1,47,53,79.31,0,0,0.1,0.35,18.3297989734272,5903
"p346","ssp585","CMCC-ESM2","2075",0.29,0.7,0,119,0,58,64,78.07,0,0,0.1,0.1,18.9396814476946,5904
"p346","ssp585","CMCC-ESM2","2075",0.52,0.62,0,113,0,50,56,80.37,0,0,0,0.1,18.9159188393922,5905
"p346","ssp585","CMCC-ESM2","2075",0.18,0.9,0,106,0.1,47,53,75.46,0.1,0,0.3,0.35,18.5040670899346,5906
"p346","ssp585","CMCC-ESM2","2075",0.45,0.8,0,114,0,44,50,78.07,0,0,0.2,0,18.2564193808209,5907
"p346","ssp585","CMCC-ESM2","2075",0.37,0.79,0,114,0,45,51,71.12,0,0,0.1,0.75,19.3660546380984,5908
"p346","ssp585","CMCC-ESM2","2075",0.39,0.77,0,119,0.1,45,51,79.88,0,0,0.1,0.5,19.2082591228539,5909
"p346","ssp585","CMCC-ESM2","2075",0.19,0.58,0,115,0,45,51,79.61,0,0,0,0,17.2475406920649,5910
"p346","ssp585","CMCC-ESM2","2075",0.34,0.56,0,119,0,45,53,68.3,0,0,0.1,0.3,19.3116403776193,5911
"p346","ssp585","CMCC-ESM2","2075",0.35,0.92,0,117,0,57,63,87.63,0,0,0.1,0.15,18.7183178218976,5912
"p346","ssp585","CMCC-ESM2","2075",0.47,0.56,0,107,0,51,57,68.2,0,0,0.2,0,18.6087934821304,5913
"p346","ssp585","CMCC-ESM2","2075",0.5,0.93,0,101,0.1,46,52,70.48,0,0,0,0.45,18.43368702695,5914
"p346","ssp585","CMCC-ESM2","2075",0.35,0.85,0,101,0,49,55,74.93,0,0,0,0.1,18.7401700969831,5915
"p346","ssp585","CMCC-ESM2","2075",0.43,0.89,0,120,0,45,51,68.77,0,0,0,0.3,19.1758411840608,5916
"p346","ssp585","CMCC-ESM2","2075",0.35,0.74,0,105,0.2,45,51,73.27,0,0,0.1,0.1,18.5030905221955,5917
"p346","ssp585","CMCC-ESM2","2075",0.33,0.85,0,113,0,47,55,77.28,0,0,0,0.1,19.3340686100644,5918
"p346","ssp585","CMCC-ESM2","2075",0.72,0.72,0,108,0.1,47,53,75.06,0,0,0,0,18.8726367929403,5919
"p346","ssp585","CMCC-ESM2","2075",0.69,0.57,0,103,0,48,54,79.07,0,0,0.3,0.15,18.8194456976163,5920
"p346","ssp585","CMCC-ESM2","2075",0.66,1,0,113,0,58,64,73.98,0,0,0,0.45,19.8256930871852,5921
"p346","ssp585","CMCC-ESM2","2075",0.4,0.68,0.2,110,0.1,58,70,86.71,0,0,0.1,0.45,19.1670111179265,5922
"p346","ssp585","CMCC-ESM2","2075",0.39,0.73,0,108,0,44,50,68.11,0,0,0.1,0.15,18.6947030254782,5923
"p346","ssp585","CMCC-ESM2","2075",0.34,0.86,0,117,0,44,50,77.79,0,0,0.1,0.15,19.6164865384137,5924
"p346","ssp585","CMCC-ESM2","2075",0.44,0.95,0,108,0,48,54,69.43,0,0,0.5,0.55,18.8438236993551,5925
"p346","ssp585","CMCC-ESM2","2075",0.27,0.72,0,120,0,49,55,78.82,0,0,0,0.2,19.9987676841232,5926
"p346","ssp585","CMCC-ESM2","2075",0.38,0.58,0,114,0,62,68,93.78,0,0,0.3,0.1,19.5880306746688,5927
"p346","ssp585","CMCC-ESM2","2075",0.4,0.79,0,102,0.2,46,52,70.69,0,0,0,0.4,19.1920430196432,5928
"p346","ssp585","CMCC-ESM2","2075",0.55,0.66,0,107,0,46,52,76.32,0,0,0,0.2,19.346438456831,5929
"p346","ssp585","CMCC-ESM2","2075",0.37,1,0,111,0,45,51,74.57,0,0,0.2,0.65,19.1597393494793,5930
"p346","ssp585","CMCC-ESM2","2075",0.45,0.78,0,118,0,46,52,75.68,0,0,0.1,0.05,18.2083225281602,5931
"p346","ssp585","CMCC-ESM2","2075",0.27,0.38,0,112,0,56,62,85.47,0,0,0,0.05,19.6654792721283,5932
"p346","ssp585","CMCC-ESM2","2075",0.59,1,0,111,0.1,54,63,76.67,0,0,0.1,0,18.7366175127648,5933
"p346","ssp585","CMCC-ESM2","2075",0.5,0.78,0,107,0,51,57,78.28,0,0,0,0.6,19.5425905168284,5934
"p346","ssp585","CMCC-ESM2","2075",0.31,0.68,0,113,0.15,49,55,76.35,0,0,0.2,0.2,17.9329866646066,5935
"p346","ssp585","CMCC-ESM2","2075",0.56,0.87,0,107,0,60,66,88.25,0,0,0,0.05,19.0764453263023,5936
"p346","ssp585","CMCC-ESM2","2075",0.46,0.98,0.25,112,0,72,78,92.31,0,0,0,0.45,18.6635956155495,5937
"p346","ssp585","CMCC-ESM2","2075",0.32,0.81,0,103,0,43,49,69.81,0,0,0.1,0.2,19.5347800821195,5938
"p346","ssp585","CMCC-ESM2","2075",0.38,0.46,0,108,0,46,52,72.23,0,0,0.1,0.7,18.2234115411269,5939
"p346","ssp585","CMCC-ESM2","2075",0.49,0.76,0,109,0,46,52,77.99,0,0,0.1,0.35,18.5327063343889,5940
"p346","ssp585","CMCC-ESM2","2075",0.56,1,0,115,0.1,45,51,69.12,0,0,0,0.15,18.9266414039218,5941
"p346","ssp585","CMCC-ESM2","2075",0.43,0.99,0,111,0,52,58,85.01,0,0,0.1,0.05,19.5954373008875,5942
"p346","ssp585","CMCC-ESM2","2075",0.32,0.9,0,104,0,55,68,85.1,0,0,0,0.45,18.6269496980243,5943
"p346","ssp585","CMCC-ESM2","2075",0.34,0.83,0.2,115,0,56,62,82.28,0,0,0,0.05,18.9936488686727,5944
"p346","ssp585","CMCC-ESM2","2075",0.34,0.96,0,112,0,54,60,79.97,0,0,0.3,0.05,18.7198206099678,5945
"p346","ssp585","CMCC-ESM2","2075",0.39,1,0,115,0,48,54,75.98,0,0,0.1,0.3,19.5693153149498,5946
"p346","ssp585","CMCC-ESM2","2075",0.31,0.73,0,95,0,59,65,89.22,0,0,0,0.15,18.2555721403416,5947
"p346","ssp585","CMCC-ESM2","2075",0.4,0.62,0,95,0,49,55,82.56,0,0,0.2,0.35,19.3012997028042,5948
"p346","ssp585","CMCC-ESM2","2075",0.57,0.89,0,110,0,53,61,86.61,0,0,0.4,0.1,19.3799467299674,5949
"p346","ssp585","CMCC-ESM2","2075",0.34,0.52,0,104,0,47,53,69.49,0,0,0.1,0.05,17.4195615947332,5950
"p346","ssp585","CMCC-ESM2","2075",0.23,0.25,0.4,102,0,44,50,64.92,0,0,0.2,0.35,18.7351643284281,5951
"p346","ssp585","CMCC-ESM2","2075",0.54,0.58,0.25,121,0,47,53,76.18,0,0,0.2,0,19.1989205202885,5952
"p346","ssp585","CMCC-ESM2","2075",0.4,0.81,0.25,113,0.25,50,56,77.62,0,0,0,0.25,19.2127448228694,5953
"p346","ssp585","CMCC-ESM2","2075",0.36,0.88,0,119,0,46,52,74.28,0,0,0.3,0.4,19.2804037339078,5954
"p346","ssp585","CMCC-ESM2","2075",0.51,0.97,0,120,0,53,59,72.72,0,0,0.2,0.3,18.9024292901004,5955
"p346","ssp585","CMCC-ESM2","2075",0.42,0.79,0,111,0.3,45,69,73.77,0,0,0.2,0,19.3233111360244,5956
"p346","ssp585","CMCC-ESM2","2075",0.21,0.82,0,126,0,46,52,76.7,0,0,0,0.1,19.2056281276598,5957
"p346","ssp585","CMCC-ESM2","2075",0.25,0.72,0,105,0.2,47,65,76.68,0,0,0,0.1,19.7314794169429,5958
"p346","ssp585","CMCC-ESM2","2075",0.4,0.88,0,116,0,52,58,75.63,0,0,0,0.05,19.0054103641949,5959
"p346","ssp585","CMCC-ESM2","2075",0.2,0.81,0,109,0,62,68,83.62,0,0,0,0.15,19.1072236143389,5960
"p346","ssp585","CMCC-ESM2","2075",0.39,0.6,0,106,0,55,61,85.5,0,0,0.3,0.15,18.4072706106921,5961
"p346","ssp585","CMCC-ESM2","2075",0.26,0.65,0,106,0,44,50,76.81,0.1,0,0,0.2,18.7570476692242,5962
"p346","ssp585","CMCC-ESM2","2075",0.26,0.91,0,117,0,58,64,84.18,0,0,0.4,0.55,19.7314421839349,5963
"p346","ssp585","CMCC-ESM2","2075",0.33,0.86,0,109,0,44,50,77.3,0,0,0.3,0.1,18.9541937176874,5964
"p346","ssp585","CMCC-ESM2","2075",0.28,0.63,0,97,0,47,53,80.24,0,0,0.2,0.05,19.186938901918,5965
"p346","ssp585","CMCC-ESM2","2075",0.15,0.71,0,103,0,67,75,93.99,0,0,0,0.2,19.5211452978615,5966
"p346","ssp585","CMCC-ESM2","2075",0.31,0.22,0,106,0.1,46,58,70.28,0,0,0.1,0,19.525017781729,5967
"p346","ssp585","CMCC-ESM2","2075",0.37,0.98,0,122,0,54,64,82.64,0,0,0,0,19.1173911368353,5968
"p346","ssp585","CMCC-ESM2","2075",0.36,0.78,0,106,0,67,73,89.68,0,0,0.1,0.5,19.2885983859687,5969
"p346","ssp585","CMCC-ESM2","2075",0.4,0.73,0,106,0.1,44,50,72.13,0,0,0.1,0.25,18.5569096534813,5970
"p346","ssp585","CMCC-ESM2","2075",0.25,0.76,0,110,0.2,47,53,75.57,0,0,0.2,0.05,19.3759018873739,5971
"p346","ssp585","CMCC-ESM2","2075",0.25,0.76,0,116,0.1,56,62,76.77,0,0,0,0.05,19.1604820452183,5972
"p346","ssp585","CMCC-ESM2","2075",0.19,0.83,0,124,0,51,58,69.85,0,0,0.1,0.35,18.4217579967217,5973
"p346","ssp585","CMCC-ESM2","2075",0.47,0.75,0,114,0,44,50,64.43,0,0,0.1,0,18.1956157335629,5974
"p346","ssp585","CMCC-ESM2","2075",0.35,0.73,0,99,0,48,54,76.2,0,0,0.1,0.2,19.2143867214304,5975
"p346","ssp585","CMCC-ESM2","2075",0.25,0.73,0,106,0,50,56,84.19,0,0,0,0.2,18.4058104375943,5976
"p346","ssp585","CMCC-ESM2","2075",0.41,0.76,0,115,0.1,56,62,87.96,0,0,0.2,0.85,19.6247262870576,5977
"p346","ssp585","CMCC-ESM2","2075",0.37,0.58,0,108,0,54,60,82.62,0,0,0,0,19.6192012880171,5978
"p346","ssp585","CMCC-ESM2","2075",0.15,0.52,0,110,0,45,51,79.81,0,0,0.1,0.3,19.9263113015508,5979
"p346","ssp585","CMCC-ESM2","2075",0.3,0.5,0.25,110,0,65,71,88.37,0,0,0.3,0.2,18.9985526639154,5980
"p346","ssp585","CMCC-ESM2","2075",0.41,0.9,0,128,0,45,51,73.34,0,0,0.2,0,17.9222072546661,5981
"p346","ssp585","CMCC-ESM2","2075",0.54,0.85,0,103,0,45,57,69.52,0,0,0.2,0,19.3479021841515,5982
"p346","ssp585","CMCC-ESM2","2075",0.3,0.76,0,106,0,45,51,76.64,0,0,0.3,0,18.2778113805973,5983
"p346","ssp585","CMCC-ESM2","2075",0.19,0.47,0,104,0,48,75,76.9,0,0,0,0.15,18.7034459601394,5984
"p346","ssp585","CMCC-ESM2","2075",0.36,0.65,0,109,0.1,73,79,93.34,0,0,0,0.4,19.1737840111257,5985
"p346","ssp585","CMCC-ESM2","2075",0.33,0.56,0,109,0.1,46,52,76.61,0,0,0.2,0.2,18.572874476859,5986
"p346","ssp585","CMCC-ESM2","2075",0.49,0.63,0,107,0.1,50,61,74.98,0,0,0.1,0.05,18.7472363430878,5987
"p346","ssp585","CMCC-ESM2","2075",0.48,1,0,125,0,48,54,78.48,0,0,0.1,0.2,18.9302749466798,5988
"p346","ssp585","CMCC-ESM2","2075",0.37,0.52,0,116,0,61,67,89.36,0,0,0,0,18.5993287668272,5989
"p346","ssp585","CMCC-ESM2","2075",0.2,0.7,0.2,98,0.2,47,63,76.45,0,0,0.2,0,19.0145789169188,5990
"p346","ssp585","CMCC-ESM2","2075",0.29,0.53,0,108,0.1,67,73,97.88,0,0,0.1,0,19.0600766402845,5991
"p346","ssp585","CMCC-ESM2","2075",0.28,0.72,0,120,0,45,58,66.56,0,0,0.6,0,19.1153582140419,5992
"p346","ssp585","CMCC-ESM2","2075",0.37,0.96,0,119,0,57,63,74.83,0,0,0,0.35,17.8387160482805,5993
"p346","ssp585","CMCC-ESM2","2075",0.3,0.65,0,109,0.1,54,60,87.81,0,0,0.1,0,19.4322565961498,5994
"p346","ssp585","CMCC-ESM2","2075",0.42,0.95,0,115,0,48,54,71.52,0,0,0.1,0.05,17.8284618835671,5995
"p346","ssp585","CMCC-ESM2","2075",0.21,0.64,0.2,111,0,44,50,60.28,0,0,0.1,0,18.2407851290898,5996
"p346","ssp585","CMCC-ESM2","2075",0.52,0.93,0,106,0,50,56,71.34,0,0,0.2,0.05,18.8429793715446,5997
"p346","ssp585","CMCC-ESM2","2075",0.48,0.85,0.2,101,0.1,53,59,82.1,0,0,0,0.25,19.5453386963575,5998
"p346","ssp585","CMCC-ESM2","2075",0.31,0.71,0,92,0,50,64,79.5,0,0,0,0.15,19.8069438804983,5999
"p346","ssp585","CMCC-ESM2","2075",0.34,0.57,0,118,0,56,62,83.56,0,0,0.1,0,18.9765270311377,6000
"p346","ssp585","CNRM-CM6-1-HR","2075",0.4,0.38,0,105,0,44,50,67.47,0,0,0,0.25,18.5746458951889,6001
"p346","ssp585","CNRM-CM6-1-HR","2075",0.28,0.45,0.25,101,0.2,44,50,72.09,0,0,0.1,0.05,18.5209662864118,6002
"p346","ssp585","CNRM-CM6-1-HR","2075",0.47,0.58,0,113,0.1,45,51,74.72,0,0,0.1,0,18.1118885540108,6003
"p346","ssp585","CNRM-CM6-1-HR","2075",0.23,0.4,0,113,0.1,45,51,64.1,0,0,0.1,0,18.3121918634207,6004
"p346","ssp585","CNRM-CM6-1-HR","2075",0.5,0.36,0.25,107,0.3,49,55,81.31,0,0,0,0,18.1773791386446,6005
"p346","ssp585","CNRM-CM6-1-HR","2075",0.18,0.77,0,115,0.2,45,51,71.61,0.1,0,0.3,0.25,18.4930710375434,6006
"p346","ssp585","CNRM-CM6-1-HR","2075",0.42,0.59,0,109,0,44,50,73.63,0,0,0.3,0,18.0986370589892,6007
"p346","ssp585","CNRM-CM6-1-HR","2075",0.37,0.57,0,104,0.2,44,50,68.16,0,0,0.2,0.4,19.1524383176602,6008
"p346","ssp585","CNRM-CM6-1-HR","2075",0.33,0.34,0,115,0.2,44,50,76.44,0,0,0.2,0.2,19.0989012168246,6009
"p346","ssp585","CNRM-CM6-1-HR","2075",0.13,0.11,0,108,0.1,45,51,74.35,0.1,0,0,0,17.2087667966106,6010
"p346","ssp585","CNRM-CM6-1-HR","2075",0.32,0.4,0,112,0.2,44,50,67.85,0,0,0.1,0.2,18.9684735173334,6011
"p346","ssp585","CNRM-CM6-1-HR","2075",0.3,0.58,0,113,0.1,54,60,86.42,0,0,0.2,0.1,18.285873561925,6012
"p346","ssp585","CNRM-CM6-1-HR","2075",0.37,0.22,0.5,102,0,49,55,71.34,0,0,0.2,0,18.1427831994048,6013
"p346","ssp585","CNRM-CM6-1-HR","2075",0.41,0.64,0,96,0.1,44,50,68.34,0,0,0.3,0.3,17.8972358147389,6014
"p346","ssp585","CNRM-CM6-1-HR","2075",0.35,0.79,0,100,0.1,48,54,73.84,0,0,0.1,0.05,18.3408067656762,6015
"p346","ssp585","CNRM-CM6-1-HR","2075",0.36,0.72,0,119,0.1,44,50,63.03,0,0,0.1,0.25,18.8591455460697,6016
"p346","ssp585","CNRM-CM6-1-HR","2075",0.15,0.43,0.2,104,0.4,44,50,72.8,0,0,0.2,0.05,18.1276148855404,6017
"p346","ssp585","CNRM-CM6-1-HR","2075",0.28,0.46,0,119,0.1,44,50,75.4,0,0,0.1,0,18.8706953405432,6018
"p346","ssp585","CNRM-CM6-1-HR","2075",0.61,0.36,0,109,0.3,45,51,66.74,0,0,0,0,18.7210368720613,6019
"p346","ssp585","CNRM-CM6-1-HR","2075",0.66,0.4,0,100,0.2,45,51,78.31,0,0,0.4,0,18.7576977364046,6020
"p346","ssp585","CNRM-CM6-1-HR","2075",0.6,0.75,0,112,0.1,52,59,74.21,0,0,0,0.2,19.3326246171216,6021
"p346","ssp585","CNRM-CM6-1-HR","2075",0.39,0.57,0.2,105,0.6,44,53,74.46,0,0,0.3,0.3,18.0955916936328,6022
"p346","ssp585","CNRM-CM6-1-HR","2075",0.38,0.61,0,110,0.15,43,49,64.56,0.1,0,0.1,0.05,18.4592077560962,6023
"p346","ssp585","CNRM-CM6-1-HR","2075",0.24,0.61,0,112,0.2,44,50,74.22,0,0,0.1,0,19.4009223520402,6024
"p346","ssp585","CNRM-CM6-1-HR","2075",0.44,0.48,0,108,0.1,47,53,70.88,0,0,0.5,0.3,18.520134591768,6025
"p346","ssp585","CNRM-CM6-1-HR","2075",0.22,0.36,0.2,120,0,47,53,76.91,0,0,0,0.1,19.7843479965047,6026
"p346","ssp585","CNRM-CM6-1-HR","2075",0.38,0.43,0.25,98,0.1,56,62,91.09,0,0,0.4,0,19.3108633011335,6027
"p346","ssp585","CNRM-CM6-1-HR","2075",0.32,0.63,0,104,0.55,45,51,73.32,0,0,0.1,0.15,18.7319732095451,6028
"p346","ssp585","CNRM-CM6-1-HR","2075",0.54,0.78,0,99,0,44,50,75.11,0,0,0.2,0.1,18.902113355554,6029
"p346","ssp585","CNRM-CM6-1-HR","2075",0.35,0.51,0,106,0,44,50,76.3,0,0,0.2,0.4,18.8180316432732,6030
"p346","ssp585","CNRM-CM6-1-HR","2075",0.41,0.58,0,105,0.25,44,50,73.49,0,0,0.1,0,17.8028728654741,6031
"p346","ssp585","CNRM-CM6-1-HR","2075",0.27,0.34,0,110,0.35,50,56,81.49,0,0,0,0,19.4532465930008,6032
"p346","ssp585","CNRM-CM6-1-HR","2075",0.51,0.61,0,110,0.2,51,57,78.36,0,0,0.1,0,18.3007005410319,6033
"p346","ssp585","CNRM-CM6-1-HR","2075",0.4,0.64,0,106,0,49,55,78.6,0,0,0,0.3,19.0634451461296,6034
"p346","ssp585","CNRM-CM6-1-HR","2075",0.31,0.46,0,107,0.15,47,53,77,0,0,0.3,0,17.8039408097793,6035
"p346","ssp585","CNRM-CM6-1-HR","2075",0.48,0.89,0,109,0.1,54,61,83.68,0,0,0,0.05,18.768903656895,6036
"p346","ssp585","CNRM-CM6-1-HR","2075",0.46,1,0,111,0.1,44,50,70.36,0.1,0,0,0.15,16.936522274648,6037
"p346","ssp585","CNRM-CM6-1-HR","2075",0.25,0.71,0.2,104,0,43,49,70,0,0,0,0,19.0274412362856,6038
"p346","ssp585","CNRM-CM6-1-HR","2075",0.33,0.33,0,106,0.3,44,50,66.75,0.1,0,0.1,0.45,17.8789692074583,6039
"p346","ssp585","CNRM-CM6-1-HR","2075",0.4,0.53,0,99,0.1,45,51,75.21,0,0,0.3,0.05,18.3763285510551,6040
"p346","ssp585","CNRM-CM6-1-HR","2075",0.41,0.96,0,120,0.1,44,50,66.18,0,0,0.1,0.05,19.0408863726984,6041
"p346","ssp585","CNRM-CM6-1-HR","2075",0.38,0.64,0,107,0.1,48,54,81.28,0,0,0.2,0.05,19.6824316020835,6042
"p346","ssp585","CNRM-CM6-1-HR","2075",0.31,0.6,0,104,0.2,51,57,83.27,0,0,0.1,0.1,17.7777400333613,6043
"p346","ssp585","CNRM-CM6-1-HR","2075",0.29,0.55,0.2,114,0.1,54,60,85.66,0,0,0,0.05,18.5791025928457,6044
"p346","ssp585","CNRM-CM6-1-HR","2075",0.3,0.81,0.2,113,0.15,52,58,80.97,0,0,0.3,0.05,18.0110211257962,6045
"p346","ssp585","CNRM-CM6-1-HR","2075",0.39,0.83,0,121,0.1,47,53,75.82,0,0,0.1,0.15,19.1802289633949,6046
"p346","ssp585","CNRM-CM6-1-HR","2075",0.31,0.48,0,101,0.1,54,60,87.28,0,0,0.1,0.1,17.8121518397537,6047
"p346","ssp585","CNRM-CM6-1-HR","2075",0.33,0.6,0,99,0.1,48,54,82.93,0,0,0.2,0.15,18.8274687277937,6048
"p346","ssp585","CNRM-CM6-1-HR","2075",0.43,0.64,0,110,0,46,54,82.43,0,0,0.4,0,19.0153508236488,6049
"p346","ssp585","CNRM-CM6-1-HR","2075",0.23,0.28,0.3,99,0.1,45,51,69.79,0,0,0,0,17.2557712209661,6050
"p346","ssp585","CNRM-CM6-1-HR","2075",0.17,0.1,0.2,94,0.1,44,50,62.5,0,0,0.2,0.2,18.8401274771242,6051
"p346","ssp585","CNRM-CM6-1-HR","2075",0.37,0.49,0.25,120,0.1,46,52,74.38,0,0,0.2,0,18.719863743079,6052
"p346","ssp585","CNRM-CM6-1-HR","2075",0.32,0.38,0.45,109,0.4,49,55,73.39,0,0,0,0.1,18.6485887679738,6053
"p346","ssp585","CNRM-CM6-1-HR","2075",0.35,0.54,0,116,0,44,50,75.32,0,0,0.3,0.15,19.0149818138153,6054
"p346","ssp585","CNRM-CM6-1-HR","2075",0.44,0.48,0,110,0.1,44,50,67.88,0,0,0.5,0.1,19.0020711387655,6055
"p346","ssp585","CNRM-CM6-1-HR","2075",0.27,0.56,0,111,0.8,44,50,67.26,0,0,0.2,0,18.0512837122602,6056
"p346","ssp585","CNRM-CM6-1-HR","2075",0.16,0.44,0,123,0.1,45,51,71.94,0,0,0,0.05,18.7268042286598,6057
"p346","ssp585","CNRM-CM6-1-HR","2075",0.14,0.24,0,98,0.2,45,51,77.22,0,0,0,0.05,18.7676936065737,6058
"p346","ssp585","CNRM-CM6-1-HR","2075",0.4,0.52,0,119,0,49,55,77.04,0,0,0,0,18.6714759149433,6059
"p346","ssp585","CNRM-CM6-1-HR","2075",0.19,0.48,0.2,105,0,47,53,69.71,0,0,0,0.05,18.5288542494564,6060
"p346","ssp585","CNRM-CM6-1-HR","2075",0.19,0.29,0.2,107,0.1,52,58,83.57,0,0,0.3,0.05,18.0454006479416,6061
"p346","ssp585","CNRM-CM6-1-HR","2075",0.26,0.55,0,92,0,44,50,72.43,0.1,0,0,0,18.1695396402703,6062
"p346","ssp585","CNRM-CM6-1-HR","2075",0.26,0.44,0,114,0.1,55,61,82.56,0,0,0.5,0.4,19.3653186708238,6063
"p346","ssp585","CNRM-CM6-1-HR","2075",0.29,0.63,0,107,0,44,50,70.55,0,0,0.4,0,19.0516898293769,6064
"p346","ssp585","CNRM-CM6-1-HR","2075",0.22,0.29,0,92,0,45,51,77.3,0,0,0.2,0,18.8719410068865,6065
"p346","ssp585","CNRM-CM6-1-HR","2075",0.15,0.59,0,107,0.1,62,68,92.15,0,0,0,0,19.1481035461703,6066
"p346","ssp585","CNRM-CM6-1-HR","2075",0.3,0.29,0.2,103,0.45,45,51,65.22,0,0,0.1,0,18.9679757900009,6067
"p346","ssp585","CNRM-CM6-1-HR","2075",0.29,0.59,0,116,0.1,52,58,80.59,0.1,0,0.1,0,18.610887877368,6068
"p346","ssp585","CNRM-CM6-1-HR","2075",0.31,0.6,0,106,0.2,66,72,87.92,0,0,0.2,0.15,19.006526235374,6069
"p346","ssp585","CNRM-CM6-1-HR","2075",0.34,0.62,0,113,0.1,43,49,70.8,0,0,0.1,0.05,18.0140038065971,6070
"p346","ssp585","CNRM-CM6-1-HR","2075",0.15,0.36,0.2,105,0.2,45,51,74.91,0,0,0.2,0,18.6180126330993,6071
"p346","ssp585","CNRM-CM6-1-HR","2075",0.25,0.59,0,110,0.2,52,58,68.39,0,0,0,0,18.8889747517853,6072
"p346","ssp585","CNRM-CM6-1-HR","2075",0.14,0.55,0,111,0,50,56,71.52,0,0,0.2,0.1,18.3143283311484,6073
"p346","ssp585","CNRM-CM6-1-HR","2075",0.46,0.42,0,107,0.2,44,50,63.58,0,0,0.1,0,17.7241127447996,6074
"p346","ssp585","CNRM-CM6-1-HR","2075",0.32,0.49,0.2,89,0.2,45,51,70.59,0,0,0.4,0.1,18.8908385879897,6075
"p346","ssp585","CNRM-CM6-1-HR","2075",0.17,0.51,0,95,0.15,48,54,83.25,0,0,0,0.1,18.1802801478192,6076
"p346","ssp585","CNRM-CM6-1-HR","2075",0.36,0.43,0,111,0.3,53,59,85.3,0,0,0.2,0.45,18.8074744139117,6077
"p346","ssp585","CNRM-CM6-1-HR","2075",0.15,0.35,0,111,0.1,51,57,78.78,0,0,0.1,0,19.0355987752186,6078
"p346","ssp585","CNRM-CM6-1-HR","2075",0.15,0.38,0,106,0.2,44,50,73.54,0,0,0.3,0,19.2795561020166,6079
"p346","ssp585","CNRM-CM6-1-HR","2075",0.14,0.38,0,105,0.1,62,68,89.09,0,0,0.4,0.15,18.5330716200863,6080
"p346","ssp585","CNRM-CM6-1-HR","2075",0.3,0.56,0,127,0,44,50,70.91,0,0,0.2,0,17.5408940866318,6081
"p346","ssp585","CNRM-CM6-1-HR","2075",0.52,0.52,0,102,0,44,50,66.83,0,0,0.2,0,19.0703061973797,6082
"p346","ssp585","CNRM-CM6-1-HR","2075",0.26,0.35,0,105,0.1,44,50,72.76,0,0,0.4,0,17.7346173879348,6083
"p346","ssp585","CNRM-CM6-1-HR","2075",0.11,0.35,0,103,0.1,44,50,70.83,0,0,0,0.1,17.2475495190081,6084
"p346","ssp585","CNRM-CM6-1-HR","2075",0.3,0.61,0,109,0.4,44,50,71.52,0,0,0,0.2,17.8588429268563,6085
"p346","ssp585","CNRM-CM6-1-HR","2075",0.23,0.41,0.2,106,0.3,45,51,75.84,0,0,0.2,0.05,18.559447219106,6086
"p346","ssp585","CNRM-CM6-1-HR","2075",0.36,0.47,0,103,0.1,45,51,73.3,0,0,0.3,0,18.1249294624952,6087
"p346","ssp585","CNRM-CM6-1-HR","2075",0.39,0.48,0,125,0,47,53,77.87,0,0,0.1,0.1,18.6777645410802,6088
"p346","ssp585","CNRM-CM6-1-HR","2075",0.33,0.45,0,110,0.2,59,65,88.21,0,0,0,0,17.8857317948318,6089
"p346","ssp585","CNRM-CM6-1-HR","2075",0.11,0.64,0.2,103,0.2,45,51,77.99,0,0,0.2,0,18.1435245128632,6090
"p346","ssp585","CNRM-CM6-1-HR","2075",0.24,0.55,0,109,0.3,46,56,81.24,0,0,0.1,0,18.1111861208432,6091
"p346","ssp585","CNRM-CM6-1-HR","2075",0.23,0.31,0,114,0.2,44,56,66.19,0,0,0.8,0,18.8502101263303,6092
"p346","ssp585","CNRM-CM6-1-HR","2075",0.21,0.67,0,115,0,53,59,77.38,0,0,0,0.25,17.4332849483149,6093
"p346","ssp585","CNRM-CM6-1-HR","2075",0.24,0.56,0,111,0.1,45,51,79.88,0,0,0.1,0,18.8987868421633,6094
"p346","ssp585","CNRM-CM6-1-HR","2075",0.2,0.57,0.25,115,0.35,46,52,71.5,0,0,0.1,0.05,17.4654780428223,6095
"p346","ssp585","CNRM-CM6-1-HR","2075",0.13,0.54,0.3,106,0.2,43,49,57.82,0,0,0.1,0,18.1800744650413,6096
"p346","ssp585","CNRM-CM6-1-HR","2075",0.48,0.63,0,100,0.1,46,52,73.03,0,0,0.2,0,18.4759755957212,6097
"p346","ssp585","CNRM-CM6-1-HR","2075",0.37,0.65,0,100,0.1,45,51,74.31,0,0,0,0.2,18.9722186827849,6098
"p346","ssp585","CNRM-CM6-1-HR","2075",0.23,0.74,0,97,0.1,48,54,77.74,0,0,0.2,0,19.0382221278672,6099
"p346","ssp585","CNRM-CM6-1-HR","2075",0.29,0.46,0,111,0,55,61,80.2,0,0,0.1,0,18.5240275581573,6100
"p346","ssp585","CNRM-ESM2-1","2075",0.4,0.34,0,103,0,45,51,72.32,0,0,0,0.25,17.8108683250975,6101
"p346","ssp585","CNRM-ESM2-1","2075",0.28,0.56,0.25,101,0.2,45,51,76.63,0,0,0.1,0.05,18.0357054289708,6102
"p346","ssp585","CNRM-ESM2-1","2075",0.47,0.69,0,107,0.1,49,63,83.33,0,0,0.1,0,17.6494268451487,6103
"p346","ssp585","CNRM-ESM2-1","2075",0.23,0.58,0,109,0.1,59,66,79.77,0,0,0.1,0,18.3174172564798,6104
"p346","ssp585","CNRM-ESM2-1","2075",0.47,0.37,0.25,103,0.3,51,57,82.25,0,0,0,0.05,17.6622343362445,6105
"p346","ssp585","CNRM-ESM2-1","2075",0.18,0.66,0,112,0.2,48,54,79.07,0.2,0,0.3,0.3,17.8765347653357,6106
"p346","ssp585","CNRM-ESM2-1","2075",0.42,0.7,0,107,0,46,65,81.19,0,0,0.3,0,18.2978355430032,6107
"p346","ssp585","CNRM-ESM2-1","2075",0.37,0.68,0,102,0.2,45,51,73.36,0.1,0,0.2,0.45,18.2768443242223,6108
"p346","ssp585","CNRM-ESM2-1","2075",0.39,0.34,0,114,0.2,47,63,81.25,0,0,0,0.2,18.9033349895871,6109
"p346","ssp585","CNRM-ESM2-1","2075",0.13,0.13,0,105,0.1,46,70,81.2,0.3,0,0,0,17.3999365217358,6110
"p346","ssp585","CNRM-ESM2-1","2075",0.34,0.55,0,108,0.2,53,59,77.9,0.1,0,0,0.2,18.3685973171453,6111
"p346","ssp585","CNRM-ESM2-1","2075",0.3,0.54,0,114,0.1,59,65,89.78,0,0,0.2,0.1,17.6378929936933,6112
"p346","ssp585","CNRM-ESM2-1","2075",0.42,0.22,0.5,100,0,53,59,75.21,0,0,0.2,0,17.4724335537285,6113
"p346","ssp585","CNRM-ESM2-1","2075",0.41,0.66,0,91,0.1,50,56,80.13,0,0,0.1,0.35,17.1502350125141,6114
"p346","ssp585","CNRM-ESM2-1","2075",0.35,0.79,0,97,0.1,51,62,78.08,0,0,0,0.05,17.876751426267,6115
"p346","ssp585","CNRM-ESM2-1","2075",0.36,0.73,0,119,0.1,46,52,73.62,0,0,0.1,0.25,18.2625507559444,6116
"p346","ssp585","CNRM-ESM2-1","2075",0.16,0.5,0.2,102,0.4,46,52,76.98,0.1,0,0.1,0.05,17.3705681039389,6117
"p346","ssp585","CNRM-ESM2-1","2075",0.33,0.43,0,117,0.1,56,62,87.37,0,0,0,0,18.527844344277,6118
"p346","ssp585","CNRM-ESM2-1","2075",0.67,0.35,0,105,0.3,52,58,78.54,0,0,0,0,18.3088717813287,6119
"p346","ssp585","CNRM-ESM2-1","2075",0.66,0.43,0,96,0.2,50,75,82.36,0,0,0.2,0,19.389512432609,6120
"p346","ssp585","CNRM-ESM2-1","2075",0.6,0.71,0,113,0.1,59,65,76.64,0,0,0,0.2,18.9154036128895,6121
"p346","ssp585","CNRM-ESM2-1","2075",0.4,0.61,0.2,103,0.5,71,77,99.22,0,0,0.1,0.3,18.4753016909029,6122
"p346","ssp585","CNRM-ESM2-1","2075",0.32,0.67,0,107,0.15,44,50,72.37,0.1,0,0.1,0.05,17.7845347884942,6123
"p346","ssp585","CNRM-ESM2-1","2075",0.3,0.64,0,109,0.2,45,51,78.21,0,0,0.1,0,18.7853354629206,6124
"p346","ssp585","CNRM-ESM2-1","2075",0.39,0.47,0,105,0.1,52,58,73.42,0,0,0.5,0.3,18.0872446492611,6125
"p346","ssp585","CNRM-ESM2-1","2075",0.22,0.36,0,120,0,51,57,82.99,0,0,0,0.1,19.394323792512,6126
"p346","ssp585","CNRM-ESM2-1","2075",0.38,0.45,0,94,0.1,65,71,94.63,0,0,0.3,0.05,19.094106974951,6127
"p346","ssp585","CNRM-ESM2-1","2075",0.32,0.63,0,104,0.3,52,58,79.7,0,0,0.1,0.15,18.1808718463041,6128
"p346","ssp585","CNRM-ESM2-1","2075",0.55,0.83,0,95,0,47,53,79.26,0,0,0,0.05,18.7535001155709,6129
"p346","ssp585","CNRM-ESM2-1","2075",0.35,0.51,0,108,0,45,51,78.82,0,0,0.2,0.4,18.030036501507,6130
"p346","ssp585","CNRM-ESM2-1","2075",0.4,0.59,0,102,0.25,47,53,78.82,0.1,0,0.1,0,17.0469383143368,6131
"p346","ssp585","CNRM-ESM2-1","2075",0.27,0.44,0,108,0.35,57,63,86.97,0,0,0,0,19.1491666913765,6132
"p346","ssp585","CNRM-ESM2-1","2075",0.51,0.62,0,106,0.2,69,77,93.64,0,0,0.1,0,18.5556630093216,6133
"p346","ssp585","CNRM-ESM2-1","2075",0.41,0.76,0,105,0,52,58,81,0,0,0,0.3,18.5679579946248,6134
"p346","ssp585","CNRM-ESM2-1","2075",0.31,0.39,0,107,0.15,51,57,80.43,0,0,0.3,0,17.0382770020284,6135
"p346","ssp585","CNRM-ESM2-1","2075",0.54,0.87,0,106,0.1,62,68,88.45,0,0,0,0.05,18.2910384814504,6136
"p346","ssp585","CNRM-ESM2-1","2075",0.46,0.97,0,106,0.1,76,82,96.93,0,0,0,0.1,17.7062818303428,6137
"p346","ssp585","CNRM-ESM2-1","2075",0.32,0.57,0,101,0,44,50,75.24,0,0,0,0,18.2257839145371,6138
"p346","ssp585","CNRM-ESM2-1","2075",0.34,0.39,0,104,0.3,48,55,79.6,0.1,0,0.1,0.4,17.0940227058681,6139
"p346","ssp585","CNRM-ESM2-1","2075",0.42,0.53,0,96,0.1,47,53,81.02,0,0,0.2,0.05,17.7120917048412,6140
"p346","ssp585","CNRM-ESM2-1","2075",0.46,1,0,119,0.1,50,56,77.26,0,0,0,0.1,18.2304823605678,6141
"p346","ssp585","CNRM-ESM2-1","2075",0.38,0.54,0,104,0.1,55,61,85.73,0,0,0.1,0.05,19.0345812995658,6142
"p346","ssp585","CNRM-ESM2-1","2075",0.31,0.52,0,101,0.2,57,89,89.38,0,0,0,0.1,18.6574945575747,6143
"p346","ssp585","CNRM-ESM2-1","2075",0.29,0.6,0,112,0.1,58,66,86.02,0,0,0,0.05,18.423244023489,6144
"p346","ssp585","CNRM-ESM2-1","2075",0.3,0.84,0.2,112,0.15,74,80,98.83,0,0,0.2,0.05,18.373524667821,6145
"p346","ssp585","CNRM-ESM2-1","2075",0.39,0.79,0,116,0.1,54,60,82.91,0,0,0.1,0.15,18.8427806790863,6146
"p346","ssp585","CNRM-ESM2-1","2075",0.31,0.48,0.2,100,0.1,62,105,93.36,0,0,0,0.1,20.0267267236646,6147
"p346","ssp585","CNRM-ESM2-1","2075",0.33,0.65,0,88,0.1,52,58,86.02,0,0,0.2,0.15,18.0692746111191,6148
"p346","ssp585","CNRM-ESM2-1","2075",0.5,0.6,0,105,0,62,68,93.77,0,0,0.3,0,18.9352886545415,6149
"p346","ssp585","CNRM-ESM2-1","2075",0.23,0.29,0.3,98,0.1,47,53,74.09,0.1,0,0,0,16.4029214896232,6150
"p346","ssp585","CNRM-ESM2-1","2075",0.22,0.1,0.2,94,0.1,50,56,77.24,0,0,0.2,0.25,18.248341592468,6151
"p346","ssp585","CNRM-ESM2-1","2075",0.37,0.45,0.25,118,0.1,48,54,78.99,0,0,0.2,0,18.2142065564115,6152
"p346","ssp585","CNRM-ESM2-1","2075",0.32,0.49,0.2,107,0.4,56,62,83.9,0,0,0,0.15,18.1907152495197,6153
"p346","ssp585","CNRM-ESM2-1","2075",0.35,0.78,0,116,0,54,60,84.79,0,0,0.3,0.15,18.4153889677213,6154
"p346","ssp585","CNRM-ESM2-1","2075",0.44,0.52,0,107,0.1,55,61,81.21,0,0,0.2,0.1,18.3921085194665,6155
"p346","ssp585","CNRM-ESM2-1","2075",0.27,0.56,0,110,0.6,75,81,94.58,0,0,0.2,0,19.1199978811686,6156
"p346","ssp585","CNRM-ESM2-1","2075",0.16,0.44,0,119,0.1,52,58,83.71,0.2,0,0,0.05,18.1548754390701,6157
"p346","ssp585","CNRM-ESM2-1","2075",0.14,0.48,0,95,0.2,78,84,102.67,0,0,0,0.05,19.5208903430208,6158
"p346","ssp585","CNRM-ESM2-1","2075",0.4,0.64,0,116,0,58,64,82.99,0,0,0,0,18.5632338553709,6159
"p346","ssp585","CNRM-ESM2-1","2075",0.19,0.38,0.2,103,0,65,76,85.53,0,0,0,0.05,18.8211980458242,6160
"p346","ssp585","CNRM-ESM2-1","2075",0.26,0.29,0,104,0.1,57,67,84.55,0,0,0.3,0.05,17.8086385707891,6161
"p346","ssp585","CNRM-ESM2-1","2075",0.26,0.58,0,90,0,45,51,78.9,0.1,0,0,0,17.4226484836829,6162
"p346","ssp585","CNRM-ESM2-1","2075",0.26,0.4,0,109,0.1,60,66,86.27,0,0,0.4,0.3,19.025232225347,6163
"p346","ssp585","CNRM-ESM2-1","2075",0.29,0.53,0,102,0,45,51,76.52,0,0,0.3,0,18.2170319071153,6164
"p346","ssp585","CNRM-ESM2-1","2075",0.22,0.42,0,92,0,50,56,85.24,0,0,0.2,0,18.141086183066,6165
"p346","ssp585","CNRM-ESM2-1","2075",0.15,0.61,0,102,0.1,74,80,98.1,0,0,0,0,19.2050521908021,6166
"p346","ssp585","CNRM-ESM2-1","2075",0.31,0.29,0.2,103,0.35,48,63,72.94,0,0,0.1,0,18.8193474965712,6167
"p346","ssp585","CNRM-ESM2-1","2075",0.36,0.65,0,114,0.1,73,79,99.4,0.1,0,0.1,0,18.8158109168157,6168
"p346","ssp585","CNRM-ESM2-1","2075",0.31,0.64,0,107,0.1,68,74,92.34,0,0,0.1,0.15,18.7117436862498,6169
"p346","ssp585","CNRM-ESM2-1","2075",0.35,0.78,0,109,0.1,44,53,76.47,0,0,0.1,0.05,17.6013419527544,6170
"p346","ssp585","CNRM-ESM2-1","2075",0.15,0.47,0.2,103,0.2,49,55,78.53,0,0,0.2,0,17.9591646503098,6171
"p346","ssp585","CNRM-ESM2-1","2075",0.25,0.62,0,107,0.1,58,64,80.87,0,0,0,0,18.4124729402219,6172
"p346","ssp585","CNRM-ESM2-1","2075",0.14,0.55,0,107,0,76,82,91.02,0,0,0.1,0.2,19.4317560768953,6173
"p346","ssp585","CNRM-ESM2-1","2075",0.46,0.47,0,107,0.2,44,50,71.13,0.1,0,0.1,0,17.1311817731614,6174
"p346","ssp585","CNRM-ESM2-1","2075",0.32,0.51,0.2,86,0.2,50,56,79.65,0,0,0.2,0.05,18.1218312826175,6175
"p346","ssp585","CNRM-ESM2-1","2075",0.17,0.61,0,95,0.15,51,57,85.78,0.1,0,0,0.15,17.570896619528,6176
"p346","ssp585","CNRM-ESM2-1","2075",0.36,0.43,0,111,0.2,58,64,89.43,0,0,0.2,0.5,18.2861093661127,6177
"p346","ssp585","CNRM-ESM2-1","2075",0.23,0.35,0,109,0.1,65,71,91.52,0,0,0,0,18.8067638896904,6178
"p346","ssp585","CNRM-ESM2-1","2075",0.15,0.41,0,98,0.2,47,53,78.63,0,0,0.1,0,18.9657140785588,6179
"p346","ssp585","CNRM-ESM2-1","2075",0.21,0.38,0,103,0.1,83,89,104.54,0,0,0.1,0.1,19.1316024774594,6180
"p346","ssp585","CNRM-ESM2-1","2075",0.35,0.52,0,123,0,47,73,78.39,0,0,0.1,0,17.6875765178024,6181
"p346","ssp585","CNRM-ESM2-1","2075",0.52,0.55,0,100,0,45,64,75.38,0,0,0.2,0,18.8998024398804,6182
"p346","ssp585","CNRM-ESM2-1","2075",0.29,0.35,0,108,0.1,46,66,78.39,0,0,0.3,0,17.5287434435462,6183
"p346","ssp585","CNRM-ESM2-1","2075",0.11,0.35,0,102,0.1,77,92,98.79,0,0,0,0.1,19.0941701385094,6184
"p346","ssp585","CNRM-ESM2-1","2075",0.34,0.62,0,105,0.4,76,82,99.93,0,0,0,0.2,18.6431414935449,6185
"p346","ssp585","CNRM-ESM2-1","2075",0.24,0.41,0.2,103,0.3,47,81,80.42,0,0,0.2,0.05,19.53522209656,6186
"p346","ssp585","CNRM-ESM2-1","2075",0.42,0.6,0,102,0.1,70,76,92.45,0,0,0.2,0,18.1853119915545,6187
"p346","ssp585","CNRM-ESM2-1","2075",0.42,0.7,0,119,0,50,56,83.21,0,0,0.1,0.1,18.1136287585287,6188
"p346","ssp585","CNRM-ESM2-1","2075",0.34,0.43,0,105,0.2,62,68,92.07,0,0,0,0,17.6329139668738,6189
"p346","ssp585","CNRM-ESM2-1","2075",0.11,0.64,0.2,100,0.2,48,80,80.24,0,0,0.2,0,18.9163640869157,6190
"p346","ssp585","CNRM-ESM2-1","2075",0.28,0.51,0,103,0.3,72,78,102.14,0,0,0.1,0,18.4613147905771,6191
"p346","ssp585","CNRM-ESM2-1","2075",0.28,0.49,0,112,0,46,64,73.11,0,0,0.6,0,18.3820507755399,6192
"p346","ssp585","CNRM-ESM2-1","2075",0.26,0.67,0,112,0,58,72,82.39,0.1,0,0,0.25,17.2076886126532,6193
"p346","ssp585","CNRM-ESM2-1","2075",0.24,0.56,0,107,0.1,59,65,91.24,0,0,0.1,0,18.855447822052,6194
"p346","ssp585","CNRM-ESM2-1","2075",0.2,0.47,0.25,112,0.2,49,55,75.81,0.1,0,0.1,0.05,16.7126259535351,6195
"p346","ssp585","CNRM-ESM2-1","2075",0.13,0.63,0.2,101,0.2,44,50,63.68,0,0,0.1,0,17.2821825814379,6196
"p346","ssp585","CNRM-ESM2-1","2075",0.45,0.66,0,95,0.1,54,60,80.39,0,0,0.2,0,17.8014299101107,6197
"p346","ssp585","CNRM-ESM2-1","2075",0.37,0.65,0,97,0.1,58,66,87.99,0,0,0,0.2,18.7011486366029,6198
"p346","ssp585","CNRM-ESM2-1","2075",0.28,0.71,0,94,0.1,73,79,100.24,0,0,0,0,19.3838166827611,6199
"p346","ssp585","CNRM-ESM2-1","2075",0.29,0.49,0,106,0,61,72,88.14,0,0,0.1,0,18.3890436912222,6200
"p346","ssp585","EC-Earth3-CC","2075",0.43,0.34,0,96,0.2,44,50,70.65,0,0,0.3,0.2,18.3896745467104,6201
"p346","ssp585","EC-Earth3-CC","2075",0.25,0.56,0.2,98,0.1,45,51,76.78,0,0,0.1,0.05,18.426792151102,6202
"p346","ssp585","EC-Earth3-CC","2075",0.25,0.77,0,104,0,49,61,82.93,0,0,0,0.05,18.1432616983605,6203
"p346","ssp585","EC-Earth3-CC","2075",0.32,0.52,0,107,0.1,58,64,78.61,0,0,0.1,0,18.6064372304769,6204
"p346","ssp585","EC-Earth3-CC","2075",0.4,0.83,0,109,0,51,57,80.97,0,0,0,0.05,18.0482925691999,6205
"p346","ssp585","EC-Earth3-CC","2075",0.32,0.57,0,108,0,47,53,77.05,0.1,0,0.1,0.1,18.1081116501357,6206
"p346","ssp585","EC-Earth3-CC","2075",0.31,0.43,0,108,0,45,64,78.64,0,0,0,0,18.3064535854541,6207
"p346","ssp585","EC-Earth3-CC","2075",0.46,0.51,0,102,0.2,45,51,69.23,0,0,0.2,0.2,18.5480436171966,6208
"p346","ssp585","EC-Earth3-CC","2075",0.26,0.56,0,114,0.1,47,60,83.95,0,0,0.2,0.05,19.1495244810451,6209
"p346","ssp585","EC-Earth3-CC","2075",0.55,0.7,0,104,0.1,46,70,80.29,0.1,0,0,0,17.5968447342885,6210
"p346","ssp585","EC-Earth3-CC","2075",0.37,0.65,0,109,0,53,59,81.72,0.1,0,0.1,0.1,18.7047634536634,6211
"p346","ssp585","EC-Earth3-CC","2075",0.42,0.61,0,118,0,60,66,88.22,0,0,0.4,0.1,17.9459941070277,6212
"p346","ssp585","EC-Earth3-CC","2075",0.36,0.28,0,96,0.15,52,58,71.18,0,0,0,0,17.7042366918122,6213
"p346","ssp585","EC-Earth3-CC","2075",0.17,0.55,0,92,0.5,46,52,77.25,0,0,0.3,0.2,17.1205270157893,6214
"p346","ssp585","EC-Earth3-CC","2075",0.32,0.72,0,97,0.2,51,58,78,0,0,0.1,0,18.0852733973152,6215
"p346","ssp585","EC-Earth3-CC","2075",0.12,0.43,0,112,0.2,46,52,70.99,0,0,0.4,0.15,18.5706600482062,6216
"p346","ssp585","EC-Earth3-CC","2075",0.25,0.81,0,105,0,46,52,76.25,0,0,0.1,0,17.6931413768946,6217
"p346","ssp585","EC-Earth3-CC","2075",0.29,0.86,0.45,113,0.4,56,62,86.23,0,0,0.4,0,18.6448209565626,6218
"p346","ssp585","EC-Earth3-CC","2075",0.65,0.37,0.2,103,0,52,58,77.62,0,0,0.1,0,18.4928357200129,6219
"p346","ssp585","EC-Earth3-CC","2075",0.39,0.53,0,98,0,49,55,80.24,0,0,0,0,18.2634280358561,6220
"p346","ssp585","EC-Earth3-CC","2075",0.33,0.85,0,117,0,59,65,77.24,0,0,0.1,0.15,18.7956704604517,6221
"p346","ssp585","EC-Earth3-CC","2075",0.62,0.53,0,109,0.2,70,76,99.37,0,0,0.1,0,18.8040906486651,6222
"p346","ssp585","EC-Earth3-CC","2075",0.25,0.6,0,111,0.2,44,50,71.96,0.1,0,0,0.05,18.2310228303462,6223
"p346","ssp585","EC-Earth3-CC","2075",0.43,0.62,0,111,0.3,45,51,75.21,0,0,0.2,0,19.0298245572155,6224
"p346","ssp585","EC-Earth3-CC","2075",0.24,0.57,0.2,103,0,52,58,71.56,0,0,0.1,0.15,18.3676565213653,6225
"p346","ssp585","EC-Earth3-CC","2075",0.46,0.5,0,118,0.1,49,55,80.24,0,0,0.3,0.05,19.5261204361192,6226
"p346","ssp585","EC-Earth3-CC","2075",0.35,0.54,0,93,0.1,64,70,94.45,0,0,0.2,0.15,19.1967529398603,6227
"p346","ssp585","EC-Earth3-CC","2075",0.42,0.75,0.25,110,0,52,58,81.76,0,0,0,0.05,18.5637852161836,6228
"p346","ssp585","EC-Earth3-CC","2075",0.63,0.59,0,98,0,47,53,76.85,0,0,0.4,0.05,18.7010245929444,6229
"p346","ssp585","EC-Earth3-CC","2075",0.34,0.66,0,111,0,45,51,75.45,0,0,0.2,0.35,18.4782827354871,6230
"p346","ssp585","EC-Earth3-CC","2075",0.17,0.48,0.2,101,0.1,46,52,77.21,0,0,0,0,17.3811047177081,6231
"p346","ssp585","EC-Earth3-CC","2075",0.33,0.46,0,107,0.15,57,63,86.41,0,0,0,0,18.9388498628608,6232
"p346","ssp585","EC-Earth3-CC","2075",0.45,0.69,0,105,0,67,74,89.34,0,0,0.5,0,18.5184114010601,6233
"p346","ssp585","EC-Earth3-CC","2075",0.4,0.68,0,104,0.2,51,57,78.55,0,0,0,0.25,19.2124725965127,6234
"p346","ssp585","EC-Earth3-CC","2075",0.47,0.54,0,112,0,51,57,78.72,0,0,0.1,0.1,17.4942408076188,6235
"p346","ssp585","EC-Earth3-CC","2075",0.5,0.8,0,106,0.1,62,68,87.18,0,0,0.1,0,18.5289462843154,6236
"p346","ssp585","EC-Earth3-CC","2075",0.64,0.76,0,107,0.2,75,81,98.11,0,0,0.1,0.15,17.9026624050481,6237
"p346","ssp585","EC-Earth3-CC","2075",0.45,0.64,0,99,0.1,44,50,72.09,0,0,0,0,18.6206925809947,6238
"p346","ssp585","EC-Earth3-CC","2075",0.27,0.24,0.35,94,0.2,49,55,78.18,0.1,0,0.1,0.25,17.7008176218076,6239
"p346","ssp585","EC-Earth3-CC","2075",0.47,0.81,0,101,0.2,47,53,79,0,0,0,0,17.9745398724194,6240
"p346","ssp585","EC-Earth3-CC","2075",0.63,0.55,0.3,108,0.2,49,55,70.68,0,0,0,0,18.310082229469,6241
"p346","ssp585","EC-Earth3-CC","2075",0.45,0.33,0,110,0,55,61,86.14,0,0,0.2,0.05,19.2836422941264,6242
"p346","ssp585","EC-Earth3-CC","2075",0.34,0.48,0,101,0.2,55,69,85.9,0,0,0.2,0.1,18.092755553209,6243
"p346","ssp585","EC-Earth3-CC","2075",0.3,0.77,0,111,0.1,58,72,86.89,0,0,0.2,0.1,18.59849533379,6244
"p346","ssp585","EC-Earth3-CC","2075",0.61,0.82,0,123,0.1,60,76,87.75,0,0,0,0.05,18.2772853818587,6245
"p346","ssp585","EC-Earth3-CC","2075",0.3,0.69,0,115,0,53,59,81.98,0,0,0,0.05,18.9629455634883,6246
"p346","ssp585","EC-Earth3-CC","2075",0.28,0.53,0,107,0,61,79,93.73,0,0,0,0.05,18.517675064128,6247
"p346","ssp585","EC-Earth3-CC","2075",0.34,0.37,0,88,0,52,58,85.77,0,0,0,0.15,18.7438451862305,6248
"p346","ssp585","EC-Earth3-CC","2075",0.36,0.56,0,106,0,61,67,92.49,0,0,0,0,19.315829900296,6249
"p346","ssp585","EC-Earth3-CC","2075",0.21,0.41,0.25,95,0.2,47,53,72.41,0,0,0.1,0,16.5998904025977,6250
"p346","ssp585","EC-Earth3-CC","2075",0.43,0.2,0,99,0.2,46,53,66.9,0,0,0,0.05,18.5695809438405,6251
"p346","ssp585","EC-Earth3-CC","2075",0.33,0.33,0,120,0,47,53,77.34,0,0,0.2,0,18.387419908852,6252
"p346","ssp585","EC-Earth3-CC","2075",0.44,0.58,0,122,0,52,59,79.39,0,0,0,0,18.3068041830424,6253
"p346","ssp585","EC-Earth3-CC","2075",0.22,0.51,0,115,0.15,46,53,78.39,0,0,0.2,0.15,18.5114688736878,6254
"p346","ssp585","EC-Earth3-CC","2075",0.34,0.44,0,105,0.15,55,61,77.96,0,0,0,0,18.6618452540339,6255
"p346","ssp585","EC-Earth3-CC","2075",0.47,0.64,0,110,0.1,77,83,95.08,0,0,0,0,19.6636767783374,6256
"p346","ssp585","EC-Earth3-CC","2075",0.36,0.65,0,123,0,46,55,78.25,0.2,0,0.1,0.05,18.3523583865399,6257
"p346","ssp585","EC-Earth3-CC","2075",0.5,0.4,0,94,0,46,67,78.35,0,0,0.4,0,19.0335467563249,6258
"p346","ssp585","EC-Earth3-CC","2075",0.35,0.35,0.2,112,0.1,52,58,78.57,0,0,0,0,18.7669775369894,6259
"p346","ssp585","EC-Earth3-CC","2075",0.2,0.55,0,107,0.3,64,70,83.74,0,0,0.2,0,18.6373252281731,6260
"p346","ssp585","EC-Earth3-CC","2075",0.17,0.42,0.35,93,0.25,57,65,85.98,0,0,0.1,0,17.9150956307725,6261
"p346","ssp585","EC-Earth3-CC","2075",0.4,0.66,0,91,0.1,45,51,79.97,0.1,0,0.3,0,17.726367506661,6262
"p346","ssp585","EC-Earth3-CC","2075",0.48,0.45,0.25,107,0.2,59,65,86.58,0,0,0.1,0.15,19.3841778244941,6263
"p346","ssp585","EC-Earth3-CC","2075",0.22,0.39,0,104,0,45,51,75.39,0,0,0.2,0,18.4556953601615,6264
"p346","ssp585","EC-Earth3-CC","2075",0.23,0.36,0,87,0,48,54,85.88,0,0,0.2,0,18.6431990572482,6265
"p346","ssp585","EC-Earth3-CC","2075",0.35,0.64,0.2,100,0.2,73,79,96.75,0,0,0.1,0,19.5077541663106,6266
"p346","ssp585","EC-Earth3-CC","2075",0.19,0.37,0,98,0.2,46,60,67.5,0,0,0,0,19.1266214122647,6267
"p346","ssp585","EC-Earth3-CC","2075",0.19,0.56,0,113,0.1,56,68,84.75,0,0,0,0,18.7188436780351,6268
"p346","ssp585","EC-Earth3-CC","2075",0.29,0.68,0,104,0.3,67,73,93.72,0,0,0.1,0.1,18.9430864951675,6269
"p346","ssp585","EC-Earth3-CC","2075",0.78,0.79,0,109,0,44,50,74.1,0,0,0.2,0,17.7191207963918,6270
"p346","ssp585","EC-Earth3-CC","2075",0.3,0.61,0,102,0.15,49,55,79.23,0,0,0.1,0,18.1928123381432,6271
"p346","ssp585","EC-Earth3-CC","2075",0.4,0.61,0.2,106,0.3,57,63,75.28,0,0,0.2,0,18.6296432194142,6272
"p346","ssp585","EC-Earth3-CC","2075",0.34,0.58,0,114,0.1,57,79,77.29,0,0,0,0.05,19.4250930758667,6273
"p346","ssp585","EC-Earth3-CC","2075",0.09,0.32,0,106,0.45,44,50,69.45,0.1,0,0.3,0,17.3054961487194,6274
"p346","ssp585","EC-Earth3-CC","2075",0.46,0.66,0,87,0.3,49,55,78.15,0,0,0.3,0,18.5620372051917,6275
"p346","ssp585","EC-Earth3-CC","2075",0.42,0.55,0,100,0,51,57,84.68,0,0,0.1,0,17.6105045822285,6276
"p346","ssp585","EC-Earth3-CC","2075",0.21,0.48,0.2,100,0.3,57,63,88.77,0,0,0.1,0.2,18.6519364161488,6277
"p346","ssp585","EC-Earth3-CC","2075",0.51,0.31,0,111,0.2,67,73,93.2,0,0,0,0,18.9221287660666,6278
"p346","ssp585","EC-Earth3-CC","2075",0.5,0.73,0,110,0.1,46,52,76.28,0,0,0.1,0.2,19.3377083909467,6279
"p346","ssp585","EC-Earth3-CC","2075",0.29,0.43,0,104,0.1,66,72,89.5,0,0,0,0,18.7004434818538,6280
"p346","ssp585","EC-Earth3-CC","2075",0.3,0.41,0,126,0,46,52,79.2,0,0,0,0,17.3432209963663,6281
"p346","ssp585","EC-Earth3-CC","2075",0.33,0.45,0,101,0,45,61,76.09,0,0,0.2,0,19.1845329882701,6282
"p346","ssp585","EC-Earth3-CC","2075",0.41,0.45,0,104,0.4,45,51,75.06,0,0,0,0,17.2695307063797,6283
"p346","ssp585","EC-Earth3-CC","2075",0.24,0.28,0,99,0.2,89,95,107.03,0,0,0.1,0,19.3900658885313,6284
"p346","ssp585","EC-Earth3-CC","2075",0.24,0.47,0,103,0.2,75,81,102.51,0,0,0,0.15,18.7777107091428,6285
"p346","ssp585","EC-Earth3-CC","2075",0.33,0.38,0,109,0.1,47,79,80.32,0,0,0.1,0,19.7168709599526,6286
"p346","ssp585","EC-Earth3-CC","2075",0.56,0.28,0.3,90,0,69,75,90.97,0,0,0.1,0,18.5035456215883,6287
"p346","ssp585","EC-Earth3-CC","2075",0.41,0.77,0.2,121,0.1,48,54,83.18,0,0,0.1,0,18.1403891601229,6288
"p346","ssp585","EC-Earth3-CC","2075",0.34,0.47,0.2,108,0,62,68,93.8,0,0,0,0,17.9233741447482,6289
"p346","ssp585","EC-Earth3-CC","2075",0.16,0.47,0.2,104,0.3,48,70,78.92,0,0,0.3,0,18.6509850603173,6290
"p346","ssp585","EC-Earth3-CC","2075",0.4,0.4,0,108,0.1,47,74,82.41,0,0,0,0,18.602990422238,6291
"p346","ssp585","EC-Earth3-CC","2075",0.24,0.78,0,117,0.15,45,59,70.3,0,0,0.1,0,18.6939156741465,6292
"p346","ssp585","EC-Earth3-CC","2075",0.37,0.54,0,107,0.1,57,63,80.43,0,0,0.1,0.2,16.8639555518869,6293
"p346","ssp585","EC-Earth3-CC","2075",0.46,0.58,0,106,0.1,56,62,90.94,0,0,0.1,0,19.0636427796141,6294
"p346","ssp585","EC-Earth3-CC","2075",0.39,0.9,0,115,0,48,54,77.16,0,0,0.1,0.05,17.2684118657544,6295
"p346","ssp585","EC-Earth3-CC","2075",0.32,0.28,0,100,0.4,44,50,65.26,0,0,0.2,0,17.4432081098985,6296
"p346","ssp585","EC-Earth3-CC","2075",0.37,0.51,0,95,0.1,50,56,75.42,0,0,0.1,0,18.1360315070987,6297
"p346","ssp585","EC-Earth3-CC","2075",0.25,0.71,0,101,0.2,53,59,85.16,0,0,0,0,18.6449603525333,6298
"p346","ssp585","EC-Earth3-CC","2075",0.37,0.68,0,99,0.1,51,67,84.04,0,0,0.1,0,19.1290574932383,6299
"p346","ssp585","EC-Earth3-CC","2075",0.45,0.83,0,105,0.1,56,62,86.73,0,0,0.5,0,18.1826392298136,6300
"p346","ssp585","EC-Earth3-Veg-LR","2075",0.4,0.22,0,105,0,44,50,68.96,0,0,0,0.2,18.8985966122695,6301
"p346","ssp585","EC-Earth3-Veg-LR","2075",0.28,0.48,0.25,100,0.2,44,50,74.73,0,0,0.1,0.05,18.7292904728723,6302
"p346","ssp585","EC-Earth3-Veg-LR","2075",0.47,0.45,0,109,0.1,46,52,78.07,0,0,0.1,0,18.1514416701158,6303
"p346","ssp585","EC-Earth3-Veg-LR","2075",0.23,0.4,0,111,0.2,49,58,72.98,0,0,0.1,0,18.7306416216367,6304
"p346","ssp585","EC-Earth3-Veg-LR","2075",0.47,0.36,0.25,105,0.1,50,56,81.2,0,0,0,0,18.5229451888354,6305
"p346","ssp585","EC-Earth3-Veg-LR","2075",0.18,0.43,0,112,0.2,46,52,75.71,0,0,0.3,0.2,18.4370928446444,6306
"p346","ssp585","EC-Earth3-Veg-LR","2075",0.42,0.68,0,105,0,44,50,77.6,0,0,0.2,0,18.1665081275197,6307
"p346","ssp585","EC-Earth3-Veg-LR","2075",0.37,0.45,0,100,0.2,44,50,69.49,0,0,0.2,0.25,19.2435306412815,6308
"p346","ssp585","EC-Earth3-Veg-LR","2075",0.33,0.34,0,111,0.2,45,51,80,0,0,0.1,0.05,19.3080816714873,6309
"p346","ssp585","EC-Earth3-Veg-LR","2075",0.06,0,0,101,0.1,45,51,78.95,0.1,0,0,0,17.4270123175669,6310
"p346","ssp585","EC-Earth3-Veg-LR","2075",0.33,0.37,0,109,0.2,44,52,68.57,0,0,0.2,0.15,18.8670748770872,6311
"p346","ssp585","EC-Earth3-Veg-LR","2075",0.3,0.54,0,112,0.2,57,63,89.65,0,0,0.1,0.05,18.4719469008543,6312
"p346","ssp585","EC-Earth3-Veg-LR","2075",0.37,0.32,0.5,103,0,51,57,71.28,0,0,0.2,0,18.3003666378397,6313
"p346","ssp585","EC-Earth3-Veg-LR","2075",0.34,0.64,0,90,0.2,46,52,72.95,0,0,0.3,0.2,17.7888787383743,6314
"p346","ssp585","EC-Earth3-Veg-LR","2075",0.35,0.59,0,99,0.1,49,55,74.92,0,0,0,0,18.5291614061865,6315
"p346","ssp585","EC-Earth3-Veg-LR","2075",0.36,0.72,0,119,0,45,51,69.72,0,0,0.1,0.1,19.20772457036,6316
"p346","ssp585","EC-Earth3-Veg-LR","2075",0.2,0.45,0.2,104,0.4,45,51,74.83,0,0,0.1,0.05,18.2404511785049,6317
"p346","ssp585","EC-Earth3-Veg-LR","2075",0.28,0.44,0,118,0,46,52,76.86,0,0,0.2,0,19.0083700718752,6318
"p346","ssp585","EC-Earth3-Veg-LR","2075",0.64,0.35,0,107,0.3,46,52,71.97,0,0,0.1,0,18.8217971164545,6319
"p346","ssp585","EC-Earth3-Veg-LR","2075",0.66,0.4,0,96,0.2,48,54,79.36,0,0,0.4,0,18.6992295704693,6320
"p346","ssp585","EC-Earth3-Veg-LR","2075",0.6,0.75,0,113,0,57,63,74.67,0,0,0,0.15,19.5134556986966,6321
"p346","ssp585","EC-Earth3-Veg-LR","2075",0.38,0.48,0.2,104,0.3,57,69,87.71,0,0,0.2,0.1,18.8468766769135,6322
"p346","ssp585","EC-Earth3-Veg-LR","2075",0.32,0.6,0,109,0.1,44,50,67.97,0,0,0.1,0.05,18.5730308047407,6323
"p346","ssp585","EC-Earth3-Veg-LR","2075",0.25,0.59,0,108,0.1,44,50,76.34,0,0,0.1,0,19.6059725242723,6324
"p346","ssp585","EC-Earth3-Veg-LR","2075",0.39,0.59,0,107,0.1,48,54,71.52,0,0,0.5,0.15,18.7936071242501,6325
"p346","ssp585","EC-Earth3-Veg-LR","2075",0.22,0.36,0,119,0.1,49,55,80.1,0,0,0,0.05,19.5139889541809,6326
"p346","ssp585","EC-Earth3-Veg-LR","2075",0.37,0.22,0.25,87,0,61,67,94.79,0,0,0.4,0,19.3949766917035,6327
"p346","ssp585","EC-Earth3-Veg-LR","2075",0.32,0.63,0,102,0.5,46,52,73.57,0,0,0,0.05,19.0537926493249,6328
"p346","ssp585","EC-Earth3-Veg-LR","2075",0.54,0.77,0,97,0,45,51,76.52,0,0,0,0.05,19.2385902520458,6329
"p346","ssp585","EC-Earth3-Veg-LR","2075",0.35,0.51,0,105,0,44,50,77.27,0,0,0.2,0.3,18.8377135679647,6330
"p346","ssp585","EC-Earth3-Veg-LR","2075",0.3,0.56,0,104,0.1,45,51,75.2,0,0,0.1,0,17.9112101629662,6331
"p346","ssp585","EC-Earth3-Veg-LR","2075",0.27,0.24,0,109,0.3,56,62,85.4,0,0,0,0,19.8642578588836,6332
"p346","ssp585","EC-Earth3-Veg-LR","2075",0.51,0.46,0,108,0.2,54,60,79.66,0,0,0.1,0,18.6703382613624,6333
"p346","ssp585","EC-Earth3-Veg-LR","2075",0.48,0.52,0,106,0,50,56,79.59,0,0,0,0.15,19.491261709459,6334
"p346","ssp585","EC-Earth3-Veg-LR","2075",0.31,0.26,0,108,0.15,48,54,77.79,0,0,0.3,0,17.9045780118973,6335
"p346","ssp585","EC-Earth3-Veg-LR","2075",0.48,0.88,0,108,0.1,60,66,87.6,0,0,0,0,18.9645135639827,6336
"p346","ssp585","EC-Earth3-Veg-LR","2075",0.46,1,0,107,0.1,56,75,80.99,0,0,0,0.1,18.0578473655997,6337
"p346","ssp585","EC-Earth3-Veg-LR","2075",0.25,0.61,0,101,0,43,49,72.06,0,0,0.1,0,19.0613122375045,6338
"p346","ssp585","EC-Earth3-Veg-LR","2075",0.25,0.23,0,103,0.3,46,52,73.66,0.1,0,0.1,0.3,17.8332007425813,6339
"p346","ssp585","EC-Earth3-Veg-LR","2075",0.38,0.52,0,95,0,46,52,78.09,0,0,0.3,0.05,18.5113300309573,6340
"p346","ssp585","EC-Earth3-Veg-LR","2075",0.41,0.86,0,120,0.1,45,51,71.23,0,0,0,0,18.9028811055586,6341
"p346","ssp585","EC-Earth3-Veg-LR","2075",0.33,0.52,0,105,0,51,57,84.43,0,0,0.1,0.05,19.6596132894695,6342
"p346","ssp585","EC-Earth3-Veg-LR","2075",0.31,0.6,0,105,0.2,55,67,86.7,0,0,0,0,18.2663966616695,6343
"p346","ssp585","EC-Earth3-Veg-LR","2075",0.29,0.47,0,111,0.1,55,61,84.93,0,0,0,0.05,18.9701276052857,6344
"p346","ssp585","EC-Earth3-Veg-LR","2075",0.3,0.78,0.3,112,0.1,53,59,82.37,0,0,0.3,0.05,18.1129500823844,6345
"p346","ssp585","EC-Earth3-Veg-LR","2075",0.39,0.73,0,119,0.1,48,54,76.25,0,0,0.1,0.05,19.2161161249511,6346
"p346","ssp585","EC-Earth3-Veg-LR","2075",0.31,0.45,0.2,102,0.1,57,63,89.92,0,0,0.1,0,18.0857526798019,6347
"p346","ssp585","EC-Earth3-Veg-LR","2075",0.33,0.43,0,93,0,49,55,84.79,0,0,0.2,0,18.7472231435334,6348
"p346","ssp585","EC-Earth3-Veg-LR","2075",0.45,0.53,0,107,0,53,59,88.15,0,0,0.4,0,19.1861531676549,6349
"p346","ssp585","EC-Earth3-Veg-LR","2075",0.24,0.32,0.3,97,0.1,46,52,70.78,0,0,0.1,0,17.358069040027,6350
"p346","ssp585","EC-Earth3-Veg-LR","2075",0.17,0.1,0.2,92,0.2,44,50,67.52,0,0,0.2,0.05,18.7455818894512,6351
"p346","ssp585","EC-Earth3-Veg-LR","2075",0.37,0.44,0,118,0,47,53,76.99,0,0,0.2,0,18.962652046829,6352
"p346","ssp585","EC-Earth3-Veg-LR","2075",0.3,0.29,0,107,0.3,50,56,78.49,0,0,0,0.05,18.7083230545559,6353
"p346","ssp585","EC-Earth3-Veg-LR","2075",0.35,0.6,0,117,0,45,51,76.18,0,0,0.3,0.1,19.0372719074459,6354
"p346","ssp585","EC-Earth3-Veg-LR","2075",0.44,0.33,0,106,0,52,58,76.2,0,0,0.3,0.05,19.1401747963091,6355
"p346","ssp585","EC-Earth3-Veg-LR","2075",0.27,0.55,0,108,0.8,44,50,71.44,0,0,0.4,0,17.8794481048739,6356
"p346","ssp585","EC-Earth3-Veg-LR","2075",0.16,0.44,0,120,0.1,46,52,77.52,0,0,0.1,0.05,18.8955239330063,6357
"p346","ssp585","EC-Earth3-Veg-LR","2075",0.14,0.25,0,94,0.2,46,63,78.87,0,0,0,0,19.2472278482634,6358
"p346","ssp585","EC-Earth3-Veg-LR","2075",0.4,0.41,0,120,0,51,57,77.22,0,0,0.1,0,19.0111565766434,6359
"p346","ssp585","EC-Earth3-Veg-LR","2075",0.19,0.46,0.2,106,0,49,63,74.01,0,0,0,0,19.0697530850234,6360
"p346","ssp585","EC-Earth3-Veg-LR","2075",0.19,0.28,0.2,105,0.1,54,60,84.63,0,0,0.3,0,18.2836388851753,6361
"p346","ssp585","EC-Earth3-Veg-LR","2075",0.26,0.45,0,92,0,44,50,76.6,0.1,0,0,0,18.3937958173158,6362
"p346","ssp585","EC-Earth3-Veg-LR","2075",0.26,0.43,0,108,0.1,58,64,83.43,0,0,0.4,0.1,19.6901868957941,6363
"p346","ssp585","EC-Earth3-Veg-LR","2075",0.29,0.61,0,103,0.1,44,50,74.52,0,0,0.4,0,19.1160213375703,6364
"p346","ssp585","EC-Earth3-Veg-LR","2075",0.22,0.26,0,86,0,47,53,81.44,0,0,0.2,0,18.8761277922381,6365
"p346","ssp585","EC-Earth3-Veg-LR","2075",0.15,0.59,0,104,0.2,63,69,91.51,0,0,0,0,19.2245056017334,6366
"p346","ssp585","EC-Earth3-Veg-LR","2075",0.3,0.25,0,102,0.25,46,52,66.64,0,0,0.2,0,18.9765767159638,6367
"p346","ssp585","EC-Earth3-Veg-LR","2075",0.29,0.53,0,113,0.1,54,60,83.47,0,0,0.1,0,18.8334939125983,6368
"p346","ssp585","EC-Earth3-Veg-LR","2075",0.36,0.63,0,106,0.1,66,72,89.94,0,0,0.2,0.05,19.3299092127503,6369
"p346","ssp585","EC-Earth3-Veg-LR","2075",0.34,0.67,0,113,0.1,44,50,73.93,0,0,0.1,0.05,18.4141026689961,6370
"p346","ssp585","EC-Earth3-Veg-LR","2075",0.15,0.34,0.2,102,0.2,47,53,76.15,0,0,0.2,0,18.6190241984305,6371
"p346","ssp585","EC-Earth3-Veg-LR","2075",0.25,0.49,0,106,0.1,56,62,75.93,0,0,0,0,19.0037226141665,6372
"p346","ssp585","EC-Earth3-Veg-LR","2075",0.14,0.45,0,108,0,51,57,72.12,0,0,0.2,0.05,18.4598733592128,6373
"p346","ssp585","EC-Earth3-Veg-LR","2075",0.46,0.57,0,104,0.2,44,50,66.28,0,0,0.1,0,17.9216150249899,6374
"p346","ssp585","EC-Earth3-Veg-LR","2075",0.32,0.44,0.2,86,0.1,47,53,75.52,0,0,0.2,0,18.9622607317956,6375
"p346","ssp585","EC-Earth3-Veg-LR","2075",0.17,0.5,0,93,0.1,49,55,83.76,0,0,0,0.1,18.5446051706576,6376
"p346","ssp585","EC-Earth3-Veg-LR","2075",0.36,0.47,0,109,0.1,55,61,87.35,0,0,0.2,0.3,18.9384889500616,6377
"p346","ssp585","EC-Earth3-Veg-LR","2075",0.18,0.24,0,110,0.1,53,59,82.43,0,0,0.1,0,19.2653190626346,6378
"p346","ssp585","EC-Earth3-Veg-LR","2075",0.15,0.5,0,98,0.2,45,51,78.55,0,0,0.4,0,19.4955817371179,6379
"p346","ssp585","EC-Earth3-Veg-LR","2075",0.21,0.38,0,102,0,64,70,88.26,0,0,0.4,0,18.9079263298344,6380
"p346","ssp585","EC-Earth3-Veg-LR","2075",0.3,0.51,0,124,0,45,51,74.59,0,0,0.3,0,17.1900752329566,6381
"p346","ssp585","EC-Earth3-Veg-LR","2075",0.52,0.48,0,101,0,45,55,71.17,0,0,0.2,0,19.215484703884,6382
"p346","ssp585","EC-Earth3-Veg-LR","2075",0.26,0.35,0,106,0.1,45,51,75.58,0,0,0.4,0,17.7121154374786,6383
"p346","ssp585","EC-Earth3-Veg-LR","2075",0.11,0.24,0,100,0.1,47,73,76.89,0,0,0.1,0,18.5920640271078,6384
"p346","ssp585","EC-Earth3-Veg-LR","2075",0.34,0.51,0,104,0.4,62,68,87.76,0,0,0,0.1,18.6065919306368,6385
"p346","ssp585","EC-Earth3-Veg-LR","2075",0.23,0.41,0.2,101,0.4,46,52,77.51,0,0,0.2,0,18.5669113293275,6386
"p346","ssp585","EC-Earth3-Veg-LR","2075",0.35,0.44,0,101,0.1,50,58,76.94,0,0,0.2,0,18.333922560962,6387
"p346","ssp585","EC-Earth3-Veg-LR","2075",0.42,0.49,0,123,0,47,53,79.17,0,0,0.1,0,18.7271933778421,6388
"p346","ssp585","EC-Earth3-Veg-LR","2075",0.33,0.33,0,103,0.1,61,67,89.95,0,0,0,0,18.2792682228003,6389
"p346","ssp585","EC-Earth3-Veg-LR","2075",0.11,0.65,0.2,100,0.2,47,60,78.52,0,0,0.3,0,18.6967652467197,6390
"p346","ssp585","EC-Earth3-Veg-LR","2075",0.24,0.55,0,105,0.3,47,60,83.34,0,0,0.1,0,18.6167991145764,6391
"p346","ssp585","EC-Earth3-Veg-LR","2075",0.23,0.35,0,112,0,45,58,70.39,0,0,0.8,0,18.900188754922,6392
"p346","ssp585","EC-Earth3-Veg-LR","2075",0.21,0.67,0,109,0,56,62,77.33,0,0,0,0.2,17.5266883596131,6393
"p346","ssp585","EC-Earth3-Veg-LR","2075",0.24,0.53,0,109,0.1,53,59,86.75,0,0,0.1,0,19.0867418508609,6394
"p346","ssp585","EC-Earth3-Veg-LR","2075",0.2,0.45,0.25,114,0.1,47,53,73.91,0,0,0.1,0.05,17.6681996832524,6395
"p346","ssp585","EC-Earth3-Veg-LR","2075",0.13,0.54,0.3,104,0.2,44,50,62.3,0,0,0.1,0,18.0457633576117,6396
"p346","ssp585","EC-Earth3-Veg-LR","2075",0.41,0.64,0,98,0.1,47,53,70.73,0,0,0.2,0,18.597962884469,6397
"p346","ssp585","EC-Earth3-Veg-LR","2075",0.37,0.76,0,100,0.1,53,59,83.17,0,0,0,0.1,19.0305607036228,6398
"p346","ssp585","EC-Earth3-Veg-LR","2075",0.23,0.74,0,94,0.1,50,58,82.32,0,0,0.1,0,19.0895001904732,6399
"p346","ssp585","EC-Earth3-Veg-LR","2075",0.29,0.49,0.2,107,0,56,62,83.48,0,0,0.1,0,18.8354517719153,6400
"p346","ssp585","FGOALS-g3","2075",0.4,0.22,0,87,0,45,51,67.97,0,0,0,0.2,18.5070507447192,6401
"p346","ssp585","FGOALS-g3","2075",0.28,0.21,0.25,95,0.2,46,52,76.45,0,0,0.1,0.05,18.489466844912,6402
"p346","ssp585","FGOALS-g3","2075",0.47,0.22,0,97,0.1,62,68,94.29,0,0,0,0,18.1119988188813,6403
"p346","ssp585","FGOALS-g3","2075",0.23,0.12,0,97,0.1,59,65,83.63,0,0,0.1,0,18.4700207880564,6404
"p346","ssp585","FGOALS-g3","2075",0.47,0.27,0.25,96,0.2,52,58,79.36,0,0,0,0,18.2116280131514,6405
"p346","ssp585","FGOALS-g3","2075",0.18,0.48,0,108,0.2,50,56,79.21,0.1,0,0.2,0.2,18.0898818381274,6406
"p346","ssp585","FGOALS-g3","2075",0.42,0.12,0,91,0,47,65,81.77,0,0,0.2,0,18.6728411573693,6407
"p346","ssp585","FGOALS-g3","2075",0.37,0.23,0,88,0.2,46,52,74.01,0,0,0.1,0.3,18.7734243448044,6408
"p346","ssp585","FGOALS-g3","2075",0.33,0.14,0,100,0.1,48,65,82.2,0,0,0,0.1,19.4636395033012,6409
"p346","ssp585","FGOALS-g3","2075",0.19,0,0,89,0.1,47,70,82.39,0.1,0,0,0,17.9080026991291,6410
"p346","ssp585","FGOALS-g3","2075",0.33,0.24,0,85,0.2,54,73,74.78,0,0,0,0.15,19.7106315175705,6411
"p346","ssp585","FGOALS-g3","2075",0.3,0.1,0,106,0.2,59,65,90.13,0,0,0.1,0.05,18.2086832198309,6412
"p346","ssp585","FGOALS-g3","2075",0.37,0.1,0.5,93,0,53,59,67.53,0,0,0.2,0,17.9844963615097,6413
"p346","ssp585","FGOALS-g3","2075",0.41,0.46,0.2,79,0.1,51,58,76.5,0,0,0,0.2,17.576960482477,6414
"p346","ssp585","FGOALS-g3","2075",0.35,0.36,0,93,0.1,59,65,82.6,0,0,0,0.05,18.4225504042582,6415
"p346","ssp585","FGOALS-g3","2075",0.36,0.39,0,112,0,46,52,69.74,0,0,0,0.2,18.7678440126822,6416
"p346","ssp585","FGOALS-g3","2075",0.15,0.34,0.2,99,0.4,50,68,77.41,0,0,0.1,0.05,18.560376612654,6417
"p346","ssp585","FGOALS-g3","2075",0.28,0.62,0,114,0.1,56,62,85.17,0,0,0,0,18.7199200358558,6418
"p346","ssp585","FGOALS-g3","2075",0.64,0.39,0,104,0.3,53,59,80.37,0,0,0,0,18.5844695688499,6419
"p346","ssp585","FGOALS-g3","2075",0.66,0.37,0,77,0.1,50,75,81.33,0,0,0.2,0,19.4269212839522,6420
"p346","ssp585","FGOALS-g3","2075",0.6,0.6,0,107,0,59,65,73.12,0,0,0,0.2,19.3185694419318,6421
"p346","ssp585","FGOALS-g3","2075",0.39,0.42,0,99,0.4,70,76,95.47,0,0,0.1,0.1,18.7763109575594,6422
"p346","ssp585","FGOALS-g3","2075",0.32,0.26,0,99,0.1,44,50,70.65,0.1,0,0.1,0.05,18.2355570551685,6423
"p346","ssp585","FGOALS-g3","2075",0.26,0.35,0,103,0.2,45,51,79.92,0,0,0.1,0,19.2068653940442,6424
"p346","ssp585","FGOALS-g3","2075",0.39,0.43,0,102,0.1,53,61,75.25,0,0,0.4,0.2,18.5984852768339,6425
"p346","ssp585","FGOALS-g3","2075",0.22,0,0,110,0,51,57,83.37,0,0,0,0.1,19.7056457467466,6426
"p346","ssp585","FGOALS-g3","2075",0.37,0.22,0.25,76,0,65,71,93.21,0,0,0.2,0,19.3838748662631,6427
"p346","ssp585","FGOALS-g3","2075",0.4,0.36,0,93,0.3,52,58,77.26,0,0,0,0.1,18.6979179257653,6428
"p346","ssp585","FGOALS-g3","2075",0.54,0.61,0,83,0,47,53,77.75,0,0,0,0.05,19.1081817189682,6429
"p346","ssp585","FGOALS-g3","2075",0.35,0.11,0,100,0,45,51,75.58,0,0,0.1,0.3,18.3554314130376,6430
"p346","ssp585","FGOALS-g3","2075",0.4,0.35,0,94,0.2,47,53,79.09,0.1,0,0,0,17.5621543811028,6431
"p346","ssp585","FGOALS-g3","2075",0.27,0.22,0,91,0.3,58,64,85.27,0,0,0,0,19.6137138914753,6432
"p346","ssp585","FGOALS-g3","2075",0.51,0,0,103,0.2,67,73,87.35,0,0,0,0,18.8658586544355,6433
"p346","ssp585","FGOALS-g3","2075",0.48,0.18,0,93,0,52,58,76.88,0,0,0,0.15,19.2581249611414,6434
"p346","ssp585","FGOALS-g3","2075",0.31,0.16,0,100,0.15,52,58,80.24,0,0,0.2,0,17.5939672648935,6435
"p346","ssp585","FGOALS-g3","2075",0.48,0.54,0,102,0.1,62,68,87.88,0,0,0,0,18.6592909101366,6436
"p346","ssp585","FGOALS-g3","2075",0.46,0.7,0,98,0,74,80,92.77,0,0,0,0.1,18.0558173211878,6437
"p346","ssp585","FGOALS-g3","2075",0.25,0.5,0,99,0,44,50,75.16,0,0,0,0,18.5706328863488,6438
"p346","ssp585","FGOALS-g3","2075",0.33,0.1,0,98,0.3,51,58,78.82,0.1,0,0.1,0.4,17.71255206245,6439
"p346","ssp585","FGOALS-g3","2075",0.41,0.49,0,85,0,48,54,79.53,0,0,0.1,0.05,18.0692295241775,6440
"p346","ssp585","FGOALS-g3","2075",0.41,0.58,0,113,0.1,51,57,76.83,0,0,0,0,18.6264770041287,6441
"p346","ssp585","FGOALS-g3","2075",0.38,0.12,0,104,0,56,62,85.47,0,0,0.1,0.05,19.5111771693149,6442
"p346","ssp585","FGOALS-g3","2075",0.31,0.35,0,97,0.2,57,72,86.39,0,0,0,0.05,18.3213778858393,6443
"p346","ssp585","FGOALS-g3","2075",0.29,0.26,0,105,0.1,58,64,80.24,0,0,0,0.05,18.6067536790319,6444
"p346","ssp585","FGOALS-g3","2075",0.3,0.7,0.2,110,0.15,61,77,86.33,0,0,0.2,0.05,18.6287656313199,6445
"p346","ssp585","FGOALS-g3","2075",0.39,0.35,0,111,0.1,54,60,79.88,0,0,0.1,0.1,19.1745972039557,6446
"p346","ssp585","FGOALS-g3","2075",0.31,0.31,0,96,0.1,62,78,90.93,0,0,0,0.1,18.4756509447345,6447
"p346","ssp585","FGOALS-g3","2075",0.33,0.36,0,87,0,53,59,83.07,0,0,0.2,0,18.4844881000991,6448
"p346","ssp585","FGOALS-g3","2075",0.51,0.22,0,93,0,62,68,91.78,0,0,0.3,0,19.1559782006698,6449
"p346","ssp585","FGOALS-g3","2075",0.23,0,0.3,86,0,49,65,72.22,0,0,0,0,17.21996855815,6450
"p346","ssp585","FGOALS-g3","2075",0.17,0.33,0,91,0.1,52,58,78.66,0,0,0.2,0.2,18.6645432784034,6451
"p346","ssp585","FGOALS-g3","2075",0.37,0.33,0,98,0,48,54,78.56,0,0,0.2,0,18.7596619392386,6452
"p346","ssp585","FGOALS-g3","2075",0.32,0.14,0.2,101,0.4,56,62,81.19,0,0,0,0.05,18.6276956378854,6453
"p346","ssp585","FGOALS-g3","2075",0.35,0.26,0,103,0,54,60,80.59,0,0,0.2,0.1,18.911945062752,6454
"p346","ssp585","FGOALS-g3","2075",0.44,0.1,0,91,0.1,56,62,77.74,0,0,0.2,0.05,18.8576650723399,6455
"p346","ssp585","FGOALS-g3","2075",0.27,0.21,0,103,0.6,72,78,94.14,0,0,0.2,0,19.1634126732364,6456
"p346","ssp585","FGOALS-g3","2075",0.16,0,0,111,0.1,53,59,82.61,0,0,0,0.05,18.6177202247127,6457
"p346","ssp585","FGOALS-g3","2075",0.14,0,0,88,0.2,68,74,92.88,0,0,0,0,19.5958632191966,6458
"p346","ssp585","FGOALS-g3","2075",0.4,0.13,0,115,0,58,64,77.39,0,0,0,0,19.0965578810403,6459
"p346","ssp585","FGOALS-g3","2075",0.19,0.19,0.2,97,0,64,70,84.69,0,0,0,0.05,18.8562623001505,6460
"p346","ssp585","FGOALS-g3","2075",0.19,0.25,0.2,87,0.1,58,66,84.6,0,0,0.3,0,18.0658855720056,6461
"p346","ssp585","FGOALS-g3","2075",0.26,0.1,0,78,0,46,52,78.6,0.1,0,0,0,17.9407756064338,6462
"p346","ssp585","FGOALS-g3","2075",0.26,0.2,0,96,0.1,60,66,85.98,0,0,0.2,0.1,19.5206579022601,6463
"p346","ssp585","FGOALS-g3","2075",0.29,0.42,0,99,0,45,51,79.18,0,0,0.3,0,18.5371011159782,6464
"p346","ssp585","FGOALS-g3","2075",0.22,0.24,0,72,0,50,56,84.97,0,0,0.2,0,18.7439778385218,6465
"p346","ssp585","FGOALS-g3","2075",0.15,0.46,0,96,0.1,73,79,93.99,0,0,0,0,19.4244454214388,6466
"p346","ssp585","FGOALS-g3","2075",0.3,0.22,0,89,0.25,62,68,88.32,0,0,0,0,19.5291081162266,6467
"p346","ssp585","FGOALS-g3","2075",0.29,0.12,0,99,0.1,66,73,90.85,0.1,0,0,0,19.1583303648711,6468
"p346","ssp585","FGOALS-g3","2075",0.31,0.44,0,100,0.1,68,74,89.3,0,0,0,0.05,19.1980189025546,6469
"p346","ssp585","FGOALS-g3","2075",0.35,0.52,0,110,0.1,45,54,76.46,0,0,0.1,0.05,18.142053478179,6470
"p346","ssp585","FGOALS-g3","2075",0.15,0.12,0.2,92,0.2,49,55,76.76,0,0,0.1,0,18.4869862413439,6471
"p346","ssp585","FGOALS-g3","2075",0.25,0.14,0,97,0.1,58,64,79.26,0,0,0,0,18.7109834968284,6472
"p346","ssp585","FGOALS-g3","2075",0.14,0.29,0,100,0,76,82,85.87,0,0,0.1,0.05,19.6280326442859,6473
"p346","ssp585","FGOALS-g3","2075",0.46,0.32,0,94,0.2,44,50,67.88,0,0,0.1,0,17.4350374866066,6474
"p346","ssp585","FGOALS-g3","2075",0.32,0.22,0,76,0.1,50,56,79.93,0,0,0.1,0,18.7340882764876,6475
"p346","ssp585","FGOALS-g3","2075",0.17,0.2,0,81,0.15,51,57,82.68,0,0,0,0.1,18.1414299169642,6476
"p346","ssp585","FGOALS-g3","2075",0.36,0.22,0,97,0.1,59,65,88.66,0,0,0.2,0.3,18.8681839345319,6477
"p346","ssp585","FGOALS-g3","2075",0.23,0.24,0,101,0.1,64,70,90.63,0,0,0,0,19.2934069991758,6478
"p346","ssp585","FGOALS-g3","2075",0.15,0.41,0,89,0.2,48,54,82.42,0,0,0.1,0,19.3844672836397,6479
"p346","ssp585","FGOALS-g3","2075",0.23,0.22,0,98,0,67,77,87.24,0,0,0.2,0,19.14220241047,6480
"p346","ssp585","FGOALS-g3","2075",0.3,0,0,109,0,69,75,88.54,0,0,0.1,0,18.0579811543777,6481
"p346","ssp585","FGOALS-g3","2075",0.51,0.42,0,104,0,46,65,73.54,0,0,0.1,0,19.2218313970156,6482
"p346","ssp585","FGOALS-g3","2075",0.26,0.25,0,97,0.1,46,65,78.64,0,0,0.3,0,17.9288422663943,6483
"p346","ssp585","FGOALS-g3","2075",0.11,0.22,0,93,0.1,74,87,94.91,0,0,0,0,19.051835019106,6484
"p346","ssp585","FGOALS-g3","2075",0.34,0.21,0,97,0.3,74,80,94.77,0,0,0,0.1,18.939241989711,6485
"p346","ssp585","FGOALS-g3","2075",0.24,0.37,0.4,90,0.4,48,81,77.29,0,0,0.2,0.05,19.6706638828635,6486
"p346","ssp585","FGOALS-g3","2075",0.36,0.12,0,89,0.1,69,75,87.55,0,0,0.1,0,18.5346307723832,6487
"p346","ssp585","FGOALS-g3","2075",0.42,0.2,0,106,0,50,56,77.66,0,0,0.1,0.05,18.4385690009423,6488
"p346","ssp585","FGOALS-g3","2075",0.33,0,0,86,0.2,62,68,91.74,0,0,0,0,18.1500255907364,6489
"p346","ssp585","FGOALS-g3","2075",0.11,0.58,0,105,0.2,49,72,77.55,0,0,0.2,0,18.9920537367595,6490
"p346","ssp585","FGOALS-g3","2075",0.24,0.3,0,93,0.3,72,78,99.62,0,0,0.1,0,18.9042883785357,6491
"p346","ssp585","FGOALS-g3","2075",0.23,0.12,0,107,0,61,67,83.43,0,0,0.4,0,18.9924140222651,6492
"p346","ssp585","FGOALS-g3","2075",0.21,0.34,0,98,0,58,71,76.21,0,0,0,0.2,17.645884843855,6493
"p346","ssp585","FGOALS-g3","2075",0.24,0.43,0,108,0.1,59,65,90.37,0,0,0.1,0,18.9118341915083,6494
"p346","ssp585","FGOALS-g3","2075",0.2,0.43,0,108,0.1,49,55,72.57,0,0,0.1,0.05,17.189937551095,6495
"p346","ssp585","FGOALS-g3","2075",0.13,0.22,0.3,95,0.1,44,63,63.12,0,0,0.1,0,18.116687122638,6496
"p346","ssp585","FGOALS-g3","2075",0.42,0.42,0,92,0.1,54,60,74.48,0,0,0.2,0,18.3807856330574,6497
"p346","ssp585","FGOALS-g3","2075",0.37,0.44,0,95,0.1,58,64,84.23,0,0,0,0.1,19.1346667321402,6498
"p346","ssp585","FGOALS-g3","2075",0.23,0.51,0,90,0,68,74,95.03,0,0,0,0,19.6630955501066,6499
"p346","ssp585","FGOALS-g3","2075",0.29,0.3,0,90,0,60,66,86.22,0,0,0.1,0,18.6395934844258,6500
"p346","ssp585","FIO-ESM-2-0","2075",0.41,0.41,0,101,0,44,50,71.27,0,0,0,0.35,18.7346146639892,6501
"p346","ssp585","FIO-ESM-2-0","2075",0.28,0.37,0.25,97,0.1,45,51,74.25,0,0,0.1,0.05,18.766799176093,6502
"p346","ssp585","FIO-ESM-2-0","2075",0.47,0.66,0,106,0.1,47,54,79.4,0,0,0.1,0.3,18.1040459259257,6503
"p346","ssp585","FIO-ESM-2-0","2075",0.23,0.61,0,105,0.1,58,64,81.64,0,0,0.1,0,18.7755332443506,6504
"p346","ssp585","FIO-ESM-2-0","2075",0.5,0.33,0.25,102,0.3,50,56,81.62,0,0,0,0.05,18.4801673004496,6505
"p346","ssp585","FIO-ESM-2-0","2075",0.18,0.67,0,111,0.2,47,53,78.22,0.1,0,0.2,0.35,18.1659867787104,6506
"p346","ssp585","FIO-ESM-2-0","2075",0.42,0.59,0,107,0,45,62,79,0,0,0.1,0,18.628076754106,6507
"p346","ssp585","FIO-ESM-2-0","2075",0.37,0.68,0,100,0.1,45,51,73.22,0.1,0,0.1,0.7,18.7578217322396,6508
"p346","ssp585","FIO-ESM-2-0","2075",0.39,0.47,0,113,0.2,45,51,80.32,0,0,0.1,0.4,19.0726371313137,6509
"p346","ssp585","FIO-ESM-2-0","2075",0.19,0.34,0,105,0.1,45,51,80.03,0.2,0,0,0,17.1765511889575,6510
"p346","ssp585","FIO-ESM-2-0","2075",0.34,0.61,0,106,0.1,52,58,76.85,0.1,0,0.1,0.25,19.122599986563,6511
"p346","ssp585","FIO-ESM-2-0","2075",0.31,0.54,0,112,0,58,64,88.57,0,0,0.1,0.15,18.3659628808199,6512
"p346","ssp585","FIO-ESM-2-0","2075",0.42,0.21,0.5,98,0,51,57,73.29,0,0,0.1,0,18.1868122316499,6513
"p346","ssp585","FIO-ESM-2-0","2075",0.41,0.64,0,88,0.1,46,52,75.82,0,0,0.1,0.45,17.8787791872466,6514
"p346","ssp585","FIO-ESM-2-0","2075",0.35,0.86,0,94,0.1,50,56,77.55,0,0,0,0.05,18.5586841865749,6515
"p346","ssp585","FIO-ESM-2-0","2075",0.36,0.6,0,118,0.1,45,51,72.27,0,0,0,0.25,19.0401534914834,6516
"p346","ssp585","FIO-ESM-2-0","2075",0.16,0.61,0,99,0.2,45,51,75.3,0,0,0.1,0.05,18.138865283413,6517
"p346","ssp585","FIO-ESM-2-0","2075",0.33,0.43,0,116,0.1,47,56,80.44,0,0,0.1,0.05,18.9064562835878,6518
"p346","ssp585","FIO-ESM-2-0","2075",0.67,0.36,0,105,0.1,50,56,77.06,0,0,0.1,0,18.7254027668917,6519
"p346","ssp585","FIO-ESM-2-0","2075",0.68,0.41,0,94,0.2,48,54,80.05,0,0,0.3,0.05,18.6512003299664,6520
"p346","ssp585","FIO-ESM-2-0","2075",0.6,0.71,0,111,0.1,58,64,77.22,0,0,0,0.35,19.5967435813109,6521
"p346","ssp585","FIO-ESM-2-0","2075",0.43,0.57,0,102,0.3,70,76,97.02,0,0,0.1,0.4,18.9204474303096,6522
"p346","ssp585","FIO-ESM-2-0","2075",0.38,0.68,0,104,0.15,44,50,72.2,0.1,0,0.1,0.1,18.3534002740623,6523
"p346","ssp585","FIO-ESM-2-0","2075",0.3,0.64,0,108,0.1,44,50,77.07,0,0,0.1,0,19.2500075380802,6524
"p346","ssp585","FIO-ESM-2-0","2075",0.44,0.4,0,105,0.1,49,55,73.41,0,0,0.3,0.45,18.6056093777324,6525
"p346","ssp585","FIO-ESM-2-0","2075",0.24,0.45,0,117,0,50,56,82.74,0,0,0,0.2,19.8333782501597,6526
"p346","ssp585","FIO-ESM-2-0","2075",0.38,0.64,0,98,0.1,63,69,93.36,0,0,0.3,0.1,19.5518261739895,6527
"p346","ssp585","FIO-ESM-2-0","2075",0.4,0.79,0,104,0.3,49,55,78.1,0,0,0,0.3,18.8039665323199,6528
"p346","ssp585","FIO-ESM-2-0","2075",0.55,0.69,0,88,0,46,52,77.83,0,0,0,0.1,19.1074913903976,6529
"p346","ssp585","FIO-ESM-2-0","2075",0.37,0.59,0,109,0,45,51,77.67,0,0,0.2,0.65,19.0099674626025,6530
"p346","ssp585","FIO-ESM-2-0","2075",0.41,0.73,0,100,0.25,46,52,79.35,0.1,0,0,0.05,17.7460338126981,6531
"p346","ssp585","FIO-ESM-2-0","2075",0.27,0.44,0,106,0.25,56,62,86.01,0,0,0,0,19.5335359485177,6532
"p346","ssp585","FIO-ESM-2-0","2075",0.53,0.67,0,106,0.2,55,68,82.09,0,0,0.1,0,18.5132152802499,6533
"p346","ssp585","FIO-ESM-2-0","2075",0.41,0.76,0,102,0,51,57,81.71,0,0,0,0.6,19.0171402872964,6534
"p346","ssp585","FIO-ESM-2-0","2075",0.36,0.38,0,106,0.15,49,55,81.05,0,0,0.2,0.2,17.8159674631221,6535
"p346","ssp585","FIO-ESM-2-0","2075",0.48,1,0,105,0.1,61,67,88.97,0,0,0,0.05,18.7068124611328,6536
"p346","ssp585","FIO-ESM-2-0","2075",0.46,0.89,0,105,0.1,73,79,96.21,0,0,0,0.3,18.1664356441803,6537
"p346","ssp585","FIO-ESM-2-0","2075",0.32,0.6,0,101,0,43,49,72.09,0,0,0,0.25,19.2348266586509,6538
"p346","ssp585","FIO-ESM-2-0","2075",0.36,0.38,0,102,0.1,46,52,77.27,0.1,0,0.1,0.55,17.9861379684094,6539
"p346","ssp585","FIO-ESM-2-0","2075",0.43,0.53,0,95,0.1,47,53,79.96,0,0,0.1,0.15,18.3779001981583,6540
"p346","ssp585","FIO-ESM-2-0","2075",0.51,1,0,118,0.1,46,52,75.17,0,0,0,0.1,18.7979466736846,6541
"p346","ssp585","FIO-ESM-2-0","2075",0.38,0.58,0,104,0.1,53,59,84.78,0,0,0.1,0.05,19.7151959372789,6542
"p346","ssp585","FIO-ESM-2-0","2075",0.31,0.52,0,100,0.2,55,69,87.67,0,0,0,0.25,18.3996740364589,6543
"p346","ssp585","FIO-ESM-2-0","2075",0.29,0.6,0,111,0.1,56,62,85.29,0,0,0,0.05,18.6959246617218,6544
"p346","ssp585","FIO-ESM-2-0","2075",0.3,0.84,0.2,113,0.15,57,72,86.76,0,0,0.2,0.05,18.7429525156144,6545
"p346","ssp585","FIO-ESM-2-0","2075",0.4,0.83,0,117,0.1,48,54,77.65,0,0,0.1,0.25,19.229740590128,6546
"p346","ssp585","FIO-ESM-2-0","2075",0.31,0.47,0,98,0.1,60,72,92.14,0,0,0,0.1,18.2169938857943,6547
"p346","ssp585","FIO-ESM-2-0","2075",0.33,0.81,0,87,0.1,51,57,83.84,0,0,0.2,0.2,18.9466822304185,6548
"p346","ssp585","FIO-ESM-2-0","2075",0.53,0.63,0,96,0,60,66,91.55,0,0,0.3,0.05,19.278218022908,6549
"p346","ssp585","FIO-ESM-2-0","2075",0.28,0.29,0.3,96,0.1,47,53,74.39,0,0,0,0.05,17.2258387201801,6550
"p346","ssp585","FIO-ESM-2-0","2075",0.22,0.2,0.4,98,0.1,45,51,71.75,0,0,0.1,0.3,18.8910947016025,6551
"p346","ssp585","FIO-ESM-2-0","2075",0.38,0.44,0.25,114,0.1,47,53,78.65,0,0,0.1,0,18.7681955592561,6552
"p346","ssp585","FIO-ESM-2-0","2075",0.32,0.55,0.2,108,0.4,51,57,80.78,0,0,0,0.25,19.1200412287112,6553
"p346","ssp585","FIO-ESM-2-0","2075",0.35,0.71,0,114,0,46,52,78.67,0,0,0.3,0.4,18.8318177479431,6554
"p346","ssp585","FIO-ESM-2-0","2075",0.44,0.63,0,104,0.1,54,60,78.92,0,0,0.3,0.3,18.9801430012556,6555
"p346","ssp585","FIO-ESM-2-0","2075",0.27,0.56,0,108,0.4,45,70,76.05,0,0,0.4,0,19.3137228472151,6556
"p346","ssp585","FIO-ESM-2-0","2075",0.16,0.54,0,118,0.1,46,52,78.56,0.2,0,0.1,0.15,18.753685900854,6557
"p346","ssp585","FIO-ESM-2-0","2075",0.14,0.62,0.2,95,0.2,50,70,81.49,0,0,0,0.1,19.4946609273163,6558
"p346","ssp585","FIO-ESM-2-0","2075",0.4,0.53,0,116,0,52,58,79.12,0,0,0.1,0,19.001624327801,6559
"p346","ssp585","FIO-ESM-2-0","2075",0.25,0.51,0.2,98,0,63,69,85.27,0,0,0,0.1,19.0137055605665,6560
"p346","ssp585","FIO-ESM-2-0","2075",0.26,0.29,0,102,0.1,56,62,83.95,0,0,0.3,0.15,18.1365084812412,6561
"p346","ssp585","FIO-ESM-2-0","2075",0.26,0.57,0,88,0,45,51,77.1,0.1,0,0,0.1,18.1464519524761,6562
"p346","ssp585","FIO-ESM-2-0","2075",0.26,0.5,0,108,0.1,58,64,85.38,0,0,0.3,0.45,19.3413214025068,6563
"p346","ssp585","FIO-ESM-2-0","2075",0.29,0.72,0,101,0,44,50,75.74,0,0,0.2,0.15,18.8181345491821,6564
"p346","ssp585","FIO-ESM-2-0","2075",0.22,0.5,0,92,0,48,54,84.56,0,0,0.2,0.05,18.9641622345614,6565
"p346","ssp585","FIO-ESM-2-0","2075",0.15,0.69,0,102,0.1,73,79,96.99,0,0,0,0.2,19.722164726179,6566
"p346","ssp585","FIO-ESM-2-0","2075",0.3,0.29,0.2,103,0.3,46,59,73.12,0,0,0.2,0,19.3211321098271,6567
"p346","ssp585","FIO-ESM-2-0","2075",0.36,0.57,0,114,0.1,55,66,85.23,0,0,0,0.05,18.9888580132304,6568
"p346","ssp585","FIO-ESM-2-0","2075",0.31,0.6,0,102,0.1,67,73,91.43,0,0,0.2,0.35,19.321686332801,6569
"p346","ssp585","FIO-ESM-2-0","2075",0.4,0.73,0,107,0.1,44,50,75.66,0,0,0.1,0.15,18.2630487936304,6570
"p346","ssp585","FIO-ESM-2-0","2075",0.15,0.56,0,106,0.2,48,54,78.34,0,0,0.2,0.05,18.7047148841371,6571
"p346","ssp585","FIO-ESM-2-0","2075",0.25,0.6,0,108,0.2,57,63,81.03,0,0,0,0,18.8948891235634,6572
"p346","ssp585","FIO-ESM-2-0","2075",0.19,0.5,0,107,0,57,78,79.06,0,0,0.1,0.3,19.4859412985214,6573
"p346","ssp585","FIO-ESM-2-0","2075",0.46,0.58,0,109,0,44,50,69.34,0,0,0.1,0,17.7636784813914,6574
"p346","ssp585","FIO-ESM-2-0","2075",0.32,0.4,0.2,82,0.2,48,54,79.52,0,0,0.1,0.15,18.8221290692133,6575
"p346","ssp585","FIO-ESM-2-0","2075",0.17,0.64,0,96,0.15,50,56,84.02,0,0,0,0.2,18.2716142719585,6576
"p346","ssp585","FIO-ESM-2-0","2075",0.41,0.53,0,108,0.2,56,62,87.7,0,0,0.1,0.7,18.9309150037447,6577
"p346","ssp585","FIO-ESM-2-0","2075",0.15,0.24,0,110,0.1,55,63,84.65,0,0,0.1,0,19.3840044736273,6578
"p346","ssp585","FIO-ESM-2-0","2075",0.15,0.28,0,101,0.1,45,51,78.23,0,0,0.3,0.15,19.9001421144666,6579
"p346","ssp585","FIO-ESM-2-0","2075",0.16,0.38,0,104,0.1,66,72,92.38,0,0,0.2,0.2,18.9466720695163,6580
"p346","ssp585","FIO-ESM-2-0","2075",0.35,0.54,0,120,0,46,52,76.52,0.1,0,0.3,0,17.4896558224569,6581
"p346","ssp585","FIO-ESM-2-0","2075",0.52,0.58,0,98,0,45,59,74.7,0,0,0.1,0,19.3680920688407,6582
"p346","ssp585","FIO-ESM-2-0","2075",0.28,0.47,0,108,0.1,45,51,76.68,0,0,0.3,0,17.7798922747961,6583
"p346","ssp585","FIO-ESM-2-0","2075",0.11,0.35,0,102,0.1,74,87,98.29,0,0,0.1,0.15,19.0177908350256,6584
"p346","ssp585","FIO-ESM-2-0","2075",0.34,0.62,0,105,0.2,74,80,98.01,0,0,0,0.35,19.1318234466526,6585
"p346","ssp585","FIO-ESM-2-0","2075",0.24,0.38,0.2,101,0.1,46,52,79.96,0,0,0.1,0.15,18.2177308022619,6586
"p346","ssp585","FIO-ESM-2-0","2075",0.42,0.61,0,101,0.1,50,69,78.94,0,0,0.1,0,18.7988743136006,6587
"p346","ssp585","FIO-ESM-2-0","2075",0.39,0.6,0,119,0,48,54,79.34,0,0,0,0.15,18.5945969314442,6588
"p346","ssp585","FIO-ESM-2-0","2075",0.34,0.47,0,104,0.1,61,67,91.2,0,0,0,0,18.2925071412343,6589
"p346","ssp585","FIO-ESM-2-0","2075",0.11,0.74,0.2,102,0.2,47,68,79.62,0,0,0.3,0,19.02059793901,6590
"p346","ssp585","FIO-ESM-2-0","2075",0.26,0.49,0,101,0.3,68,74,99.94,0,0,0,0,18.7242825269241,6591
"p346","ssp585","FIO-ESM-2-0","2075",0.28,0.58,0,113,0,46,60,73.94,0,0,0.5,0,18.7949557178674,6592
"p346","ssp585","FIO-ESM-2-0","2075",0.21,0.77,0,111,0,57,63,80.81,0.1,0,0,0.35,17.6482115543425,6593
"p346","ssp585","FIO-ESM-2-0","2075",0.24,0.46,0,105,0.1,54,60,88.09,0,0,0.1,0,19.2759482572987,6594
"p346","ssp585","FIO-ESM-2-0","2075",0.21,0.47,0,110,0.3,48,54,74.69,0,0,0.1,0.05,17.4950686090652,6595
"p346","ssp585","FIO-ESM-2-0","2075",0.13,0.42,0.2,99,0,44,50,61.74,0,0,0.1,0,17.9547743890129,6596
"p346","ssp585","FIO-ESM-2-0","2075",0.48,0.76,0,95,0.1,51,57,78.97,0,0,0.2,0,18.57673235675,6597
"p346","ssp585","FIO-ESM-2-0","2075",0.37,0.69,0,93,0.1,53,59,85.08,0,0,0,0.2,19.2909880909618,6598
"p346","ssp585","FIO-ESM-2-0","2075",0.28,0.96,0,93,0,51,65,84.79,0,0,0.1,0.15,19.5737522095543,6599
"p346","ssp585","FIO-ESM-2-0","2075",0.32,0.45,0,103,0,56,62,84.54,0,0,0.1,0,18.6860399919636,6600
"p346","ssp585","GFDL-ESM4","2075",0.4,0.28,0,94,0,44,50,69.96,0,0,0,0.2,18.5222252790277,6601
"p346","ssp585","GFDL-ESM4","2075",0.33,0.33,0,97,0.2,45,51,74.69,0,0,0.1,0.05,18.5681093500322,6602
"p346","ssp585","GFDL-ESM4","2075",0.47,0.31,0,97,0.1,48,60,81.14,0,0,0.1,0,17.9807624561701,6603
"p346","ssp585","GFDL-ESM4","2075",0.23,0.4,0,100,0.1,59,65,84.38,0,0,0.1,0,18.6442711531845,6604
"p346","ssp585","GFDL-ESM4","2075",0.47,0.39,0.25,98,0.3,51,57,81.5,0,0,0,0,18.2904393781281,6605
"p346","ssp585","GFDL-ESM4","2075",0.18,0.54,0,113,0.2,47,53,75.52,0.2,0,0.2,0.2,18.1306246010316,6606
"p346","ssp585","GFDL-ESM4","2075",0.42,0.45,0,95,0,45,63,77.63,0,0,0.1,0,18.5809479500308,6607
"p346","ssp585","GFDL-ESM4","2075",0.37,0.45,0,93,0.2,45,51,76.86,0.1,0,0,0.55,18.4831190913295,6608
"p346","ssp585","GFDL-ESM4","2075",0.39,0.28,0,109,0.2,46,52,82.07,0,0,0.1,0.2,18.8042872684348,6609
"p346","ssp585","GFDL-ESM4","2075",0.19,0,0,98,0.1,46,70,80.99,0.1,0,0,0,17.8233764939453,6610
"p346","ssp585","GFDL-ESM4","2075",0.34,0.38,0,86,0.2,53,59,76.18,0.1,0,0,0.2,18.964150082881,6611
"p346","ssp585","GFDL-ESM4","2075",0.3,0.48,0,110,0.1,59,65,88.8,0,0,0.1,0.1,18.3927720903988,6612
"p346","ssp585","GFDL-ESM4","2075",0.42,0.1,0.5,99,0,52,58,70.43,0,0,0.2,0,18.0140927338167,6613
"p346","ssp585","GFDL-ESM4","2075",0.44,0.64,0,81,0.1,47,53,74.5,0,0,0,0.2,17.6636293149844,6614
"p346","ssp585","GFDL-ESM4","2075",0.35,0.58,0,93,0.1,50,56,78.6,0,0,0,0.05,18.2376119535046,6615
"p346","ssp585","GFDL-ESM4","2075",0.36,0.61,0,113,0.1,45,51,69.65,0,0,0,0.2,18.7638688878497,6616
"p346","ssp585","GFDL-ESM4","2075",0.23,0.4,0.2,99,0.4,45,51,75.07,0,0,0.1,0.05,17.7955587302222,6617
"p346","ssp585","GFDL-ESM4","2075",0.33,0.58,0,114,0.1,56,62,84.46,0,0,0,0,18.7213569613281,6618
"p346","ssp585","GFDL-ESM4","2075",0.72,0.65,0,106,0.3,50,56,77.89,0,0,0,0,18.2866163425817,6619
"p346","ssp585","GFDL-ESM4","2075",0.67,0.37,0,85,0.2,49,55,81.52,0,0,0.2,0.05,18.2859578085396,6620
"p346","ssp585","GFDL-ESM4","2075",0.61,0.63,0,110,0.1,58,64,75.91,0,0,0,0.2,19.1454850311586,6621
"p346","ssp585","GFDL-ESM4","2075",0.4,0.46,0,99,0.5,71,77,99.05,0,0,0.1,0.2,18.9501858731557,6622
"p346","ssp585","GFDL-ESM4","2075",0.38,0.58,0,100,0.15,44,50,71.2,0.1,0,0,0.05,18.1759456853254,6623
"p346","ssp585","GFDL-ESM4","2075",0.3,0.42,0,106,0.2,44,50,76.6,0,0,0.1,0,18.9955276014376,6624
"p346","ssp585","GFDL-ESM4","2075",0.39,0.52,0,105,0.1,49,55,68.81,0,0,0.2,0.2,18.5466215170823,6625
"p346","ssp585","GFDL-ESM4","2075",0.22,0.35,0,114,0,51,57,82.43,0,0,0,0.15,20.0306532108537,6626
"p346","ssp585","GFDL-ESM4","2075",0.38,0.46,0,79,0,65,71,95.95,0,0,0.3,0.05,19.4902485910142,6627
"p346","ssp585","GFDL-ESM4","2075",0.4,0.52,0,93,0.3,50,56,79.04,0,0,0,0.2,18.5820770151407,6628
"p346","ssp585","GFDL-ESM4","2075",0.55,0.62,0,84,0,47,53,76.55,0,0,0,0.1,18.8657721136298,6629
"p346","ssp585","GFDL-ESM4","2075",0.35,0.35,0,106,0,45,51,76.81,0,0,0.2,0.3,18.5916827553288,6630
"p346","ssp585","GFDL-ESM4","2075",0.45,0.52,0,95,0.25,46,52,78.03,0.1,0,0,0.05,17.5606154220556,6631
"p346","ssp585","GFDL-ESM4","2075",0.27,0.39,0,95,0.35,57,63,85.48,0,0,0,0,19.238760418201,6632
"p346","ssp585","GFDL-ESM4","2075",0.51,0.47,0,106,0.2,67,74,90.57,0,0,0.1,0,18.5723217964473,6633
"p346","ssp585","GFDL-ESM4","2075",0.49,0.3,0,95,0,52,58,80.37,0,0,0,0.25,19.0839648444715,6634
"p346","ssp585","GFDL-ESM4","2075",0.31,0.28,0,104,0.15,51,57,79.61,0,0,0.2,0,17.3850780912292,6635
"p346","ssp585","GFDL-ESM4","2075",0.54,0.79,0,100,0.1,62,68,88.39,0,0,0,0,18.6015405950358,6636
"p346","ssp585","GFDL-ESM4","2075",0.46,0.8,0,99,0,76,82,99.83,0,0,0,0.25,18.2968686557777,6637
"p346","ssp585","GFDL-ESM4","2075",0.32,0.6,0,100,0,44,50,74.04,0,0,0,0,18.8774963596954,6638
"p346","ssp585","GFDL-ESM4","2075",0.35,0.1,0,99,0.3,47,53,75.88,0.1,0,0.1,0.45,17.6265465963211,6639
"p346","ssp585","GFDL-ESM4","2075",0.42,0.52,0,89,0.1,47,53,79.4,0,0,0.1,0.05,17.8756324935623,6640
"p346","ssp585","GFDL-ESM4","2075",0.51,0.72,0,112,0.1,49,55,77.6,0,0,0,0.05,18.6341319263972,6641
"p346","ssp585","GFDL-ESM4","2075",0.38,0.49,0,106,0.1,55,61,85.92,0,0,0,0.05,19.3473817229463,6642
"p346","ssp585","GFDL-ESM4","2075",0.31,0.52,0,99,0.2,56,85,89.65,0,0,0,0.1,19.2256011032337,6643
"p346","ssp585","GFDL-ESM4","2075",0.34,0.44,0,105,0.1,57,63,83.32,0,0,0,0.05,18.6299102751914,6644
"p346","ssp585","GFDL-ESM4","2075",0.3,0.74,0,112,0.15,60,76,86.3,0,0,0.1,0.05,18.7921226240241,6645
"p346","ssp585","GFDL-ESM4","2075",0.39,0.81,0,113,0.1,53,59,81.06,0,0,0,0.15,19.1848472889588,6646
"p346","ssp585","GFDL-ESM4","2075",0.31,0.52,0,97,0.1,61,101,93.32,0,0,0,0.1,19.9534455216608,6647
"p346","ssp585","GFDL-ESM4","2075",0.33,0.54,0,87,0.1,51,57,83.26,0,0,0.2,0.05,18.4735884920028,6648
"p346","ssp585","GFDL-ESM4","2075",0.5,0.47,0,94,0,61,67,91.36,0,0,0.3,0,19.361573211448,6649
"p346","ssp585","GFDL-ESM4","2075",0.28,0.18,0.3,89,0,47,53,70.39,0,0,0,0,16.9308551906264,6650
"p346","ssp585","GFDL-ESM4","2075",0.23,0.2,0,93,0.1,45,51,69.31,0,0,0.2,0.2,18.3447282154649,6651
"p346","ssp585","GFDL-ESM4","2075",0.37,0.35,0,108,0.1,48,54,79.79,0,0,0,0,18.713051273383,6652
"p346","ssp585","GFDL-ESM4","2075",0.32,0.31,0.2,105,0.4,52,59,82.93,0,0,0,0.15,18.7940372516774,6653
"p346","ssp585","GFDL-ESM4","2075",0.36,0.34,0,104,0,46,53,76.68,0,0,0.2,0.15,18.717164953873,6654
"p346","ssp585","GFDL-ESM4","2075",0.45,0.21,0,92,0.1,54,60,77.69,0,0,0.3,0.15,18.6267831300062,6655
"p346","ssp585","GFDL-ESM4","2075",0.27,0.31,0,106,0.6,45,76,74.07,0,0,0.1,0,19.5302871209331,6656
"p346","ssp585","GFDL-ESM4","2075",0.16,0.33,0,113,0.1,52,58,85.21,0.2,0,0,0.05,18.5759120317625,6657
"p346","ssp585","GFDL-ESM4","2075",0.14,0.25,0,93,0.2,73,80,97.57,0,0,0,0,19.7487304579331,6658
"p346","ssp585","GFDL-ESM4","2075",0.4,0.39,0,117,0,53,59,81.56,0,0,0,0,18.7778751924509,6659
"p346","ssp585","GFDL-ESM4","2075",0.19,0.44,0,99,0,64,70,87.12,0,0,0,0.05,18.8427101774394,6660
"p346","ssp585","GFDL-ESM4","2075",0.38,0.37,0,90,0.1,57,66,84.98,0,0,0.3,0,18.0853065813073,6661
"p346","ssp585","GFDL-ESM4","2075",0.26,0.32,0,82,0,45,51,76.72,0.1,0,0,0,17.9962132518401,6662
"p346","ssp585","GFDL-ESM4","2075",0.26,0.37,0,97,0.1,59,65,87.18,0,0,0.3,0.4,19.219951834976,6663
"p346","ssp585","GFDL-ESM4","2075",0.33,0.57,0,101,0,45,51,77.12,0,0,0.2,0,18.4761692462158,6664
"p346","ssp585","GFDL-ESM4","2075",0.25,0.27,0,74,0,48,54,83.5,0,0,0.2,0,18.6806305170202,6665
"p346","ssp585","GFDL-ESM4","2075",0.15,0.48,0,97,0.1,74,80,97.77,0,0,0,0.05,19.6023144508475,6666
"p346","ssp585","GFDL-ESM4","2075",0.31,0.36,0.2,94,0.35,46,60,74.31,0,0,0.1,0,19.0113608480504,6667
"p346","ssp585","GFDL-ESM4","2075",0.37,0.25,0,99,0.1,56,72,84.61,0.1,0,0,0,18.903592460205,6668
"p346","ssp585","GFDL-ESM4","2075",0.31,0.6,0,102,0.1,68,74,94.35,0,0,0.1,0.1,19.0919747517766,6669
"p346","ssp585","GFDL-ESM4","2075",0.4,0.66,0,108,0.1,44,51,72.71,0,0,0,0.1,18.0185815716585,6670
"p346","ssp585","GFDL-ESM4","2075",0.15,0.43,0.2,95,0.2,48,54,77.65,0,0,0.2,0,18.5936679535284,6671
"p346","ssp585","GFDL-ESM4","2075",0.25,0.35,0,102,0.1,57,63,81.69,0,0,0,0,18.8800188200628,6672
"p346","ssp585","GFDL-ESM4","2075",0.14,0.43,0,102,0,76,82,88.37,0,0,0,0.05,19.628660298672,6673
"p346","ssp585","GFDL-ESM4","2075",0.47,0.43,0,107,0.2,44,50,66.69,0,0,0.1,0,17.5661148885518,6674
"p346","ssp585","GFDL-ESM4","2075",0.32,0.23,0,79,0.2,49,55,81.67,0,0,0.1,0.1,18.6596483255381,6675
"p346","ssp585","GFDL-ESM4","2075",0.25,0.33,0,87,0.15,50,56,82.02,0,0,0,0.1,17.9819670502105,6676
"p346","ssp585","GFDL-ESM4","2075",0.36,0.27,0,97,0.2,57,63,88.08,0,0,0.1,0.4,18.7089713207923,6677
"p346","ssp585","GFDL-ESM4","2075",0.28,0.35,0,104,0.1,55,66,85.79,0,0,0.1,0,19.1263291761955,6678
"p346","ssp585","GFDL-ESM4","2075",0.15,0.51,0,93,0.2,46,52,79.71,0,0,0.2,0,19.4520989272017,6679
"p346","ssp585","GFDL-ESM4","2075",0.23,0.44,0,100,0.1,83,89,106.09,0,0,0.1,0.2,19.3394243991144,6680
"p346","ssp585","GFDL-ESM4","2075",0.35,0.22,0,109,0,46,70,76.18,0,0,0.1,0,18.3973174891783,6681
"p346","ssp585","GFDL-ESM4","2075",0.52,0.55,0,103,0,45,61,73.95,0,0,0.1,0,18.9998528784021,6682
"p346","ssp585","GFDL-ESM4","2075",0.3,0.24,0,103,0.1,45,54,76.48,0,0,0.3,0,17.6493708276827,6683
"p346","ssp585","GFDL-ESM4","2075",0.11,0.13,0,93,0.1,77,92,97.92,0,0,0,0.05,19.4708392467648,6684
"p346","ssp585","GFDL-ESM4","2075",0.34,0.56,0,98,0.4,75,81,99.81,0,0,0,0.2,19.0355531294222,6685
"p346","ssp585","GFDL-ESM4","2075",0.24,0.31,0.2,94,0.3,47,80,79.57,0,0,0.1,0.1,19.7904479377292,6686
"p346","ssp585","GFDL-ESM4","2075",0.42,0.51,0,93,0.1,51,71,79.19,0,0,0.1,0,18.6661942479871,6687
"p346","ssp585","GFDL-ESM4","2075",0.42,0.45,0,112,0,48,54,81.23,0,0,0.1,0.05,18.3223818025244,6688
"p346","ssp585","GFDL-ESM4","2075",0.34,0.25,0,92,0.2,62,68,90.79,0,0,0,0,18.1695978151547,6689
"p346","ssp585","GFDL-ESM4","2075",0.19,0.63,0,104,0.2,47,78,79.19,0,0,0.2,0,19.23637279263,6690
"p346","ssp585","GFDL-ESM4","2075",0.28,0.55,0,94,0.3,72,78,100.58,0,0,0,0,18.8650172750939,6691
"p346","ssp585","GFDL-ESM4","2075",0.28,0.46,0,108,0,46,62,71.94,0,0,0.3,0,18.7265518920593,6692
"p346","ssp585","GFDL-ESM4","2075",0.26,0.45,0,100,0,57,70,79.48,0.1,0,0,0.2,17.4975749124102,6693
"p346","ssp585","GFDL-ESM4","2075",0.24,0.54,0,103,0.1,55,61,89.9,0,0,0.1,0,18.9879482862427,6694
"p346","ssp585","GFDL-ESM4","2075",0.31,0.44,0,110,0.2,48,54,75.74,0.1,0,0.1,0.05,17.2099261494824,6695
"p346","ssp585","GFDL-ESM4","2075",0.13,0.46,0.3,98,0.2,44,50,61.85,0,0,0.1,0,17.6656536476712,6696
"p346","ssp585","GFDL-ESM4","2075",0.45,0.48,0,94,0.1,52,58,77.93,0,0,0.2,0,18.4038409499074,6697
"p346","ssp585","GFDL-ESM4","2075",0.37,0.66,0,94,0.1,57,63,86.35,0,0,0,0.15,19.1146964899231,6698
"p346","ssp585","GFDL-ESM4","2075",0.31,0.56,0,91,0.1,72,78,99.95,0,0,0.1,0,19.5940420660256,6699
"p346","ssp585","GFDL-ESM4","2075",0.29,0.43,0,89,0,57,63,87.28,0,0,0.1,0,18.4582944022616,6700
"p346","ssp585","INM-CM4-8","2075",0.41,0.38,0,97,0,45,51,74.91,0,0,0,0.25,18.141821439923,6701
"p346","ssp585","INM-CM4-8","2075",0.28,0.43,0,97,0.1,45,51,74.15,0,0,0.1,0.05,18.1366836580298,6702
"p346","ssp585","INM-CM4-8","2075",0.47,0.53,0,101,0.1,49,61,84.03,0,0,0.2,0,17.5423157790102,6703
"p346","ssp585","INM-CM4-8","2075",0.23,0.43,0,104,0.1,59,65,87.54,0,0,0.2,0,18.2446586776517,6704
"p346","ssp585","INM-CM4-8","2075",0.52,0.36,0.25,96,0.3,51,57,82.51,0,0,0,0,17.7582578894199,6705
"p346","ssp585","INM-CM4-8","2075",0.18,0.61,0,111,0.2,47,53,80.2,0.2,0,0.3,0.25,17.8862093163451,6706
"p346","ssp585","INM-CM4-8","2075",0.42,0.59,0,101,0,46,64,78.42,0,0,0.3,0,18.4550550407536,6707
"p346","ssp585","INM-CM4-8","2075",0.37,0.55,0,94,0.1,45,51,75.71,0.1,0,0.2,0.4,18.3484871670655,6708
"p346","ssp585","INM-CM4-8","2075",0.39,0.51,0,107,0.2,46,52,82.57,0,0,0.2,0.1,18.4839728956511,6709
"p346","ssp585","INM-CM4-8","2075",0.19,0.11,0,99,0.1,46,70,81.66,0.2,0,0,0,17.4732453596791,6710
"p346","ssp585","INM-CM4-8","2075",0.34,0.52,0,100,0.1,53,59,76.68,0.1,0,0.1,0.15,18.3719089635905,6711
"p346","ssp585","INM-CM4-8","2075",0.3,0.47,0,112,0,59,65,89.94,0,0,0.1,0.1,17.6802533301215,6712
"p346","ssp585","INM-CM4-8","2075",0.42,0.32,0.5,99,0,52,58,73.3,0,0,0.2,0,17.6162349402586,6713
"p346","ssp585","INM-CM4-8","2075",0.44,0.66,0,84,0.1,49,55,81.38,0,0,0.2,0.3,17.0911378514311,6714
"p346","ssp585","INM-CM4-8","2075",0.35,0.69,0,94,0.1,51,57,80.09,0,0,0,0.05,17.7337871678416,6715
"p346","ssp585","INM-CM4-8","2075",0.36,0.61,0,113,0.1,45,51,72.2,0,0,0.1,0.2,18.2733515926353,6716
"p346","ssp585","INM-CM4-8","2075",0.16,0.41,0,99,0.2,46,52,76.09,0.1,0,0.1,0.05,17.5185797376138,6717
"p346","ssp585","INM-CM4-8","2075",0.33,0.49,0,112,0.1,56,62,85.98,0,0,0.1,0,18.3314844931238,6718
"p346","ssp585","INM-CM4-8","2075",0.69,0.5,0,102,0.1,52,58,82.15,0,0,0.1,0,18.1370426896239,6719
"p346","ssp585","INM-CM4-8","2075",0.67,0.41,0,93,0.2,49,74,80.43,0,0,0.3,0,19.1869836775717,6720
"p346","ssp585","INM-CM4-8","2075",0.6,0.73,0,107,0.1,59,65,78.95,0,0,0,0.15,18.9055258384393,6721
"p346","ssp585","INM-CM4-8","2075",0.4,0.46,0.2,102,0.3,70,76,97.88,0,0,0.1,0.25,18.3191575233115,6722
"p346","ssp585","INM-CM4-8","2075",0.38,0.68,0,100,0.15,44,50,74.84,0.1,0,0.1,0.05,17.8185083688074,6723
"p346","ssp585","INM-CM4-8","2075",0.31,0.52,0,108,0.1,45,51,79.3,0,0,0.1,0,18.8617345337913,6724
"p346","ssp585","INM-CM4-8","2075",0.44,0.48,0,104,0.1,50,56,71.98,0,0,0.4,0.2,18.1987467342617,6725
"p346","ssp585","INM-CM4-8","2075",0.22,0.4,0,116,0,51,57,84.56,0,0,0,0.05,19.5424454391762,6726
"p346","ssp585","INM-CM4-8","2075",0.38,0.46,0,90,0.1,65,71,92.96,0,0,0.3,0,19.0784947504571,6727
"p346","ssp585","INM-CM4-8","2075",0.4,0.63,0,98,0.3,51,57,80.6,0,0,0,0.1,18.2906667078921,6728
"p346","ssp585","INM-CM4-8","2075",0.55,0.67,0,88,0,47,53,78.61,0,0,0,0.05,18.8450318036483,6729
"p346","ssp585","INM-CM4-8","2075",0.35,0.5,0,103,0,45,51,76.39,0,0,0.2,0.4,18.3520765595854,6730
"p346","ssp585","INM-CM4-8","2075",0.41,0.61,0,94,0.25,46,52,80.34,0.1,0,0.1,0,17.002885282166,6731
"p346","ssp585","INM-CM4-8","2075",0.27,0.29,0,99,0.25,57,63,84.41,0,0,0.1,0,18.8846065058532,6732
"p346","ssp585","INM-CM4-8","2075",0.51,0.6,0,104,0.2,67,74,92.1,0,0,0.1,0,18.2913345606845,6733
"p346","ssp585","INM-CM4-8","2075",0.42,0.54,0,100,0,52,58,80.54,0,0,0.1,0.2,18.7284410583932,6734
"p346","ssp585","INM-CM4-8","2075",0.31,0.5,0,106,0.15,51,57,82.17,0,0,0.4,0,17.2315479579111,6735
"p346","ssp585","INM-CM4-8","2075",0.54,0.89,0,104,0.1,62,68,89.09,0,0,0,0.05,18.3427178489363,6736
"p346","ssp585","INM-CM4-8","2075",0.46,0.88,0,104,0.1,75,81,100.71,0,0,0,0,17.8404367098531,6737
"p346","ssp585","INM-CM4-8","2075",0.32,0.59,0.2,99,0,44,50,78.48,0,0,0,0,18.0026209399027,6738
"p346","ssp585","INM-CM4-8","2075",0.34,0.12,0,99,0.3,48,54,81.97,0.1,0,0.1,0.2,17.2111281105257,6739
"p346","ssp585","INM-CM4-8","2075",0.43,0.52,0,89,0.1,47,53,81.2,0,0,0.2,0,17.7146569572786,6740
"p346","ssp585","INM-CM4-8","2075",0.51,0.96,0,114,0.1,50,56,81.47,0,0,0,0.05,18.2697835094848,6741
"p346","ssp585","INM-CM4-8","2075",0.38,0.73,0,104,0.1,55,61,84.48,0,0,0.1,0.05,19.3896938035606,6742
"p346","ssp585","INM-CM4-8","2075",0.36,0.64,0,98,0.2,57,85,90.75,0,0,0,0.05,18.5531904901595,6743
"p346","ssp585","INM-CM4-8","2075",0.29,0.56,0,107,0.1,58,64,83.65,0,0,0,0.05,18.3011657859267,6744
"p346","ssp585","INM-CM4-8","2075",0.3,0.82,0,108,0.15,60,76,87.48,0,0,0.3,0.05,18.2234543347771,6745
"p346","ssp585","INM-CM4-8","2075",0.39,0.83,0,112,0.1,53,59,81.99,0,0,0.1,0.1,18.9534624354486,6746
"p346","ssp585","INM-CM4-8","2075",0.31,0.58,0,98,0.1,62,102,93.07,0,0,0,0.1,19.8349557055625,6747
"p346","ssp585","INM-CM4-8","2075",0.33,0.71,0,87,0.1,52,58,83.09,0,0,0.3,0.05,18.0615875501257,6748
"p346","ssp585","INM-CM4-8","2075",0.55,0.57,0,102,0,61,67,89.69,0,0,0.3,0,18.8508067617601,6749
"p346","ssp585","INM-CM4-8","2075",0.28,0.28,0.3,95,0.1,47,53,73.46,0,0,0,0,16.5503519942577,6750
"p346","ssp585","INM-CM4-8","2075",0.22,0.22,0,92,0.1,45,51,74.85,0,0,0.2,0.25,18.2229057513581,6751
"p346","ssp585","INM-CM4-8","2075",0.37,0.45,0.25,115,0.1,48,54,80.84,0,0,0.2,0,18.3452869175239,6752
"p346","ssp585","INM-CM4-8","2075",0.32,0.35,0.2,103,0.4,52,59,82.98,0,0,0,0,18.2133252736055,6753
"p346","ssp585","INM-CM4-8","2075",0.35,0.34,0,106,0,52,58,82.84,0,0,0.3,0.15,18.3504197511251,6754
"p346","ssp585","INM-CM4-8","2075",0.44,0.5,0,96,0.1,55,61,80.82,0,0,0.3,0.1,18.3530275905777,6755
"p346","ssp585","INM-CM4-8","2075",0.27,0.43,0,106,0.4,47,77,78.62,0,0,0.4,0,18.8586121667295,6756
"p346","ssp585","INM-CM4-8","2075",0.16,0.34,0,113,0.1,52,58,85.52,0.2,0,0.1,0.05,18.1774586646911,6757
"p346","ssp585","INM-CM4-8","2075",0.14,0.36,0,92,0.2,68,75,93.42,0,0,0.1,0.05,19.1520950126337,6758
"p346","ssp585","INM-CM4-8","2075",0.4,0.43,0,117,0,53,60,82.46,0,0,0.1,0,18.4710545951899,6759
"p346","ssp585","INM-CM4-8","2075",0.25,0.47,0.2,102,0,64,70,89.24,0,0,0,0.05,18.6550507721641,6760
"p346","ssp585","INM-CM4-8","2075",0.36,0.29,0,93,0.1,57,65,83.6,0,0,0.3,0.05,17.579227997495,6761
"p346","ssp585","INM-CM4-8","2075",0.26,0.39,0,87,0,45,51,76.07,0.1,0,0.1,0,17.4499726115026,6762
"p346","ssp585","INM-CM4-8","2075",0.26,0.4,0,105,0.1,59,65,85.95,0,0,0.4,0,18.9206419857032,6763
"p346","ssp585","INM-CM4-8","2075",0.29,0.57,0,102,0,45,51,78.02,0,0,0.3,0,18.1625011882838,6764
"p346","ssp585","INM-CM4-8","2075",0.22,0.33,0,83,0,49,55,85.09,0,0,0.2,0,18.2096927590379,6765
"p346","ssp585","INM-CM4-8","2075",0.15,0.7,0,97,0.1,74,80,97.86,0,0,0,0,19.4113372172665,6766
"p346","ssp585","INM-CM4-8","2075",0.31,0.25,0.2,97,0.2,48,62,79.93,0,0,0.2,0,18.7652655578082,6767
"p346","ssp585","INM-CM4-8","2075",0.36,0.6,0,99,0.1,56,72,86.3,0.1,0,0.2,0,18.5931778391546,6768
"p346","ssp585","INM-CM4-8","2075",0.31,0.64,0,103,0.1,68,74,94.46,0,0,0.2,0.15,18.7542557606259,6769
"p346","ssp585","INM-CM4-8","2075",0.4,0.75,0,105,0.1,44,52,75.21,0,0,0.1,0.05,17.6535519862953,6770
"p346","ssp585","INM-CM4-8","2075",0.15,0.46,0,102,0.2,49,55,77.02,0,0,0.2,0,18.0995302152516,6771
"p346","ssp585","INM-CM4-8","2075",0.25,0.49,0,103,0.1,58,64,84.24,0,0,0,0,18.2546010987557,6772
"p346","ssp585","INM-CM4-8","2075",0.14,0.5,0,102,0,76,82,90.32,0,0,0.2,0.1,19.4176950890408,6773
"p346","ssp585","INM-CM4-8","2075",0.46,0.46,0,106,0,44,50,70.99,0.1,0,0.1,0,17.0643286747795,6774
"p346","ssp585","INM-CM4-8","2075",0.32,0.44,0.2,81,0.2,49,55,81.8,0,0,0.1,0,18.1931948166384,6775
"p346","ssp585","INM-CM4-8","2075",0.22,0.61,0,88,0.15,51,57,82.65,0.1,0,0,0.15,17.9134148480559,6776
"p346","ssp585","INM-CM4-8","2075",0.36,0.43,0,106,0.2,57,63,87.13,0,0,0.2,0.3,18.3498890856986,6777
"p346","ssp585","INM-CM4-8","2075",0.15,0.35,0,109,0.1,63,69,92.01,0,0,0.1,0,18.6922468233214,6778
"p346","ssp585","INM-CM4-8","2075",0.15,0.38,0,98,0.1,47,53,81.35,0,0,0.3,0,18.9819085730117,6779
"p346","ssp585","INM-CM4-8","2075",0.23,0.37,0,99,0.1,67,85,93.42,0,0,0.1,0.05,19.0402724521577,6780
"p346","ssp585","INM-CM4-8","2075",0.35,0.45,0,108,0,47,71,78.88,0,0,0.3,0,17.5831470682799,6781
"p346","ssp585","INM-CM4-8","2075",0.52,0.49,0,102,0,45,62,76.71,0,0,0.2,0,18.9729431590428,6782
"p346","ssp585","INM-CM4-8","2075",0.29,0.47,0,105,0.1,45,56,77.38,0,0,0.4,0,16.9291810511355,6783
"p346","ssp585","INM-CM4-8","2075",0.11,0.24,0,97,0.1,77,92,101.4,0,0,0.1,0.1,18.8592447435243,6784
"p346","ssp585","INM-CM4-8","2075",0.34,0.51,0,98,0.2,75,81,99.26,0,0,0,0.1,18.7190636145871,6785
"p346","ssp585","INM-CM4-8","2075",0.24,0.41,0.2,95,0.1,47,81,79.93,0,0,0.2,0.05,19.7815208483658,6786
"p346","ssp585","INM-CM4-8","2075",0.42,0.61,0,96,0.1,52,72,80.59,0,0,0.2,0,18.1514589554804,6787
"p346","ssp585","INM-CM4-8","2075",0.42,0.49,0,109,0,48,54,81.57,0,0,0.1,0.05,18.1736528872033,6788
"p346","ssp585","INM-CM4-8","2075",0.34,0.21,0,99,0.1,62,68,92.67,0,0,0,0,17.4154434111858,6789
"p346","ssp585","INM-CM4-8","2075",0.11,0.64,0,93,0.2,48,79,79.29,0,0,0.3,0,18.8087648678715,6790
"p346","ssp585","INM-CM4-8","2075",0.28,0.55,0,96,0.3,72,78,100.92,0,0,0.1,0,18.3665500809206,6791
"p346","ssp585","INM-CM4-8","2075",0.28,0.49,0,108,0,46,63,76.98,0,0,0.9,0,18.5116218251278,6792
"p346","ssp585","INM-CM4-8","2075",0.26,0.6,0,104,0,58,71,82.36,0.1,0,0,0.25,17.1314494645281,6793
"p346","ssp585","INM-CM4-8","2075",0.24,0.46,0,99,0.1,57,63,89.1,0,0,0.1,0,18.9250997216971,6794
"p346","ssp585","INM-CM4-8","2075",0.26,0.45,0,108,0.2,48,54,77.03,0.1,0,0.2,0.05,16.8228038434315,6795
"p346","ssp585","INM-CM4-8","2075",0.13,0.39,0.25,98,0,44,50,64.24,0,0,0.1,0,17.3931914157376,6796
"p346","ssp585","INM-CM4-8","2075",0.51,0.61,0,97,0.1,53,59,79.59,0,0,0.4,0,17.794279180968,6797
"p346","ssp585","INM-CM4-8","2075",0.37,0.6,0,94,0.1,57,63,87.88,0,0,0,0.15,18.4873936685685,6798
"p346","ssp585","INM-CM4-8","2075",0.28,0.75,0,92,0,68,75,97.6,0,0,0.1,0,19.0045770268508,6799
"p346","ssp585","INM-CM4-8","2075",0.29,0.45,0,96,0,57,63,87.03,0,0,0.1,0,18.2295328726637,6800
"p346","ssp585","INM-CM5-0","2075",0.41,0.32,0,96,0,44,50,74.62,0,0,0,0.2,18.2917745619038,6801
"p346","ssp585","INM-CM5-0","2075",0.28,0.43,0.25,96,0.1,44,50,73.18,0,0,0.1,0.05,18.2716788507113,6802
"p346","ssp585","INM-CM5-0","2075",0.47,0.67,0,99,0.1,46,52,76.42,0,0,0.1,0,17.3609614257273,6803
"p346","ssp585","INM-CM5-0","2075",0.23,0.58,0,98,0.1,58,64,77.76,0,0,0.1,0,18.1257602991244,6804
"p346","ssp585","INM-CM5-0","2075",0.52,0.37,0.25,94,0.1,50,56,83.05,0,0,0,0,17.7306887242379,6805
"p346","ssp585","INM-CM5-0","2075",0.18,0.58,0,109,0.2,46,52,76.67,0.1,0,0.3,0.2,17.9634752462986,6806
"p346","ssp585","INM-CM5-0","2075",0.42,0.59,0,96,0,44,50,76.12,0,0,0.2,0,17.6799980065077,6807
"p346","ssp585","INM-CM5-0","2075",0.37,0.68,0,91,0.1,44,50,71.57,0.1,0,0.1,0.3,18.5234324030393,6808
"p346","ssp585","INM-CM5-0","2075",0.39,0.47,0,105,0.1,45,51,79.78,0,0,0.1,0,18.6874782102363,6809
"p346","ssp585","INM-CM5-0","2075",0.13,0.13,0,96,0.1,45,51,76.09,0.3,0,0,0,16.5441965709066,6810
"p346","ssp585","INM-CM5-0","2075",0.34,0.54,0,90,0.1,44,52,72.83,0.1,0,0.1,0.15,18.4216118560108,6811
"p346","ssp585","INM-CM5-0","2075",0.3,0.54,0,109,0,57,63,87.9,0,0,0.1,0.1,17.7293281780961,6812
"p346","ssp585","INM-CM5-0","2075",0.42,0.22,0.5,96,0,51,57,76.25,0,0,0.2,0,17.5291404784861,6813
"p346","ssp585","INM-CM5-0","2075",0.41,0.66,0,82,0.1,46,52,76.57,0,0,0,0.2,17.1316788997481,6814
"p346","ssp585","INM-CM5-0","2075",0.35,0.83,0,92,0.1,49,55,78.31,0,0,0,0.05,17.8208897809535,6815
"p346","ssp585","INM-CM5-0","2075",0.36,0.62,0,110,0,45,51,69.44,0,0,0,0.2,18.3866788667256,6816
"p346","ssp585","INM-CM5-0","2075",0.16,0.39,0,96,0.2,45,51,75.75,0,0,0.1,0.05,17.552906561906,6817
"p346","ssp585","INM-CM5-0","2075",0.33,0.45,0,107,0,46,54,78.49,0,0,0,0,18.3457218194871,6818
"p346","ssp585","INM-CM5-0","2075",0.67,0.36,0,96,0.1,46,52,70.64,0,0,0,0,18.2578933195801,6819
"p346","ssp585","INM-CM5-0","2075",0.68,0.44,0,90,0.1,48,54,80.63,0,0,0.3,0,18.164608133535,6820
"p346","ssp585","INM-CM5-0","2075",0.6,0.62,0,104,0,58,64,79.57,0,0,0,0.15,18.8713762715907,6821
"p346","ssp585","INM-CM5-0","2075",0.4,0.54,0,102,0.1,70,76,97.98,0,0,0.1,0.15,18.3185073267053,6822
"p346","ssp585","INM-CM5-0","2075",0.38,0.69,0,95,0.1,44,50,70.4,0.1,0,0.1,0.05,17.9307441653862,6823
"p346","ssp585","INM-CM5-0","2075",0.3,0.5,0,106,0,44,50,73.58,0,0,0.1,0,18.9528326403289,6824
"p346","ssp585","INM-CM5-0","2075",0.44,0.61,0,98,0.1,48,54,67.6,0,0,0.5,0.15,18.2045034603063,6825
"p346","ssp585","INM-CM5-0","2075",0.24,0.36,0,114,0,49,55,80.05,0,0,0,0,19.3204430118596,6826
"p346","ssp585","INM-CM5-0","2075",0.38,0.55,0,77,0,63,69,94.62,0,0,0.3,0,19.0326678358727,6827
"p346","ssp585","INM-CM5-0","2075",0.4,0.63,0,94,0.3,46,52,78.54,0,0,0,0.1,18.3268126892783,6828
"p346","ssp585","INM-CM5-0","2075",0.55,0.71,0,83,0,45,51,77.05,0,0,0,0.05,18.8380278184654,6829
"p346","ssp585","INM-CM5-0","2075",0.37,0.51,0,103,0,44,50,77.8,0,0,0.2,0.3,18.2074212839974,6830
"p346","ssp585","INM-CM5-0","2075",0.41,0.5,0,93,0.1,45,51,76.82,0.1,0,0.1,0,17.1228268853677,6831
"p346","ssp585","INM-CM5-0","2075",0.27,0.44,0,94,0.2,56,62,85.03,0,0,0,0,19.0079124497561,6832
"p346","ssp585","INM-CM5-0","2075",0.52,0.64,0,103,0.2,54,67,83.34,0,0,0.1,0,18.0226222443148,6833
"p346","ssp585","INM-CM5-0","2075",0.48,0.64,0,96,0,51,57,83.16,0,0,0,0.15,18.7038756140994,6834
"p346","ssp585","INM-CM5-0","2075",0.31,0.5,0,105,0.15,48,54,78.3,0,0,0.2,0,17.3805639333216,6835
"p346","ssp585","INM-CM5-0","2075",0.54,0.91,0,99,0.1,61,67,90.05,0,0,0,0,18.4539220645695,6836
"p346","ssp585","INM-CM5-0","2075",0.46,0.88,0,97,0,75,81,99.88,0,0,0,0,17.6383165361943,6837
"p346","ssp585","INM-CM5-0","2075",0.32,0.54,0,96,0,43,49,73.27,0,0,0.1,0,18.1786516341309,6838
"p346","ssp585","INM-CM5-0","2075",0.36,0.24,0,96,0.1,46,52,79.09,0.1,0,0.1,0.25,17.1943686196398,6839
"p346","ssp585","INM-CM5-0","2075",0.42,0.52,0,85,0,46,52,79.94,0,0,0.1,0,17.7748684606689,6840
"p346","ssp585","INM-CM5-0","2075",0.56,0.87,0,111,0.1,45,51,74.28,0,0,0,0,18.2908198484291,6841
"p346","ssp585","INM-CM5-0","2075",0.38,0.5,0,104,0,51,57,84.87,0,0,0.1,0.05,19.2052454123635,6842
"p346","ssp585","INM-CM5-0","2075",0.31,0.53,0,95,0.2,55,69,88.83,0,0,0,0,17.6603774966523,6843
"p346","ssp585","INM-CM5-0","2075",0.29,0.64,0,105,0.1,56,62,85.69,0,0,0,0.05,18.284587161624,6844
"p346","ssp585","INM-CM5-0","2075",0.3,0.84,0,107,0.1,55,61,84.86,0,0,0.3,0.05,17.6411922901938,6845
"p346","ssp585","INM-CM5-0","2075",0.39,0.87,0,108,0.1,48,54,78.98,0,0,0.1,0.05,18.9404368314174,6846
"p346","ssp585","INM-CM5-0","2075",0.31,0.37,0,95,0.1,60,74,92.75,0,0,0,0,17.8100385746864,6847
"p346","ssp585","INM-CM5-0","2075",0.33,0.76,0,80,0,49,55,85.48,0,0,0.2,0,18.0147878654954,6848
"p346","ssp585","INM-CM5-0","2075",0.5,0.54,0,93,0,53,61,86.96,0,0,0.4,0,18.7585003963624,6849
"p346","ssp585","INM-CM5-0","2075",0.28,0.29,0.3,92,0,46,52,71.93,0.1,0,0.1,0,16.638286090836,6850
"p346","ssp585","INM-CM5-0","2075",0.22,0.2,0,92,0.1,44,50,69.77,0,0,0.2,0.05,18.3379185135018,6851
"p346","ssp585","INM-CM5-0","2075",0.37,0.35,0,109,0,47,53,78.32,0,0,0.2,0,18.3238711350245,6852
"p346","ssp585","INM-CM5-0","2075",0.32,0.51,0,104,0.3,50,56,81.14,0,0,0,0,18.312043467395,6853
"p346","ssp585","INM-CM5-0","2075",0.35,0.58,0,101,0,45,51,77.71,0,0,0.3,0.1,18.3628659436171,6854
"p346","ssp585","INM-CM5-0","2075",0.44,0.37,0,89,0,53,59,78.87,0,0,0.3,0.1,18.409988570325,6855
"p346","ssp585","INM-CM5-0","2075",0.28,0.52,0,105,0.4,44,50,69.54,0.1,0,0.2,0,17.2261506350379,6856
"p346","ssp585","INM-CM5-0","2075",0.16,0.34,0,108,0.1,46,52,79.9,0.2,0,0,0.05,18.1371402614103,6857
"p346","ssp585","INM-CM5-0","2075",0.14,0.46,0,92,0.2,46,65,78.77,0,0,0,0,18.6362986822027,6858
"p346","ssp585","INM-CM5-0","2075",0.4,0.43,0,111,0,51,57,83.93,0,0,0,0,18.3992902526299,6859
"p346","ssp585","INM-CM5-0","2075",0.19,0.48,0.2,94,0,49,66,76.23,0,0,0,0,18.3661304685309,6860
"p346","ssp585","INM-CM5-0","2075",0.26,0.29,0,91,0.1,56,62,84.14,0,0,0.3,0,17.5446859129959,6861
"p346","ssp585","INM-CM5-0","2075",0.26,0.58,0,83,0,44,50,75.54,0.1,0,0,0,17.6109278160913,6862
"p346","ssp585","INM-CM5-0","2075",0.26,0.4,0,98,0.1,58,64,86.01,0,0,0.4,0.05,19.0466123543964,6863
"p346","ssp585","INM-CM5-0","2075",0.29,0.63,0,100,0,44,50,72.06,0,0,0.3,0,18.4719406634758,6864
"p346","ssp585","INM-CM5-0","2075",0.22,0.33,0,78,0,47,53,82.78,0,0,0.2,0,18.2688546384425,6865
"p346","ssp585","INM-CM5-0","2075",0.15,0.5,0,90,0.1,74,80,98.37,0,0,0,0,19.3182534560095,6866
"p346","ssp585","INM-CM5-0","2075",0.31,0.29,0,94,0.1,46,59,68.46,0,0,0.1,0,18.7533456962226,6867
"p346","ssp585","INM-CM5-0","2075",0.36,0.55,0,95,0.1,54,65,84.55,0.1,0,0,0,18.3009063462149,6868
"p346","ssp585","INM-CM5-0","2075",0.31,0.64,0,99,0.1,67,73,91.85,0,0,0.1,0.05,18.6325570992021,6869
"p346","ssp585","INM-CM5-0","2075",0.35,0.63,0,104,0.1,44,50,71.75,0,0,0.1,0.05,17.7636199877409,6870
"p346","ssp585","INM-CM5-0","2075",0.15,0.46,0,98,0.2,47,53,78.7,0,0,0.2,0,18.2291667391857,6871
"p346","ssp585","INM-CM5-0","2075",0.25,0.59,0,100,0.1,57,63,76.03,0,0,0,0,18.2989157747695,6872
"p346","ssp585","INM-CM5-0","2075",0.19,0.5,0,99,0,51,58,73,0,0,0.1,0.1,17.9496694992182,6873
"p346","ssp585","INM-CM5-0","2075",0.46,0.46,0,105,0,44,50,68.15,0,0,0.1,0,17.2825369836559,6874
"p346","ssp585","INM-CM5-0","2075",0.32,0.39,0,77,0.1,48,54,78.47,0,0,0.1,0,18.3219243094457,6875
"p346","ssp585","INM-CM5-0","2075",0.22,0.61,0,87,0.1,49,55,82.58,0.1,0,0,0.1,18.0503243342776,6876
"p346","ssp585","INM-CM5-0","2075",0.41,0.46,0,99,0.1,56,62,86.91,0,0,0.2,0.25,18.373143043111,6877
"p346","ssp585","INM-CM5-0","2075",0.23,0.35,0,107,0.1,54,62,84.23,0,0,0.1,0,18.5414881708141,6878
"p346","ssp585","INM-CM5-0","2075",0.15,0.5,0,95,0.1,45,51,76.01,0,0,0.2,0,19.0140235987173,6879
"p346","ssp585","INM-CM5-0","2075",0.23,0.28,0,94,0,66,82,97.3,0,0,0.2,0,18.743520954896,6880
"p346","ssp585","INM-CM5-0","2075",0.35,0.41,0,101,0,45,51,78.83,0,0,0.2,0,16.6194492317546,6881
"p346","ssp585","INM-CM5-0","2075",0.52,0.54,0,99,0,45,58,72.96,0,0,0.2,0,18.7608632046881,6882
"p346","ssp585","INM-CM5-0","2075",0.29,0.48,0,102,0.1,45,51,75.1,0,0,0.4,0,17.011813052838,6883
"p346","ssp585","INM-CM5-0","2075",0.11,0.35,0,90,0,47,87,78.92,0,0,0,0,18.6753909152825,6884
"p346","ssp585","INM-CM5-0","2075",0.34,0.61,0,94,0.2,75,81,102.67,0,0,0,0.1,18.6332390116948,6885
"p346","ssp585","INM-CM5-0","2075",0.24,0.41,0,91,0.1,46,52,81.73,0,0,0.2,0,18.1294789392182,6886
"p346","ssp585","INM-CM5-0","2075",0.42,0.61,0,92,0.1,50,68,80.56,0,0,0.1,0,18.0642725140574,6887
"p346","ssp585","INM-CM5-0","2075",0.42,0.58,0,107,0,47,53,83.49,0,0,0.1,0,18.2375918265259,6888
"p346","ssp585","INM-CM5-0","2075",0.34,0.33,0,92,0,61,67,91.42,0,0,0,0,17.3339541926764,6889
"p346","ssp585","INM-CM5-0","2075",0.11,0.64,0,90,0.2,47,68,82.55,0,0,0.2,0,18.2806545119795,6890
"p346","ssp585","INM-CM5-0","2075",0.28,0.51,0,89,0.3,72,78,103.32,0,0,0.1,0,18.285718560509,6891
"p346","ssp585","INM-CM5-0","2075",0.28,0.44,0,106,0,45,58,72.97,0,0,0.7,0,18.3874843944623,6892
"p346","ssp585","INM-CM5-0","2075",0.26,0.62,0,102,0,57,63,85.45,0.1,0,0,0.2,16.9874343752991,6893
"p346","ssp585","INM-CM5-0","2075",0.24,0.46,0,97,0.1,54,60,89.23,0,0,0.1,0,19.0686450507182,6894
"p346","ssp585","INM-CM5-0","2075",0.2,0.47,0,107,0.1,47,53,78.1,0,0,0.1,0.05,16.9232038543569,6895
"p346","ssp585","INM-CM5-0","2075",0.13,0.42,0.25,93,0,44,50,62.48,0,0,0.1,0,17.4800811281415,6896
"p346","ssp585","INM-CM5-0","2075",0.51,0.62,0,94,0.1,50,56,79.46,0,0,0.2,0,17.78064957241,6897
"p346","ssp585","INM-CM5-0","2075",0.43,0.64,0,91,0.1,53,59,83.17,0,0,0,0.1,18.5005133959327,6898
"p346","ssp585","INM-CM5-0","2075",0.28,0.74,0,90,0,50,66,83.78,0,0,0.1,0,18.674208706651,6899
"p346","ssp585","INM-CM5-0","2075",0.29,0.45,0,85,0,56,62,85.18,0,0,0.1,0,18.265842967299,6900
"p346","ssp585","IPSL-CM6A-LR","2075",0.41,0.63,0,100,0,44,50,60.11,0,0,0,0.5,18.9128101185735,6901
"p346","ssp585","IPSL-CM6A-LR","2075",0.3,0.65,0,103,0,44,50,73.6,0,0,0.1,0.1,19.0364068495584,6902
"p346","ssp585","IPSL-CM6A-LR","2075",0.47,0.79,0,114,0.1,46,52,69.95,0,0,0.1,0.4,18.1387049297171,6903
"p346","ssp585","IPSL-CM6A-LR","2075",0.29,0.66,0,119,0.1,48,54,56.41,0,0,0.1,0,18.6808279501692,6904
"p346","ssp585","IPSL-CM6A-LR","2075",0.52,0.6,0,110,0.3,49,55,72.39,0,0,0,0.1,18.7749468463935,6905
"p346","ssp585","IPSL-CM6A-LR","2075",0.18,0.72,0,104,0.1,46,52,66.14,0.1,0,0.1,0.55,18.4489939366512,6906
"p346","ssp585","IPSL-CM6A-LR","2075",0.42,0.8,0,112,0,44,50,75.91,0,0,0.3,0,18.3406002325483,6907
"p346","ssp585","IPSL-CM6A-LR","2075",0.37,0.75,0,109,0.1,44,50,59.96,0,0,0.2,0.9,19.0430714642988,6908
"p346","ssp585","IPSL-CM6A-LR","2075",0.39,0.57,0,121,0.1,45,51,71.7,0,0,0.1,0.4,19.2385520750299,6909
"p346","ssp585","IPSL-CM6A-LR","2075",0.24,0.51,0,112,0.1,45,51,70.76,0.1,0,0,0,17.0859909238479,6910
"p346","ssp585","IPSL-CM6A-LR","2075",0.37,0.46,0,114,0.1,44,50,66.33,0.1,0,0.1,0.45,19.1446351889459,6911
"p346","ssp585","IPSL-CM6A-LR","2075",0.32,0.86,0,115,0,56,62,81.84,0,0,0.2,0.2,18.5169657238617,6912
"p346","ssp585","IPSL-CM6A-LR","2075",0.42,0.53,0.25,103,0,51,57,67.11,0,0,0.2,0,18.338834985978,6913
"p346","ssp585","IPSL-CM6A-LR","2075",0.44,0.79,0,97,0,45,51,63.48,0,0,0.1,0.65,18.1900695248474,6914
"p346","ssp585","IPSL-CM6A-LR","2075",0.35,0.56,0,96,0.1,48,54,65.22,0,0,0.1,0.1,18.7593466856428,6915
"p346","ssp585","IPSL-CM6A-LR","2075",0.36,0.82,0,116,0.1,44,50,61.73,0,0,0.1,0.35,19.1598270922274,6916
"p346","ssp585","IPSL-CM6A-LR","2075",0.16,0.62,0,103,0.1,44,50,68.35,0,0,0.1,0.25,18.2056761319998,6917
"p346","ssp585","IPSL-CM6A-LR","2075",0.33,0.58,0,109,0.1,45,51,69.98,0,0,0,0.1,18.994341482182,6918
"p346","ssp585","IPSL-CM6A-LR","2075",0.72,0.7,0,106,0.1,46,52,61.42,0,0,0,0.25,18.5417056812617,6919
"p346","ssp585","IPSL-CM6A-LR","2075",0.69,0.62,0,104,0.2,47,53,74.17,0,0,0.2,0.3,18.7001892489419,6920
"p346","ssp585","IPSL-CM6A-LR","2075",0.6,1,0,112,0.1,57,63,71.49,0,0,0,0.6,19.511876976857,6921
"p346","ssp585","IPSL-CM6A-LR","2075",0.43,0.86,0.25,107,0.3,57,70,77.61,0,0,0.1,0.4,18.7452767970213,6922
"p346","ssp585","IPSL-CM6A-LR","2075",0.38,0.68,0,103,0.15,44,50,53.69,0,0,0.1,0.3,18.5415967320409,6923
"p346","ssp585","IPSL-CM6A-LR","2075",0.31,0.82,0,115,0.1,44,50,69.15,0,0,0.1,0.15,19.4956542452413,6924
"p346","ssp585","IPSL-CM6A-LR","2075",0.44,0.6,0,101,0.1,48,54,68.88,0,0,0.3,0.6,18.9296003784383,6925
"p346","ssp585","IPSL-CM6A-LR","2075",0.24,0.55,0.2,113,0,48,54,68.03,0,0,0,0.2,20.0211626167194,6926
"p346","ssp585","IPSL-CM6A-LR","2075",0.38,0.65,0,108,0,62,68,94.38,0,0,0.2,0.2,19.5354066432877,6927
"p346","ssp585","IPSL-CM6A-LR","2075",0.4,0.58,0,100,0.3,46,52,63.8,0,0,0.1,0.4,19.121570270817,6928
"p346","ssp585","IPSL-CM6A-LR","2075",0.55,0.54,0,97,0,45,51,72.29,0,0,0,0.2,19.2795546084469,6929
"p346","ssp585","IPSL-CM6A-LR","2075",0.37,0.79,0,114,0,44,50,72.86,0,0,0.1,0.9,19.0907825873964,6930
"p346","ssp585","IPSL-CM6A-LR","2075",0.43,0.67,0,105,0.25,45,51,65.37,0,0,0.1,0.05,18.086430575064,6931
"p346","ssp585","IPSL-CM6A-LR","2075",0.28,0.5,0,106,0.25,56,62,82.72,0,0,0,0.1,19.2207033038784,6932
"p346","ssp585","IPSL-CM6A-LR","2075",0.53,0.77,0,111,0.2,53,59,75.53,0,0,0,0,18.4553784755866,6933
"p346","ssp585","IPSL-CM6A-LR","2075",0.42,0.72,0,106,0,50,56,74.65,0,0,0,0.8,19.4706496772862,6934
"p346","ssp585","IPSL-CM6A-LR","2075",0.36,0.58,0,113,0.1,48,54,69.15,0,0,0.3,0.4,17.7229038123842,6935
"p346","ssp585","IPSL-CM6A-LR","2075",0.54,0.86,0,106,0,60,66,85.87,0,0,0,0.1,18.8807171348714,6936
"p346","ssp585","IPSL-CM6A-LR","2075",0.46,0.98,0.2,115,0,46,73,64.94,0,0,0,0.4,18.2081939453501,6937
"p346","ssp585","IPSL-CM6A-LR","2075",0.32,0.71,0,96,0,43,49,61.03,0,0,0,0.3,19.3613127540139,6938
"p346","ssp585","IPSL-CM6A-LR","2075",0.36,0.4,0,106,0.1,45,51,63.32,0.1,0,0.1,0.75,17.9370890386225,6939
"p346","ssp585","IPSL-CM6A-LR","2075",0.43,0.57,0,100,0.1,46,52,70.18,0,0,0.2,0.4,18.3981372579444,6940
"p346","ssp585","IPSL-CM6A-LR","2075",0.56,1,0,115,0,45,51,59.54,0,0,0,0.25,18.9442411671352,6941
"p346","ssp585","IPSL-CM6A-LR","2075",0.38,0.89,0,109,0.1,50,56,81.39,0,0,0.1,0.15,19.7023163906317,6942
"p346","ssp585","IPSL-CM6A-LR","2075",0.36,0.8,0,100,0.1,55,68,78.65,0,0,0.1,0.45,18.3853606747837,6943
"p346","ssp585","IPSL-CM6A-LR","2075",0.29,0.71,0.2,115,0,55,61,82.36,0,0,0,0.2,18.8868382046825,6944
"p346","ssp585","IPSL-CM6A-LR","2075",0.3,0.84,0,113,0.15,53,59,75.37,0,0,0.2,0.1,18.4595423437998,6945
"p346","ssp585","IPSL-CM6A-LR","2075",0.4,0.79,0,113,0.1,47,53,71.37,0,0,0.1,0.4,19.4521351331499,6946
"p346","ssp585","IPSL-CM6A-LR","2075",0.31,0.6,0,93,0,57,63,86.03,0,0,0,0.15,17.9671825179066,6947
"p346","ssp585","IPSL-CM6A-LR","2075",0.33,0.58,0,91,0.1,49,55,82.38,0,0,0.2,0.55,18.9582993563757,6948
"p346","ssp585","IPSL-CM6A-LR","2075",0.55,0.96,0,112,0,52,58,87.34,0,0,0.2,0.15,19.1707888726629,6949
"p346","ssp585","IPSL-CM6A-LR","2075",0.28,0.47,0.3,104,0,46,52,65.05,0,0,0,0.05,17.2865264012388,6950
"p346","ssp585","IPSL-CM6A-LR","2075",0.22,0.21,0.4,97,0.1,44,50,56.54,0,0,0.2,0.3,18.8137074872795,6951
"p346","ssp585","IPSL-CM6A-LR","2075",0.38,0.55,0.25,121,0.1,47,53,66.9,0,0,0.2,0,18.9818095447245,6952
"p346","ssp585","IPSL-CM6A-LR","2075",0.32,0.53,0.45,108,0.25,50,56,67.34,0,0,0,0.25,19.2300963389794,6953
"p346","ssp585","IPSL-CM6A-LR","2075",0.35,0.86,0,118,0,45,51,70.38,0,0,0.1,0.55,19.0079707990569,6954
"p346","ssp585","IPSL-CM6A-LR","2075",0.44,0.95,0,116,0.1,46,54,65.35,0,0,0.1,0.35,18.8838195708773,6955
"p346","ssp585","IPSL-CM6A-LR","2075",0.28,0.68,0,109,0.4,44,50,63.31,0,0,0.2,0,17.9976328791337,6956
"p346","ssp585","IPSL-CM6A-LR","2075",0.16,0.72,0,124,0.1,46,52,66.19,0,0,0,0.3,18.8389686671765,6957
"p346","ssp585","IPSL-CM6A-LR","2075",0.14,0.63,0,99,0.1,45,51,74.75,0,0,0,0.15,18.7094560559059,6958
"p346","ssp585","IPSL-CM6A-LR","2075",0.4,0.86,0,116,0,50,56,66.74,0,0,0,0.15,19.0748838770341,6959
"p346","ssp585","IPSL-CM6A-LR","2075",0.25,0.71,0,107,0,48,61,65.97,0,0,0,0.3,18.9714252291081,6960
"p346","ssp585","IPSL-CM6A-LR","2075",0.36,0.47,0,100,0.1,54,60,82.58,0,0,0.1,0.2,18.1672912556161,6961
"p346","ssp585","IPSL-CM6A-LR","2075",0.26,0.52,0,97,0,44,50,75.28,0.1,0,0,0.2,18.5259683423346,6962
"p346","ssp585","IPSL-CM6A-LR","2075",0.26,0.79,0,122,0.1,58,64,78.19,0,0,0.3,0.5,19.5313641089505,6963
"p346","ssp585","IPSL-CM6A-LR","2075",0.29,0.59,0,98,0,44,50,65.96,0,0,0.3,0.4,18.9366664429725,6964
"p346","ssp585","IPSL-CM6A-LR","2075",0.25,0.53,0,97,0,46,52,71.53,0,0,0.2,0.1,19.1719544824116,6965
"p346","ssp585","IPSL-CM6A-LR","2075",0.21,0.49,0,104,0.1,68,76,90.36,0,0,0,0.25,19.6794405077024,6966
"p346","ssp585","IPSL-CM6A-LR","2075",0.31,0.21,0,97,0.1,46,52,53.15,0,0,0,0.1,19.1729010810934,6967
"p346","ssp585","IPSL-CM6A-LR","2075",0.36,0.59,0,118,0.1,54,60,76.14,0,0,0.1,0.1,18.7383762615797,6968
"p346","ssp585","IPSL-CM6A-LR","2075",0.31,0.78,0,102,0.1,67,73,80.14,0,0,0,0.6,19.1929197239166,6969
"p346","ssp585","IPSL-CM6A-LR","2075",0.44,0.85,0,106,0,43,49,66.55,0,0,0.1,0.25,18.4401996261039,6970
"p346","ssp585","IPSL-CM6A-LR","2075",0.15,0.74,0,108,0.2,46,52,72.12,0,0,0,0.05,18.6775982752654,6971
"p346","ssp585","IPSL-CM6A-LR","2075",0.25,0.68,0,113,0,56,62,57.09,0,0,0,0.05,18.965836172943,6972
"p346","ssp585","IPSL-CM6A-LR","2075",0.19,0.85,0,114,0,51,57,68.65,0,0,0.2,0.5,18.1928332085655,6973
"p346","ssp585","IPSL-CM6A-LR","2075",0.46,0.89,0,116,0,44,50,58.92,0,0,0.1,0.05,17.7260361754642,6974
"p346","ssp585","IPSL-CM6A-LR","2075",0.32,0.67,0.2,89,0.2,46,52,63.56,0,0,0.3,0.15,18.959362662068,6975
"p346","ssp585","IPSL-CM6A-LR","2075",0.22,0.68,0,102,0.15,49,55,83.59,0,0,0,0.3,18.3574104494916,6976
"p346","ssp585","IPSL-CM6A-LR","2075",0.41,0.91,0,114,0.2,55,61,85.45,0,0,0.2,1,19.3618802829504,6977
"p346","ssp585","IPSL-CM6A-LR","2075",0.23,0.76,0,107,0.1,53,59,76.51,0,0,0,0,19.3176050946888,6978
"p346","ssp585","IPSL-CM6A-LR","2075",0.15,0.62,0,108,0,45,51,69.19,0,0,0,0.3,19.5823719385373,6979
"p346","ssp585","IPSL-CM6A-LR","2075",0.23,0.47,0.25,105,0.1,65,71,80.67,0,0,0.2,0.2,18.897696231955,6980
"p346","ssp585","IPSL-CM6A-LR","2075",0.35,0.79,0,128,0,44,50,62.58,0,0,0.2,0,17.7857815279887,6981
"p346","ssp585","IPSL-CM6A-LR","2075",0.52,0.77,0,104,0,44,54,58.15,0,0,0.1,0,19.1218713159624,6982
"p346","ssp585","IPSL-CM6A-LR","2075",0.29,0.67,0,106,0,44,50,69.98,0,0,0.3,0,18.1048000352123,6983
"p346","ssp585","IPSL-CM6A-LR","2075",0.18,0.35,0,101,0.1,45,73,66.76,0,0,0,0.35,18.5511590539097,6984
"p346","ssp585","IPSL-CM6A-LR","2075",0.35,0.61,0,108,0.1,44,74,65.58,0,0,0,0.35,19.0274146358265,6985
"p346","ssp585","IPSL-CM6A-LR","2075",0.24,0.43,0,106,0.1,45,51,73.12,0,0,0.2,0.45,18.5109610225293,6986
"p346","ssp585","IPSL-CM6A-LR","2075",0.42,0.53,0,99,0.1,49,57,67.47,0,0,0.3,0,18.4138883235063,6987
"p346","ssp585","IPSL-CM6A-LR","2075",0.42,0.85,0,123,0,47,53,73.28,0,0,0.1,0.3,18.6751956105247,6988
"p346","ssp585","IPSL-CM6A-LR","2075",0.34,0.52,0,116,0.1,61,67,86.17,0,0,0,0,18.2790039269708,6989
"p346","ssp585","IPSL-CM6A-LR","2075",0.12,0.59,0.2,90,0.1,46,52,73.69,0,0,0.1,0,18.1449597209195,6990
"p346","ssp585","IPSL-CM6A-LR","2075",0.28,0.4,0,101,0.1,47,59,79.48,0,0,0.1,0,18.4381554278832,6991
"p346","ssp585","IPSL-CM6A-LR","2075",0.28,0.71,0,114,0,44,57,57.99,0,0,0.6,0.05,19.0666634568044,6992
"p346","ssp585","IPSL-CM6A-LR","2075",0.29,0.98,0,120,0,56,62,69.47,0,0,0,0.75,17.6287086782673,6993
"p346","ssp585","IPSL-CM6A-LR","2075",0.24,0.74,0,109,0.1,45,52,73.75,0,0,0.1,0,19.1001706621971,6994
"p346","ssp585","IPSL-CM6A-LR","2075",0.28,0.7,0.25,112,0.2,47,53,62.84,0,0,0,0.1,17.8626245994072,6995
"p346","ssp585","IPSL-CM6A-LR","2075",0.13,0.66,0,105,0,43,49,55.48,0,0,0.1,0,18.0320085840929,6996
"p346","ssp585","IPSL-CM6A-LR","2075",0.51,0.89,0,107,0.1,47,53,66.14,0,0,0.1,0.05,18.6398193283787,6997
"p346","ssp585","IPSL-CM6A-LR","2075",0.43,0.75,0.2,100,0.1,52,58,72.34,0,0,0,0.4,19.4946175237371,6998
"p346","ssp585","IPSL-CM6A-LR","2075",0.28,0.84,0,93,0,49,62,71.08,0,0,0,0.2,19.3022464757205,6999
"p346","ssp585","IPSL-CM6A-LR","2075",0.32,0.58,0,110,0,56,62,74.05,0,0,0.1,0.05,18.7830945577407,7000
"p346","ssp585","MIROC-ES2L","2075",0.4,0.36,0,98,0,44,50,67.73,0,0,0,0.25,19.1584617407741,7001
"p346","ssp585","MIROC-ES2L","2075",0.28,0.5,0.25,96,0.3,44,50,75.03,0,0,0.1,0.05,19.16028295572,7002
"p346","ssp585","MIROC-ES2L","2075",0.43,0.55,0,107,0.1,46,52,77.5,0,0,0.3,0.1,18.5586194656852,7003
"p346","ssp585","MIROC-ES2L","2075",0.23,0.43,0,106,0.2,49,58,66.94,0,0,0.2,0,19.1808346069264,7004
"p346","ssp585","MIROC-ES2L","2075",0.46,0.36,0.25,100,0.2,50,56,78.85,0,0,0,0,19.0370192154571,7005
"p346","ssp585","MIROC-ES2L","2075",0.18,0.69,0,113,0.2,46,52,75.49,0.1,0,0.3,0.25,18.7066573916092,7006
"p346","ssp585","MIROC-ES2L","2075",0.42,0.54,0,102,0,44,50,77.39,0,0,0.4,0,18.6001006356362,7007
"p346","ssp585","MIROC-ES2L","2075",0.37,0.47,0,98,0.2,44,50,66.27,0,0,0.2,0.55,19.1818218674029,7008
"p346","ssp585","MIROC-ES2L","2075",0.33,0.14,0,111,0.1,45,51,79.12,0,0,0.2,0.2,19.3964324667408,7009
"p346","ssp585","MIROC-ES2L","2075",0.19,0.11,0.25,104,0.1,45,51,78.05,0.1,0,0,0,17.4858059951467,7010
"p346","ssp585","MIROC-ES2L","2075",0.34,0.37,0,102,0.2,44,51,68.35,0,0,0.2,0.2,19.2066168331452,7011
"p346","ssp585","MIROC-ES2L","2075",0.25,0.57,0,112,0.2,57,63,88.26,0,0,0.2,0.1,19.034086404344,7012
"p346","ssp585","MIROC-ES2L","2075",0.42,0.1,0.5,98,0,51,57,70.03,0,0,0.2,0,18.7553202309241,7013
"p346","ssp585","MIROC-ES2L","2075",0.34,0.6,0,88,0.2,46,52,69.8,0,0,0.4,0.3,18.5587043188192,7014
"p346","ssp585","MIROC-ES2L","2075",0.34,0.71,0,93,0.1,49,55,73.66,0,0,0,0.05,19.0303679873762,7015
"p346","ssp585","MIROC-ES2L","2075",0.33,0.5,0,117,0,45,51,69.08,0,0,0.1,0.25,19.2285928378587,7016
"p346","ssp585","MIROC-ES2L","2075",0.16,0.52,0.2,102,0.4,45,51,72.46,0,0,0.2,0.05,18.5184492795338,7017
"p346","ssp585","MIROC-ES2L","2075",0.28,0.57,0,119,0.35,45,51,77.49,0,0,0.2,0,19.1645418173692,7018
"p346","ssp585","MIROC-ES2L","2075",0.58,0.4,0,106,0.3,46,52,69.75,0,0,0.1,0,18.9603367842909,7019
"p346","ssp585","MIROC-ES2L","2075",0.63,0.38,0,96,0.1,48,54,79.53,0,0,0.4,0,18.96054780134,7020
"p346","ssp585","MIROC-ES2L","2075",0.55,0.72,0,109,0.1,57,63,73.67,0,0,0,0.2,19.9068266175482,7021
"p346","ssp585","MIROC-ES2L","2075",0.31,0.57,0.2,102,0.4,57,69,85.61,0,0,0.1,0.3,19.2496669863846,7022
"p346","ssp585","MIROC-ES2L","2075",0.32,0.53,0,104,0.1,44,50,65.58,0,0,0.1,0.05,18.9304661012482,7023
"p346","ssp585","MIROC-ES2L","2075",0.26,0.49,0,105,0.2,44,50,75.88,0,0,0.1,0,19.6849688494448,7024
"p346","ssp585","MIROC-ES2L","2075",0.38,0.37,0,104,0.1,48,54,72.02,0,0,0.4,0.3,19.0331749927931,7025
"p346","ssp585","MIROC-ES2L","2075",0.17,0.36,0,116,0.1,49,55,77.98,0,0,0,0.15,20.0743689817727,7026
"p346","ssp585","MIROC-ES2L","2075",0.31,0.45,0.25,94,0.1,61,67,94.39,0,0,0.4,0.05,19.851649299846,7027
"p346","ssp585","MIROC-ES2L","2075",0.4,0.61,0,102,0.5,46,52,71.29,0,0,0.1,0.25,19.3387219390854,7028
"p346","ssp585","MIROC-ES2L","2075",0.47,0.7,0,89,0,45,51,76.41,0,0,0.2,0.1,19.4283902771022,7029
"p346","ssp585","MIROC-ES2L","2075",0.29,0.48,0,105,0,44,50,76.52,0,0,0.2,0.4,19.159513727424,7030
"p346","ssp585","MIROC-ES2L","2075",0.4,0.59,0,101,0.1,45,51,72.8,0,0,0.1,0.05,18.3365077114376,7031
"p346","ssp585","MIROC-ES2L","2075",0.27,0.34,0,106,0.3,56,62,85.91,0,0,0.1,0,19.5937741213317,7032
"p346","ssp585","MIROC-ES2L","2075",0.51,0.6,0,107,0.3,54,60,80.25,0,0,0.1,0,18.8924948319804,7033
"p346","ssp585","MIROC-ES2L","2075",0.41,0.55,0,101,0,50,56,79.77,0,0,0.1,0.35,19.6264401242647,7034
"p346","ssp585","MIROC-ES2L","2075",0.31,0.16,0,104,0.15,48,54,76.99,0,0,0.4,0,18.2747806476466,7035
"p346","ssp585","MIROC-ES2L","2075",0.48,0.87,0,103,0.2,60,66,87.64,0,0,0,0.05,19.3201661663819,7036
"p346","ssp585","MIROC-ES2L","2075",0.42,0.81,0,104,0.1,56,75,80.23,0,0,0,0.3,18.6824530290421,7037
"p346","ssp585","MIROC-ES2L","2075",0.25,0.46,0,101,0,43,49,69.79,0,0,0,0,19.7221046169216,7038
"p346","ssp585","MIROC-ES2L","2075",0.33,0.34,0,101,0.4,46,52,71.99,0.1,0,0.1,0.45,18.5927305931721,7039
"p346","ssp585","MIROC-ES2L","2075",0.42,0.53,0,91,0.15,46,52,76.21,0,0,0.3,0.05,18.6516041370972,7040
"p346","ssp585","MIROC-ES2L","2075",0.31,0.89,0,119,0.1,45,51,66.54,0,0,0.1,0.05,19.3969831096329,7041
"p346","ssp585","MIROC-ES2L","2075",0.38,0.41,0,101,0.1,51,57,82.96,0,0,0.2,0.05,19.8808020537498,7042
"p346","ssp585","MIROC-ES2L","2075",0.28,0.5,0,102,0.2,55,67,84.31,0,0,0.1,0.1,18.8620037013499,7043
"p346","ssp585","MIROC-ES2L","2075",0.24,0.51,0,109,0.1,55,61,83.64,0,0,0,0.05,19.211745866634,7044
"p346","ssp585","MIROC-ES2L","2075",0.3,0.81,0.2,111,0.25,53,59,79.77,0,0,0.4,0.05,18.672976001476,7045
"p346","ssp585","MIROC-ES2L","2075",0.39,0.86,0,113,0.1,48,54,75.93,0,0,0.1,0.15,19.421150384471,7046
"p346","ssp585","MIROC-ES2L","2075",0.31,0.35,0,96,0.1,57,63,88.66,0,0,0.1,0.1,18.2879703795418,7047
"p346","ssp585","MIROC-ES2L","2075",0.32,0.69,0,90,0,49,55,84.33,0,0,0.3,0.15,19.4419253024239,7048
"p346","ssp585","MIROC-ES2L","2075",0.46,0.4,0,99,0,53,59,88.42,0,0,0.4,0,19.5302913898198,7049
"p346","ssp585","MIROC-ES2L","2075",0.23,0.18,0.3,93,0.1,46,52,70.76,0,0,0,0,17.7332256926487,7050
"p346","ssp585","MIROC-ES2L","2075",0.15,0.2,0.2,97,0.1,44,50,65.5,0,0,0.3,0.25,18.991317048602,7051
"p346","ssp585","MIROC-ES2L","2075",0.37,0.45,0.25,115,0,47,53,74.83,0,0,0.2,0,19.4232365273535,7052
"p346","ssp585","MIROC-ES2L","2075",0.26,0.34,0,108,0.3,50,56,74.29,0,0,0,0.15,19.0399134495943,7053
"p346","ssp585","MIROC-ES2L","2075",0.3,0.44,0,113,0,45,51,75.63,0,0,0.3,0.2,19.3351981043148,7054
"p346","ssp585","MIROC-ES2L","2075",0.33,0.35,0,106,0.1,52,58,74.27,0,0,0.5,0.15,19.2941404071466,7055
"p346","ssp585","MIROC-ES2L","2075",0.27,0.55,0,107,0.7,44,50,70.9,0,0,0.4,0,18.1569219231289,7056
"p346","ssp585","MIROC-ES2L","2075",0.16,0.34,0,121,0.2,46,52,73.65,0,0,0.1,0.05,19.2739652790772,7057
"p346","ssp585","MIROC-ES2L","2075",0.14,0.14,0,97,0.2,46,63,79.82,0,0,0.1,0.05,19.5532594216424,7058
"p346","ssp585","MIROC-ES2L","2075",0.4,0.63,0,117,0,51,57,72,0,0,0.1,0,19.3326093167929,7059
"p346","ssp585","MIROC-ES2L","2075",0.19,0.36,0.2,97,0.1,49,63,69.77,0,0,0,0.05,19.2280135049429,7060
"p346","ssp585","MIROC-ES2L","2075",0.19,0.39,0.2,102,0.1,55,61,84.72,0,0,0.3,0.05,18.5192296641903,7061
"p346","ssp585","MIROC-ES2L","2075",0.26,0.45,0,83,0,44,50,76.12,0.1,0,0.1,0,18.8677754882176,7062
"p346","ssp585","MIROC-ES2L","2075",0.26,0.39,0,106,0.1,58,64,81.74,0,0,0.4,0.45,20.0001756283421,7063
"p346","ssp585","MIROC-ES2L","2075",0.29,0.57,0,101,0,44,50,73.56,0,0,0.4,0,19.1443680565229,7064
"p346","ssp585","MIROC-ES2L","2075",0.22,0.4,0,89,0,47,53,80.03,0,0,0.2,0,19.2458780171799,7065
"p346","ssp585","MIROC-ES2L","2075",0.15,0.5,0,101,0.1,63,69,90.89,0,0,0,0,19.4490999094922,7066
"p346","ssp585","MIROC-ES2L","2075",0.3,0.29,0,98,0.25,46,52,63.69,0,0,0.2,0,19.1449875389054,7067
"p346","ssp585","MIROC-ES2L","2075",0.24,0.49,0,113,0.2,54,60,81.17,0,0,0.2,0,19.1172193759349,7068
"p346","ssp585","MIROC-ES2L","2075",0.31,0.58,0,103,0.1,66,72,87.55,0,0,0.3,0.15,19.5336517365948,7069
"p346","ssp585","MIROC-ES2L","2075",0.32,0.64,0,111,0.1,44,50,73.85,0,0,0.2,0.1,18.5499700438841,7070
"p346","ssp585","MIROC-ES2L","2075",0.15,0.35,0.2,102,0.2,47,53,75.84,0,0,0.2,0,19.2365387784785,7071
"p346","ssp585","MIROC-ES2L","2075",0.25,0.56,0,105,0.1,56,62,71.55,0,0,0.1,0,19.410812812437,7072
"p346","ssp585","MIROC-ES2L","2075",0.14,0.42,0,106,0,51,57,70.58,0,0,0.3,0.15,18.5764173359601,7073
"p346","ssp585","MIROC-ES2L","2075",0.45,0.5,0,103,0.3,44,50,62.73,0,0,0.1,0,18.3737390479407,7074
"p346","ssp585","MIROC-ES2L","2075",0.32,0.39,0,82,0.1,47,53,71.74,0,0,0.3,0.1,19.4381491740048,7075
"p346","ssp585","MIROC-ES2L","2075",0.16,0.49,0,88,0.1,49,55,84.14,0,0,0,0.15,18.7860961490771,7076
"p346","ssp585","MIROC-ES2L","2075",0.36,0.32,0,104,0.1,55,61,88.55,0,0,0.2,0.45,19.2122972828339,7077
"p346","ssp585","MIROC-ES2L","2075",0.23,0.34,0,109,0.1,53,59,80.69,0,0,0.1,0,19.7284314254324,7078
"p346","ssp585","MIROC-ES2L","2075",0.13,0.43,0,101,0.3,45,51,76.5,0,0,0.5,0,19.8658855387277,7079
"p346","ssp585","MIROC-ES2L","2075",0.23,0.25,0,102,0.15,64,70,85.69,0,0,0.4,0.2,19.1344143836437,7080
"p346","ssp585","MIROC-ES2L","2075",0.3,0.46,0,119,0,45,51,71.2,0,0,0.5,0,17.9571726330115,7081
"p346","ssp585","MIROC-ES2L","2075",0.51,0.58,0,97,0,45,55,68.35,0,0,0.2,0,19.3124936434322,7082
"p346","ssp585","MIROC-ES2L","2075",0.21,0.35,0,104,0.1,45,51,76.13,0,0,0.5,0,18.4202932411836,7083
"p346","ssp585","MIROC-ES2L","2075",0.11,0.25,0,102,0.2,47,74,76.03,0,0,0.1,0.1,18.8117208181528,7084
"p346","ssp585","MIROC-ES2L","2075",0.33,0.69,0,105,0.35,65,75,85.97,0,0,0,0.2,19.2832886328484,7085
"p346","ssp585","MIROC-ES2L","2075",0.24,0.31,0.2,99,0.4,45,51,75.51,0,0,0.2,0.1,18.5620506006503,7086
"p346","ssp585","MIROC-ES2L","2075",0.35,0.49,0,98,0.1,50,58,75.86,0,0,0.3,0,18.9187998843696,7087
"p346","ssp585","MIROC-ES2L","2075",0.42,0.36,0,121,0,47,53,76.01,0,0,0.1,0.1,19.0375449700837,7088
"p346","ssp585","MIROC-ES2L","2075",0.28,0.4,0,102,0.2,61,67,89.45,0,0,0.1,0,18.5914687791246,7089
"p346","ssp585","MIROC-ES2L","2075",0.11,0.54,0.4,101,0.3,47,60,76.47,0,0,0.3,0,18.9256143210764,7090
"p346","ssp585","MIROC-ES2L","2075",0.17,0.53,0,101,0.3,47,60,82.86,0,0,0.1,0,18.868449964426,7091
"p346","ssp585","MIROC-ES2L","2075",0.19,0.31,0,110,0.1,45,58,67.97,0,0,1,0,19.3363213296054,7092
"p346","ssp585","MIROC-ES2L","2075",0.21,0.65,0,107,0,56,62,76.4,0,0,0,0.25,18.1676711298835,7093
"p346","ssp585","MIROC-ES2L","2075",0.17,0.46,0,109,0.15,53,59,86.19,0,0,0.1,0,19.4446353588863,7094
"p346","ssp585","MIROC-ES2L","2075",0.2,0.45,0,113,0.2,47,53,70.19,0,0,0.2,0.05,18.1372818391325,7095
"p346","ssp585","MIROC-ES2L","2075",0.13,0.4,0.2,101,0.1,44,50,60.1,0,0,0.1,0,18.5624934900474,7096
"p346","ssp585","MIROC-ES2L","2075",0.42,0.54,0,95,0.1,47,53,71.32,0,0,0.3,0,18.9549673313547,7097
"p346","ssp585","MIROC-ES2L","2075",0.36,0.64,0,95,0.1,53,59,80.47,0,0,0,0.2,19.5390462832603,7098
"p346","ssp585","MIROC-ES2L","2075",0.23,0.67,0,95,0,50,61,80.49,0,0,0.1,0,19.4314721989761,7099
"p346","ssp585","MIROC-ES2L","2075",0.26,0.45,0,103,0,56,62,79.8,0,0,0.1,0,19.1753234322839,7100
"p346","ssp585","MIROC6","2075",0.4,0.42,0,97,0,44,50,74.84,0,0,0,0.25,18.604266943185,7101
"p346","ssp585","MIROC6","2075",0.28,0.45,0,97,0.3,45,51,74.62,0,0,0.1,0.05,18.6927351037476,7102
"p346","ssp585","MIROC6","2075",0.47,0.55,0,104,0.3,47,54,76.15,0,0,0.1,0.1,17.9438945717188,7103
"p346","ssp585","MIROC6","2075",0.23,0.46,0,102,0.1,58,64,76.99,0,0,0.1,0,18.5985606301463,7104
"p346","ssp585","MIROC6","2075",0.47,0.49,0.25,99,0.3,51,57,82.39,0,0,0,0,18.2501641372293,7105
"p346","ssp585","MIROC6","2075",0.18,0.61,0,112,0.2,47,53,76.06,0.2,0,0.2,0.2,18.2828294498364,7106
"p346","ssp585","MIROC6","2075",0.42,0.56,0,99,0,44,50,77.25,0,0,0.2,0,17.9866556728534,7107
"p346","ssp585","MIROC6","2075",0.37,0.58,0,96,0.2,45,51,70.52,0.1,0,0.1,0.55,18.6075152567585,7108
"p346","ssp585","MIROC6","2075",0.39,0.27,0,111,0.2,45,51,79.01,0,0,0.1,0.2,19.0079592325941,7109
"p346","ssp585","MIROC6","2075",0.12,0.13,0,102,0.1,45,51,76.73,0.3,0,0,0,16.9748004307561,7110
"p346","ssp585","MIROC6","2075",0.34,0.52,0,93,0.2,52,58,80.01,0.1,0,0,0.2,19.0266993353206,7111
"p346","ssp585","MIROC6","2075",0.3,0.58,0,110,0.1,59,65,88.3,0,0,0.1,0.1,18.4166436619451,7112
"p346","ssp585","MIROC6","2075",0.42,0,0.5,97,0,51,57,75.89,0,0,0.2,0,18.1830287833793,7113
"p346","ssp585","MIROC6","2075",0.37,0.62,0,84,0.2,46,52,75.39,0,0,0,0.3,17.7708147020865,7114
"p346","ssp585","MIROC6","2075",0.35,0.66,0,94,0.1,50,56,77.89,0,0,0,0.05,18.352536654078,7115
"p346","ssp585","MIROC6","2075",0.36,0.62,0,115,0.1,45,51,70.54,0,0,0,0.2,18.891760265927,7116
"p346","ssp585","MIROC6","2075",0.16,0.39,0.2,99,0.4,45,51,76.63,0,0,0.1,0.05,18.0409231958928,7117
"p346","ssp585","MIROC6","2075",0.33,0.53,0,116,0.1,47,56,78.18,0,0,0,0,18.7323887996782,7118
"p346","ssp585","MIROC6","2075",0.67,0.52,0,105,0.3,50,56,70.66,0,0,0,0,18.580063364373,7119
"p346","ssp585","MIROC6","2075",0.67,0.42,0,92,0.2,48,54,81.91,0,0,0.2,0,18.313944320097,7120
"p346","ssp585","MIROC6","2075",0.6,0.64,0,109,0.1,58,64,77.42,0,0,0,0.2,19.3447274671745,7121
"p346","ssp585","MIROC6","2075",0.4,0.56,0,101,0.5,70,76,97.27,0,0,0.2,0.25,18.7443883084373,7122
"p346","ssp585","MIROC6","2075",0.32,0.56,0,102,0.15,44,50,70.39,0.1,0,0.1,0.05,18.3022948301809,7123
"p346","ssp585","MIROC6","2075",0.3,0.63,0,108,0.2,44,50,72.79,0,0,0.1,0,19.2514054743939,7124
"p346","ssp585","MIROC6","2075",0.39,0.37,0,101,0.1,49,55,68.18,0,0,0.4,0.2,18.5137245784405,7125
"p346","ssp585","MIROC6","2075",0.22,0.41,0,117,0,50,56,78.06,0,0,0,0.15,20.0082917634752,7126
"p346","ssp585","MIROC6","2075",0.38,0.58,0,89,0.1,63,69,94.93,0,0,0.3,0.05,19.5052601875823,7127
"p346","ssp585","MIROC6","2075",0.32,0.62,0,100,0.5,46,52,77.93,0,0,0,0.2,18.6261000902256,7128
"p346","ssp585","MIROC6","2075",0.55,0.7,0,85,0,46,52,76.55,0,0,0,0.1,18.8689393615962,7129
"p346","ssp585","MIROC6","2075",0.35,0.6,0,105,0.1,45,51,78.62,0,0,0.2,0.35,18.7315472334976,7130
"p346","ssp585","MIROC6","2075",0.38,0.49,0,96,0.25,46,52,77.09,0.1,0,0,0.05,17.6822776218541,7131
"p346","ssp585","MIROC6","2075",0.21,0.39,0,101,0.35,56,62,84.1,0,0,0,0,19.1645344177775,7132
"p346","ssp585","MIROC6","2075",0.51,0.6,0,107,0.4,55,68,84.14,0,0,0.1,0,18.4440042078538,7133
"p346","ssp585","MIROC6","2075",0.42,0.59,0,97,0,51,57,83.36,0,0,0,0.25,19.0637888350265,7134
"p346","ssp585","MIROC6","2075",0.31,0.28,0,105,0.4,49,55,79.47,0,0,0.2,0,17.5029123074844,7135
"p346","ssp585","MIROC6","2075",0.54,0.88,0,103,0.1,61,67,88.67,0,0,0,0,18.6833217949247,7136
"p346","ssp585","MIROC6","2075",0.46,0.8,0,101,0.1,75,81,98.21,0,0,0,0.3,18.1373509348477,7137
"p346","ssp585","MIROC6","2075",0.32,0.64,0.2,102,0,43,49,70.69,0,0,0.1,0,19.0058225742575,7138
"p346","ssp585","MIROC6","2075",0.34,0.25,0,99,0.3,46,52,78.18,0.1,0,0.1,0.45,17.7328415123503,7139
"p346","ssp585","MIROC6","2075",0.42,0.52,0,92,0.1,46,52,80.65,0,0,0.2,0.05,18.0043417871774,7140
"p346","ssp585","MIROC6","2075",0.51,0.98,0,115,0.1,46,52,73.8,0,0,0,0.05,18.5975294470645,7141
"p346","ssp585","MIROC6","2075",0.33,0.39,0,104,0.1,53,59,86.21,0,0,0.1,0.05,19.5079783076624,7142
"p346","ssp585","MIROC6","2075",0.31,0.51,0,100,0.2,56,71,88.41,0,0,0,0.1,18.3823926516683,7143
"p346","ssp585","MIROC6","2075",0.29,0.55,0,108,0.1,57,63,87.7,0,0,0,0.05,18.5746277529319,7144
"p346","ssp585","MIROC6","2075",0.3,0.8,0,110,0.15,58,73,86.85,0,0,0.3,0.05,18.7750192452388,7145
"p346","ssp585","MIROC6","2075",0.39,0.83,0,113,0.1,48,54,79.69,0,0,0.1,0.15,19.1670099196627,7146
"p346","ssp585","MIROC6","2075",0.31,0.46,0,93,0.1,60,80,93.63,0,0,0,0.1,18.4468062567215,7147
"p346","ssp585","MIROC6","2075",0.33,0.6,0,88,0.1,51,57,85.75,0,0,0.2,0.05,18.602245877901,7148
"p346","ssp585","MIROC6","2075",0.5,0.43,0,96,0,61,67,92.49,0,0,0.2,0,19.4437501583796,7149
"p346","ssp585","MIROC6","2075",0.23,0.18,0.3,94,0.1,47,53,72.22,0,0,0.1,0,16.9610719246295,7150
"p346","ssp585","MIROC6","2075",0.22,0.2,0,97,0.1,45,51,68.96,0,0,0.2,0.2,18.6005028524041,7151
"p346","ssp585","MIROC6","2075",0.37,0.46,0.25,109,0.1,47,53,75.01,0,0,0.2,0,18.8276605196151,7152
"p346","ssp585","MIROC6","2075",0.32,0.52,0.2,105,0.65,51,57,80.97,0,0,0,0.15,19.0165793223344,7153
"p346","ssp585","MIROC6","2075",0.35,0.48,0,109,0,46,52,79.72,0,0,0.2,0.15,18.8099041553686,7154
"p346","ssp585","MIROC6","2075",0.44,0.34,0,98,0.1,54,60,77.72,0,0,0.1,0.15,18.7202361617856,7155
"p346","ssp585","MIROC6","2075",0.27,0.56,0,108,0.8,45,72,71.83,0,0,0.2,0,19.4100916883499,7156
"p346","ssp585","MIROC6","2075",0.16,0.34,0,116,0.1,46,52,80.07,0.2,0,0,0.05,18.640642664054,7157
"p346","ssp585","MIROC6","2075",0.14,0.24,0.2,94,0.2,50,70,83.06,0,0,0,0,19.4907590832564,7158
"p346","ssp585","MIROC6","2075",0.4,0.57,0,118,0,52,58,82.88,0,0,0,0,18.8845241852543,7159
"p346","ssp585","MIROC6","2075",0.19,0.38,0.2,94,0,64,70,86.71,0,0,0,0.05,18.8342707779659,7160
"p346","ssp585","MIROC6","2075",0.36,0.39,0,93,0.1,57,64,84.7,0,0,0.2,0,18.114690321057,7161
"p346","ssp585","MIROC6","2075",0.26,0.46,0,82,0.1,44,50,76.84,0.1,0,0,0,18.1129190093935,7162
"p346","ssp585","MIROC6","2075",0.26,0.39,0,103,0.1,59,65,85.49,0,0,0.3,0.45,19.2452222383038,7163
"p346","ssp585","MIROC6","2075",0.29,0.57,0,102,0,44,50,70.28,0,0,0.3,0,18.6794369607828,7164
"p346","ssp585","MIROC6","2075",0.22,0.37,0,81,0,48,54,83.95,0,0,0.2,0,18.8021022764625,7165
"p346","ssp585","MIROC6","2075",0.15,0.51,0,98,0.1,74,80,95,0,0,0,0.1,19.5978321359267,7166
"p346","ssp585","MIROC6","2075",0.3,0.29,0.2,100,0.45,46,59,64.22,0,0,0.1,0,19.1337162815327,7167
"p346","ssp585","MIROC6","2075",0.36,0.5,0,107,0.2,55,66,84.81,0.1,0,0,0,18.9417543716883,7168
"p346","ssp585","MIROC6","2075",0.31,0.6,0,105,0.1,68,74,90.11,0,0,0.1,0.1,19.2636840744681,7169
"p346","ssp585","MIROC6","2075",0.35,0.63,0,102,0.1,44,50,73.3,0,0,0.1,0.1,18.0899800619178,7170
"p346","ssp585","MIROC6","2075",0.15,0.46,0.2,101,0.2,47,53,78.52,0,0,0.1,0,18.7375779367922,7171
"p346","ssp585","MIROC6","2075",0.25,0.59,0,102,0.2,57,63,75.2,0,0,0,0,18.877382933174,7172
"p346","ssp585","MIROC6","2075",0.14,0.45,0,103,0.1,57,79,79.07,0,0,0.1,0.1,19.5577207172783,7173
"p346","ssp585","MIROC6","2075",0.46,0.46,0,106,0.2,44,50,67.62,0,0,0.1,0,17.5883381029939,7174
"p346","ssp585","MIROC6","2075",0.31,0.39,0,79,0.2,48,54,77.34,0,0,0.1,0.1,18.6732913094242,7175
"p346","ssp585","MIROC6","2075",0.22,0.59,0,88,0.15,50,56,84.54,0.1,0,0,0.1,18.1668044789389,7176
"p346","ssp585","MIROC6","2075",0.36,0.32,0,103,0.2,56,62,86.67,0,0,0.2,0.4,18.6955853986691,7177
"p346","ssp585","MIROC6","2075",0.15,0.35,0,105,0.1,55,64,84.42,0,0,0,0,19.3785666873516,7178
"p346","ssp585","MIROC6","2075",0.15,0.38,0,97,0.2,45,51,74.38,0,0,0.1,0,19.6635534205636,7179
"p346","ssp585","MIROC6","2075",0.21,0.37,0,101,0.2,66,80,95.99,0,0,0.2,0.2,19.170387296897,7180
"p346","ssp585","MIROC6","2075",0.35,0.35,0,113,0,45,68,78.29,0,0,0.1,0,18.3761592421216,7181
"p346","ssp585","MIROC6","2075",0.52,0.59,0,97,0.1,45,60,72.85,0,0,0,0,19.0892394730486,7182
"p346","ssp585","MIROC6","2075",0.29,0.36,0,104,0.1,45,51,75.62,0,0,0.3,0,17.5807091064718,7183
"p346","ssp585","MIROC6","2075",0.11,0.35,0,99,0.1,76,89,96.91,0,0,0,0.1,19.1597055768728,7184
"p346","ssp585","MIROC6","2075",0.34,0.71,0,103,0.4,75,81,101.46,0,0,0,0.2,19.1646314906804,7185
"p346","ssp585","MIROC6","2075",0.23,0.31,0.2,100,0.3,46,78,82.07,0,0,0.2,0.1,19.7007803652785,7186
"p346","ssp585","MIROC6","2075",0.41,0.65,0,96,0.1,50,69,79.57,0,0,0.1,0,18.5933492430111,7187
"p346","ssp585","MIROC6","2075",0.42,0.45,0,115,0,48,54,83.68,0,0,0.1,0.05,18.4722387349125,7188
"p346","ssp585","MIROC6","2075",0.34,0.42,0,98,0.2,61,67,90.71,0,0,0,0,18.123624781482,7189
"p346","ssp585","MIROC6","2075",0.11,0.64,0,102,0.2,47,69,81.5,0,0,0.2,0,18.7976016537488,7190
"p346","ssp585","MIROC6","2075",0.28,0.57,0,99,0.3,72,78,102.63,0,0,0.1,0,18.9616948892259,7191
"p346","ssp585","MIROC6","2075",0.28,0.45,0,108,0,46,61,71.82,0,0,0.6,0,18.7732366617841,7192
"p346","ssp585","MIROC6","2075",0.26,0.45,0,104,0,57,70,84.13,0.1,0,0,0.2,17.7439685557864,7193
"p346","ssp585","MIROC6","2075",0.24,0.46,0,104,0.1,54,60,88.89,0,0,0.1,0,19.1254152696993,7194
"p346","ssp585","MIROC6","2075",0.26,0.47,0,110,0.3,48,54,76.28,0,0,0,0.05,17.4369794144047,7195
"p346","ssp585","MIROC6","2075",0.13,0.39,0.2,99,0.2,44,50,63.34,0,0,0.1,0,17.7118421853275,7196
"p346","ssp585","MIROC6","2075",0.45,0.53,0,93,0.1,51,57,80.87,0,0,0.1,0,18.3743885261331,7197
"p346","ssp585","MIROC6","2075",0.37,0.61,0,92,0.1,53,59,84.75,0,0,0,0.15,19.0709083396268,7198
"p346","ssp585","MIROC6","2075",0.28,0.75,0,93,0.1,68,74,96.26,0,0,0,0,19.7359575613991,7199
"p346","ssp585","MIROC6","2075",0.29,0.43,0,100,0,56,62,83.44,0,0,0.1,0,18.6325475046545,7200
"p346","ssp585","MPI-ESM1-2-LR","2075",0.4,0.38,0,106,0,45,51,69.04,0,0,0,0.15,18.1083570668525,7201
"p346","ssp585","MPI-ESM1-2-LR","2075",0.28,0.51,0,106,0.2,45,51,75.45,0,0,0.1,0,18.1446502757431,7202
"p346","ssp585","MPI-ESM1-2-LR","2075",0.47,0.61,0,109,0.1,49,61,84.02,0,0,0.1,0,17.6542628598818,7203
"p346","ssp585","MPI-ESM1-2-LR","2075",0.23,0.41,0,108,0,59,65,86.44,0,0,0.1,0,18.231142340566,7204
"p346","ssp585","MPI-ESM1-2-LR","2075",0.52,0.16,0.25,104,0.1,51,57,81.41,0,0,0,0,17.8356427581198,7205
"p346","ssp585","MPI-ESM1-2-LR","2075",0.18,0.58,0,115,0.1,48,54,76.44,0.1,0,0.3,0.15,17.9844349919192,7206
"p346","ssp585","MPI-ESM1-2-LR","2075",0.42,0.71,0,107,0,46,64,78.8,0,0,0.3,0,18.4620395369622,7207
"p346","ssp585","MPI-ESM1-2-LR","2075",0.37,0.55,0,102,0,45,51,75.28,0.1,0,0.1,0.15,18.4175330635832,7208
"p346","ssp585","MPI-ESM1-2-LR","2075",0.39,0.38,0,116,0.1,47,62,82.81,0,0,0.1,0,19.0563177163436,7209
"p346","ssp585","MPI-ESM1-2-LR","2075",0.19,0,0,103,0,46,70,81.13,0.1,0,0,0,17.4970980451978,7210
"p346","ssp585","MPI-ESM1-2-LR","2075",0.34,0.38,0,110,0.2,53,59,74.66,0.1,0,0.1,0.05,18.5556777008623,7211
"p346","ssp585","MPI-ESM1-2-LR","2075",0.3,0.43,0,116,0.1,59,65,90.31,0,0,0.1,0,17.7651576209251,7212
"p346","ssp585","MPI-ESM1-2-LR","2075",0.42,0.32,0.25,105,0,52,58,69.66,0,0,0.2,0,17.5571013611546,7213
"p346","ssp585","MPI-ESM1-2-LR","2075",0.44,0.71,0,94,0.1,49,55,73.82,0,0,0.2,0.2,17.1118321029829,7214
"p346","ssp585","MPI-ESM1-2-LR","2075",0.35,0.44,0,100,0,51,58,77.92,0,0,0,0,17.8631425897898,7215
"p346","ssp585","MPI-ESM1-2-LR","2075",0.36,0.76,0,118,0,46,52,69.87,0,0,0,0.1,18.3351406921578,7216
"p346","ssp585","MPI-ESM1-2-LR","2075",0.21,0.45,0.2,105,0.4,46,52,73.7,0,0,0.1,0,17.4217883987881,7217
"p346","ssp585","MPI-ESM1-2-LR","2075",0.33,0.48,0,119,0,56,62,85.11,0,0,0.2,0,18.4783433381632,7218
"p346","ssp585","MPI-ESM1-2-LR","2075",0.69,0.53,0,107,0.3,52,58,81.33,0,0,0.1,0,18.3218469868629,7219
"p346","ssp585","MPI-ESM1-2-LR","2075",0.67,0.4,0,94,0.1,50,74,80.06,0,0,0.3,0,19.1525833644691,7220
"p346","ssp585","MPI-ESM1-2-LR","2075",0.6,0.8,0,116,0,59,65,74.04,0,0,0,0.05,19.0586482759614,7221
"p346","ssp585","MPI-ESM1-2-LR","2075",0.4,0.47,0.25,105,0.3,70,76,97.45,0,0,0.1,0,18.5439681715354,7222
"p346","ssp585","MPI-ESM1-2-LR","2075",0.38,0.68,0,113,0,44,50,72.42,0.1,0,0.1,0,17.9535594229541,7223
"p346","ssp585","MPI-ESM1-2-LR","2075",0.31,0.62,0,111,0.1,45,51,79.38,0,0,0.1,0,18.8452667910914,7224
"p346","ssp585","MPI-ESM1-2-LR","2075",0.44,0.59,0,107,0,50,56,70.49,0,0,0.3,0.1,18.2265817614473,7225
"p346","ssp585","MPI-ESM1-2-LR","2075",0.22,0.46,0,120,0,51,57,82.81,0,0,0,0,19.533777553616,7226
"p346","ssp585","MPI-ESM1-2-LR","2075",0.38,0.44,0,98,0,65,71,93.43,0,0,0.4,0,19.2108728758859,7227
"p346","ssp585","MPI-ESM1-2-LR","2075",0.4,0.73,0,104,0.2,52,58,78.03,0,0,0,0.05,18.4083139671245,7228
"p346","ssp585","MPI-ESM1-2-LR","2075",0.54,0.75,0,100,0,47,53,77.54,0,0,0.1,0.05,18.8225242434103,7229
"p346","ssp585","MPI-ESM1-2-LR","2075",0.35,0.51,0,109,0,45,51,76.29,0,0,0.2,0.3,17.9941894823811,7230
"p346","ssp585","MPI-ESM1-2-LR","2075",0.41,0.6,0,109,0,47,53,79,0.1,0,0,0,17.1202389209296,7231
"p346","ssp585","MPI-ESM1-2-LR","2075",0.27,0.39,0,110,0.1,57,63,84.38,0,0,0,0,19.0834622706474,7232
"p346","ssp585","MPI-ESM1-2-LR","2075",0.51,0.37,0,107,0.2,67,74,88.73,0,0,0.1,0,18.4481066176608,7233
"p346","ssp585","MPI-ESM1-2-LR","2075",0.49,0.56,0,107,0,52,58,77.96,0,0,0,0.1,18.7769853644518,7234
"p346","ssp585","MPI-ESM1-2-LR","2075",0.31,0.35,0,108,0.15,51,57,78.68,0,0,0.1,0,17.2823682778218,7235
"p346","ssp585","MPI-ESM1-2-LR","2075",0.54,0.91,0,107,0.1,62,68,87.89,0,0,0,0,18.5068727837469,7236
"p346","ssp585","MPI-ESM1-2-LR","2075",0.46,0.97,0.25,110,0,75,81,97.66,0,0,0,0,17.854101439072,7237
"p346","ssp585","MPI-ESM1-2-LR","2075",0.32,0.73,0,101,0,44,50,76.64,0,0,0,0,18.1160665181327,7238
"p346","ssp585","MPI-ESM1-2-LR","2075",0.34,0.25,0,105,0.1,48,55,75.29,0.1,0,0.1,0.1,17.2706248187826,7239
"p346","ssp585","MPI-ESM1-2-LR","2075",0.43,0.49,0,99,0,47,53,80.37,0,0,0.2,0,17.7153733806255,7240
"p346","ssp585","MPI-ESM1-2-LR","2075",0.51,0.95,0,119,0.1,50,56,77.73,0,0,0.1,0,18.3957178740359,7241
"p346","ssp585","MPI-ESM1-2-LR","2075",0.38,0.7,0,108,0,55,61,85.53,0,0,0.2,0.05,19.2751090811723,7242
"p346","ssp585","MPI-ESM1-2-LR","2075",0.31,0.76,0,107,0.1,57,80,88.62,0,0,0,0,18.2911042460928,7243
"p346","ssp585","MPI-ESM1-2-LR","2075",0.29,0.54,0.2,112,0.1,58,65,81.51,0,0,0,0.05,18.5095838545801,7244
"p346","ssp585","MPI-ESM1-2-LR","2075",0.3,0.86,0,112,0,60,76,84.66,0,0,0.3,0.05,18.4222660313382,7245
"p346","ssp585","MPI-ESM1-2-LR","2075",0.39,0.68,0,122,0.1,53,59,79.78,0,0,0.1,0.05,18.9230051821344,7246
"p346","ssp585","MPI-ESM1-2-LR","2075",0.31,0.58,0,105,0.1,62,102,92.76,0,0,0.1,0,20.0716173372949,7247
"p346","ssp585","MPI-ESM1-2-LR","2075",0.33,0.49,0,104,0,52,58,81.95,0,0,0.3,0,18.1256270927079,7248
"p346","ssp585","MPI-ESM1-2-LR","2075",0.55,0.69,0,109,0,61,67,91.37,0,0,0.3,0,18.9374234687615,7249
"p346","ssp585","MPI-ESM1-2-LR","2075",0.24,0.28,0.3,98,0,47,53,69.35,0,0,0,0,16.5269542574902,7250
"p346","ssp585","MPI-ESM1-2-LR","2075",0.22,0.25,0.2,88,0,50,56,74.64,0,0,0.2,0,18.445103200798,7251
"p346","ssp585","MPI-ESM1-2-LR","2075",0.37,0.36,0,120,0,48,54,78.17,0,0,0.1,0,18.2670454649055,7252
"p346","ssp585","MPI-ESM1-2-LR","2075",0.32,0.18,0,108,0.25,56,62,83.1,0,0,0,0,18.3586247439194,7253
"p346","ssp585","MPI-ESM1-2-LR","2075",0.35,0.67,0,117,0,52,58,80.49,0,0,0.3,0.1,18.4763351339776,7254
"p346","ssp585","MPI-ESM1-2-LR","2075",0.44,0.47,0,108,0,55,61,76.45,0,0,0.4,0.05,18.492234853247,7255
"p346","ssp585","MPI-ESM1-2-LR","2075",0.27,0.44,0,108,0.6,74,80,94.84,0,0,0.4,0,19.1472835148812,7256
"p346","ssp585","MPI-ESM1-2-LR","2075",0.16,0.44,0,120,0,52,58,84.06,0.2,0,0.1,0.05,18.2699698364012,7257
"p346","ssp585","MPI-ESM1-2-LR","2075",0.14,0.39,0,93,0.2,68,74,91.74,0,0,0,0,19.1062374648662,7258
"p346","ssp585","MPI-ESM1-2-LR","2075",0.4,0.5,0,121,0,53,60,76.8,0,0,0.1,0,18.5551795618193,7259
"p346","ssp585","MPI-ESM1-2-LR","2075",0.19,0.45,0.2,112,0,64,70,86.14,0,0,0,0,18.6618010626246,7260
"p346","ssp585","MPI-ESM1-2-LR","2075",0.37,0.37,0,102,0,57,66,84.96,0,0,0.3,0,17.8356449042063,7261
"p346","ssp585","MPI-ESM1-2-LR","2075",0.26,0.32,0,94,0,45,51,76.86,0.1,0,0,0,17.6360562392524,7262
"p346","ssp585","MPI-ESM1-2-LR","2075",0.26,0.43,0,111,0,59,65,86.46,0,0,0.3,0.05,19.1358935573523,7263
"p346","ssp585","MPI-ESM1-2-LR","2075",0.29,0.77,0,105,0,45,51,77.92,0,0,0.4,0,18.2367357524269,7264
"p346","ssp585","MPI-ESM1-2-LR","2075",0.25,0.38,0,86,0,50,56,83.75,0,0,0.2,0,18.309030100202,7265
"p346","ssp585","MPI-ESM1-2-LR","2075",0.15,0.63,0,104,0,74,80,97.43,0,0,0,0,19.4091147846971,7266
"p346","ssp585","MPI-ESM1-2-LR","2075",0.31,0.36,0,102,0.1,48,62,77.77,0,0,0.2,0,19.0212110286406,7267
"p346","ssp585","MPI-ESM1-2-LR","2075",0.36,0.34,0,116,0.1,56,72,84.47,0.1,0,0,0,18.7397778711342,7268
"p346","ssp585","MPI-ESM1-2-LR","2075",0.36,0.78,0,108,0,68,74,91.58,0,0,0.3,0.05,18.8007457205703,7269
"p346","ssp585","MPI-ESM1-2-LR","2075",0.42,0.78,0,113,0.1,44,53,74.24,0,0,0.1,0.05,17.7837056984939,7270
"p346","ssp585","MPI-ESM1-2-LR","2075",0.15,0.44,0.2,106,0.2,49,55,76.64,0,0,0.2,0,18.0393678868462,7271
"p346","ssp585","MPI-ESM1-2-LR","2075",0.25,0.48,0,103,0.1,58,64,81.59,0,0,0,0,18.4398417363809,7272
"p346","ssp585","MPI-ESM1-2-LR","2075",0.14,0.49,0,112,0,76,82,87.63,0,0,0.1,0.05,19.4676407633508,7273
"p346","ssp585","MPI-ESM1-2-LR","2075",0.46,0.61,0,108,0.1,44,50,66.15,0.1,0,0.1,0,17.0866751942166,7274
"p346","ssp585","MPI-ESM1-2-LR","2075",0.32,0.45,0,92,0.1,50,56,81.44,0,0,0.2,0,18.267705444985,7275
"p346","ssp585","MPI-ESM1-2-LR","2075",0.22,0.49,0,98,0,51,57,82.65,0,0,0,0.05,17.9785469155367,7276
"p346","ssp585","MPI-ESM1-2-LR","2075",0.36,0.41,0,114,0.1,58,64,88.24,0,0,0.1,0.25,18.3935799019701,7277
"p346","ssp585","MPI-ESM1-2-LR","2075",0.23,0.35,0,112,0,64,70,92.24,0,0,0.1,0,18.8658620151089,7278
"p346","ssp585","MPI-ESM1-2-LR","2075",0.15,0.53,0,99,0.2,47,53,82.23,0,0,0.4,0,18.9384256681967,7279
"p346","ssp585","MPI-ESM1-2-LR","2075",0.23,0.63,0.25,110,0,67,84,91.14,0,0,0.2,0,19.0728808828591,7280
"p346","ssp585","MPI-ESM1-2-LR","2075",0.35,0.53,0,125,0,47,72,77.21,0,0,0.2,0,17.5770382771413,7281
"p346","ssp585","MPI-ESM1-2-LR","2075",0.52,0.54,0,107,0,45,64,71.98,0,0,0.1,0,19.0416304466816,7282
"p346","ssp585","MPI-ESM1-2-LR","2075",0.29,0.52,0,104,0.1,46,66,78.58,0,0,0.4,0,17.5995222015817,7283
"p346","ssp585","MPI-ESM1-2-LR","2075",0.11,0.23,0,103,0,76,91,93.96,0,0,0.1,0,19.0865828597952,7284
"p346","ssp585","MPI-ESM1-2-LR","2075",0.34,0.47,0,106,0.3,75,81,97.64,0,0,0,0.1,18.7690028036923,7285
"p346","ssp585","MPI-ESM1-2-LR","2075",0.24,0.52,0.2,105,0.3,47,81,76.68,0,0,0.2,0,19.6558725231859,7286
"p346","ssp585","MPI-ESM1-2-LR","2075",0.42,0.46,0,101,0.1,53,73,79.32,0,0,0.1,0,18.2554966180478,7287
"p346","ssp585","MPI-ESM1-2-LR","2075",0.42,0.56,0,120,0,49,55,78.57,0,0,0.1,0,18.2622210680657,7288
"p346","ssp585","MPI-ESM1-2-LR","2075",0.34,0.23,0,109,0.1,62,68,91,0,0,0,0,17.4601370296225,7289
"p346","ssp585","MPI-ESM1-2-LR","2075",0.12,0.66,0,101,0.2,48,79,78.01,0,0,0.3,0,18.9314180264572,7290
"p346","ssp585","MPI-ESM1-2-LR","2075",0.28,0.55,0,111,0.2,72,78,100.86,0,0,0.1,0,18.3941084250675,7291
"p346","ssp585","MPI-ESM1-2-LR","2075",0.28,0.47,0,115,0,46,63,70.81,0,0,0.7,0,18.4392173386314,7292
"p346","ssp585","MPI-ESM1-2-LR","2075",0.26,0.66,0,108,0,58,71,78.82,0.1,0,0,0.1,17.3349118504367,7293
"p346","ssp585","MPI-ESM1-2-LR","2075",0.24,0.55,0,110,0.1,57,63,90.12,0,0,0.1,0,18.9201087932703,7294
"p346","ssp585","MPI-ESM1-2-LR","2075",0.32,0.44,0.25,115,0,48,54,73.23,0,0,0.1,0,16.7893387362764,7295
"p346","ssp585","MPI-ESM1-2-LR","2075",0.13,0.62,0.3,106,0.1,44,50,62.07,0,0,0.1,0,17.4868049392789,7296
"p346","ssp585","MPI-ESM1-2-LR","2075",0.51,0.63,0,100,0,53,59,76.22,0,0,0.3,0,18.0219068383265,7297
"p346","ssp585","MPI-ESM1-2-LR","2075",0.37,0.82,0,100,0.1,57,63,85.89,0,0,0,0.05,18.6074688272967,7298
"p346","ssp585","MPI-ESM1-2-LR","2075",0.23,0.7,0,93,0,68,75,95.7,0,0,0.1,0,19.1740054786352,7299
"p346","ssp585","MPI-ESM1-2-LR","2075",0.29,0.49,0,108,0,57,63,85.46,0,0,0.1,0,18.2198501272827,7300
"p346","ssp585","MRI-ESM2-0","2075",0.41,0.23,0,95,0,45,51,74.32,0,0,0,0.25,17.9980627993115,7301
"p346","ssp585","MRI-ESM2-0","2075",0.28,0.49,0,96,0.1,45,51,72.51,0,0,0.1,0.05,18.0212918866286,7302
"p346","ssp585","MRI-ESM2-0","2075",0.47,0.31,0,103,0.1,49,77,83.73,0,0,0,0,18.2122925595986,7303
"p346","ssp585","MRI-ESM2-0","2075",0.23,0.38,0,105,0.1,59,81,87.99,0,0,0.1,0,19.0201352199285,7304
"p346","ssp585","MRI-ESM2-0","2075",0.47,0.16,0.25,97,0.2,52,58,81.72,0,0,0,0,17.6394261039554,7305
"p346","ssp585","MRI-ESM2-0","2075",0.18,0.55,0,111,0.2,48,54,79.91,0.2,0,0.2,0.25,17.7878421135201,7306
"p346","ssp585","MRI-ESM2-0","2075",0.42,0.53,0,99,0,47,71,77.83,0,0,0.1,0,18.6605436729201,7307
"p346","ssp585","MRI-ESM2-0","2075",0.37,0.45,0,95,0.2,45,51,77.52,0.1,0,0.1,0.4,18.1959846320083,7308
"p346","ssp585","MRI-ESM2-0","2075",0.39,0.4,0,112,0.1,47,65,83.64,0,0,0,0.15,18.9104716797318,7309
"p346","ssp585","MRI-ESM2-0","2075",0.19,0,0,100,0.1,46,97,81.96,0,0,0,0,19.2707167158363,7310
"p346","ssp585","MRI-ESM2-0","2075",0.34,0.37,0,101,0.1,54,75,76.96,0,0,0,0.15,19.2761674887688,7311
"p346","ssp585","MRI-ESM2-0","2075",0.3,0.47,0,111,0,59,65,89.42,0,0,0.1,0.1,17.7283450913298,7312
"p346","ssp585","MRI-ESM2-0","2075",0.42,0.2,0.5,100,0,53,59,71.98,0,0,0.1,0,17.512831966842,7313
"p346","ssp585","MRI-ESM2-0","2075",0.34,0.63,0,83,0.1,50,57,80.64,0,0,0,0.3,16.9873133876717,7314
"p346","ssp585","MRI-ESM2-0","2075",0.35,0.48,0,94,0.1,59,65,86.18,0,0,0,0.05,17.9615485266846,7315
"p346","ssp585","MRI-ESM2-0","2075",0.36,0.6,0,114,0,46,52,72.84,0,0,0,0.25,18.190597774941,7316
"p346","ssp585","MRI-ESM2-0","2075",0.16,0.44,0,102,0.2,49,68,77.95,0,0,0.1,0.05,18.1842251631007,7317
"p346","ssp585","MRI-ESM2-0","2075",0.33,0.58,0,117,0.1,56,62,85.54,0,0,0,0,18.3198113747527,7318
"p346","ssp585","MRI-ESM2-0","2075",0.67,0.57,0,107,0.1,52,58,82.02,0.1,0,0,0,18.0858566361639,7319
"p346","ssp585","MRI-ESM2-0","2075",0.67,0.39,0,90,0.1,50,76,80.01,0,0,0.2,0,19.2194613076356,7320
"p346","ssp585","MRI-ESM2-0","2075",0.6,0.72,0,109,0,59,65,78.05,0,0,0,0.2,18.8115703671509,7321
"p346","ssp585","MRI-ESM2-0","2075",0.4,0.46,0,102,0.2,71,77,98.79,0,0,0.1,0.25,18.3572751691661,7322
"p346","ssp585","MRI-ESM2-0","2075",0.32,0.6,0,103,0.1,44,50,76.12,0.1,0,0.1,0.05,17.5585046895788,7323
"p346","ssp585","MRI-ESM2-0","2075",0.31,0.52,0,106,0.1,45,51,78.34,0,0,0,0,18.7042272018154,7324
"p346","ssp585","MRI-ESM2-0","2075",0.39,0.53,0,106,0.1,52,58,70.48,0,0,0.3,0.3,18.1152674377923,7325
"p346","ssp585","MRI-ESM2-0","2075",0.22,0.34,0,115,0,51,57,85.2,0,0,0,0.1,19.2558554911502,7326
"p346","ssp585","MRI-ESM2-0","2075",0.38,0.44,0,92,0,65,71,91.03,0,0,0.3,0,18.8659243062605,7327
"p346","ssp585","MRI-ESM2-0","2075",0.4,0.62,0,98,0.3,52,58,81.57,0,0,0,0.15,18.2315760131627,7328
"p346","ssp585","MRI-ESM2-0","2075",0.55,0.63,0,87,0,47,53,77.33,0,0,0,0.05,18.6724224385314,7329
"p346","ssp585","MRI-ESM2-0","2075",0.35,0.45,0,104,0,45,51,76.14,0,0,0.1,0.4,18.0317030078286,7330
"p346","ssp585","MRI-ESM2-0","2075",0.4,0.44,0,98,0.2,47,53,80.09,0.1,0,0,0,17.014749693436,7331
"p346","ssp585","MRI-ESM2-0","2075",0.27,0.39,0,102,0.2,58,64,82.94,0,0,0,0,19.030044529739,7332
"p346","ssp585","MRI-ESM2-0","2075",0.51,0.47,0,109,0.2,70,79,93.77,0,0,0.1,0,18.5096730148088,7333
"p346","ssp585","MRI-ESM2-0","2075",0.48,0.4,0,98,0,52,58,78.96,0,0,0,0.2,18.5961510229509,7334
"p346","ssp585","MRI-ESM2-0","2075",0.31,0.39,0,107,0.15,52,58,81.29,0.3,0,0.1,0,17.124321503563,7335
"p346","ssp585","MRI-ESM2-0","2075",0.54,0.78,0,105,0.1,63,69,87.96,0,0,0,0,18.3353805796415,7336
"p346","ssp585","MRI-ESM2-0","2075",0.46,0.81,0,104,0,76,82,99.91,0,0,0,0.1,17.6880141819517,7337
"p346","ssp585","MRI-ESM2-0","2075",0.32,0.6,0,102,0,44,50,78.12,0,0,0,0,18.107256241993,7338
"p346","ssp585","MRI-ESM2-0","2075",0.34,0.1,0,100,0.3,51,58,83.49,0.1,0,0.1,0.4,17.1520957105287,7339
"p346","ssp585","MRI-ESM2-0","2075",0.42,0.52,0,93,0,48,54,81.41,0,0,0.1,0.05,17.5276024702806,7340
"p346","ssp585","MRI-ESM2-0","2075",0.51,0.75,0,116,0.1,51,57,82.57,0,0,0,0.05,18.0091122982928,7341
"p346","ssp585","MRI-ESM2-0","2075",0.33,0.37,0,106,0,56,62,84.95,0,0,0.1,0.05,18.9192256403899,7342
"p346","ssp585","MRI-ESM2-0","2075",0.31,0.53,0,101,0.2,57,92,90.17,0,0,0,0.05,18.958574988743,7343
"p346","ssp585","MRI-ESM2-0","2075",0.29,0.44,0,108,0.1,58,72,82.01,0,0,0,0.05,18.5102897599078,7344
"p346","ssp585","MRI-ESM2-0","2075",0.3,0.75,0,110,0.15,75,81,96.25,0,0,0.1,0.05,18.2892097393583,7345
"p346","ssp585","MRI-ESM2-0","2075",0.39,0.69,0,113,0.1,54,60,79.86,0,0,0.1,0.1,18.5414798089601,7346
"p346","ssp585","MRI-ESM2-0","2075",0.31,0.58,0,102,0.1,103,109,121.03,0,0,0,0.1,19.9920382160795,7347
"p346","ssp585","MRI-ESM2-0","2075",0.33,0.59,0,87,0,52,58,82.27,0,0,0.2,0.1,17.9497232992243,7348
"p346","ssp585","MRI-ESM2-0","2075",0.55,0.47,0,101,0,62,68,89.85,0,0,0.3,0,18.87958361698,7349
"p346","ssp585","MRI-ESM2-0","2075",0.28,0.18,0.3,95,0,48,91,71.57,0.1,0,0,0,17.9848294348839,7350
"p346","ssp585","MRI-ESM2-0","2075",0.22,0.34,0,94,0.1,50,56,77.61,0,0,0.1,0.25,18.264785544604,7351
"p346","ssp585","MRI-ESM2-0","2075",0.37,0.35,0,111,0,48,54,79.92,0,0,0,0,18.2313876113585,7352
"p346","ssp585","MRI-ESM2-0","2075",0.32,0.2,0.2,104,0.4,56,62,84.91,0,0,0,0.05,18.1944715673869,7353
"p346","ssp585","MRI-ESM2-0","2075",0.35,0.34,0,112,0,54,60,82.91,0,0,0.3,0.15,18.3314578370851,7354
"p346","ssp585","MRI-ESM2-0","2075",0.44,0.22,0,98,0.1,56,62,81.61,0,0,0.3,0.1,18.4836117950891,7355
"p346","ssp585","MRI-ESM2-0","2075",0.27,0.32,0,109,0.4,75,81,94.52,0,0,0.2,0,19.1585940372439,7356
"p346","ssp585","MRI-ESM2-0","2075",0.16,0.33,0,115,0.1,53,62,86.49,0.2,0,0,0.05,18.1654169779034,7357
"p346","ssp585","MRI-ESM2-0","2075",0.14,0.14,0,93,0.2,79,85,99.43,0,0,0,0.05,19.5047995159922,7358
"p346","ssp585","MRI-ESM2-0","2075",0.4,0.39,0,119,0,59,65,85.15,0,0,0,0,18.5819049586829,7359
"p346","ssp585","MRI-ESM2-0","2075",0.19,0.44,0.2,104,0,65,77,89.19,0,0,0,0.05,18.8525713479762,7360
"p346","ssp585","MRI-ESM2-0","2075",0.36,0.36,0,96,0.1,58,74,83.29,0,0,0.3,0.05,17.932714809394,7361
"p346","ssp585","MRI-ESM2-0","2075",0.26,0.21,0,86,0,45,51,75.84,0.1,0,0,0,17.3522038569154,7362
"p346","ssp585","MRI-ESM2-0","2075",0.26,0.33,0,104,0.1,60,66,87.82,0,0,0.3,0.15,18.9483751659532,7363
"p346","ssp585","MRI-ESM2-0","2075",0.29,0.57,0,102,0,45,51,78.05,0,0,0.2,0,18.208205645305,7364
"p346","ssp585","MRI-ESM2-0","2075",0.22,0.4,0,83,0,50,56,86.15,0,0,0.2,0,18.1190820569738,7365
"p346","ssp585","MRI-ESM2-0","2075",0.15,0.71,0,100,0.1,74,80,96.1,0,0,0,0,19.3017578175663,7366
"p346","ssp585","MRI-ESM2-0","2075",0.31,0.25,0.2,96,0.25,62,68,90.49,0,0,0.1,0,18.9532062208261,7367
"p346","ssp585","MRI-ESM2-0","2075",0.36,0.25,0,103,0.1,74,80,99.07,0.1,0,0,0,18.7704105100076,7368
"p346","ssp585","MRI-ESM2-0","2075",0.31,0.61,0,104,0.1,68,74,94.33,0,0,0.1,0.15,18.774471152052,7369
"p346","ssp585","MRI-ESM2-0","2075",0.4,0.66,0,107,0.1,45,54,76.1,0,0,0.1,0.05,17.5310073351562,7370
"p346","ssp585","MRI-ESM2-0","2075",0.15,0.43,0.2,103,0.2,49,55,77.97,0,0,0.2,0,17.9271027213913,7371
"p346","ssp585","MRI-ESM2-0","2075",0.25,0.47,0,103,0.1,58,64,85.56,0,0,0,0,18.250703069172,7372
"p346","ssp585","MRI-ESM2-0","2075",0.14,0.48,0,105,0,77,83,90.15,0,0,0.1,0.1,19.4579741279487,7373
"p346","ssp585","MRI-ESM2-0","2075",0.46,0.46,0,105,0.1,44,50,70.47,0.2,0,0.1,0,16.9260604255632,7374
"p346","ssp585","MRI-ESM2-0","2075",0.32,0.23,0.2,80,0.1,50,56,84.18,0,0,0.1,0,18.0794040081432,7375
"p346","ssp585","MRI-ESM2-0","2075",0.22,0.34,0,89,0.15,51,57,81.4,0.1,0,0,0.15,17.6183067322485,7376
"p346","ssp585","MRI-ESM2-0","2075",0.36,0.27,0,103,0.1,59,65,86.88,0,0,0.1,0.45,18.1050335497441,7377
"p346","ssp585","MRI-ESM2-0","2075",0.23,0.35,0,107,0.1,67,73,94.37,0,0,0.1,0,18.7423299366571,7378
"p346","ssp585","MRI-ESM2-0","2075",0.15,0.5,0,98,0.1,47,53,81.12,0,0,0.2,0,18.9002456653343,7379
"p346","ssp585","MRI-ESM2-0","2075",0.23,0.44,0,105,0,83,89,106.25,0,0,0,0.05,19.1300026055455,7380
"p346","ssp585","MRI-ESM2-0","2075",0.35,0.32,0,113,0,47,74,80.09,0,0,0.1,0,17.6248130725124,7381
"p346","ssp585","MRI-ESM2-0","2075",0.52,0.55,0,104,0,45,65,75.24,0,0,0.1,0,18.8758144272854,7382
"p346","ssp585","MRI-ESM2-0","2075",0.29,0.36,0,106,0.1,46,67,77.25,0,0,0.3,0,17.4695305021111,7383
"p346","ssp585","MRI-ESM2-0","2075",0.11,0.23,0,101,0,90,96,108.5,0,0,0,0.1,19.282084764553,7384
"p346","ssp585","MRI-ESM2-0","2075",0.34,0.56,0,102,0.2,76,83,99.59,0,0,0,0.15,18.8563597887772,7385
"p346","ssp585","MRI-ESM2-0","2075",0.23,0.26,0.2,102,0.1,48,84,79.26,0,0,0.1,0.05,19.7315842058321,7386
"p346","ssp585","MRI-ESM2-0","2075",0.41,0.41,0,99,0.1,71,77,93.43,0,0,0.1,0,18.4046507646564,7387
"p346","ssp585","MRI-ESM2-0","2075",0.42,0.44,0,113,0,50,56,81.54,0,0,0,0.1,18.0498232690273,7388
"p346","ssp585","MRI-ESM2-0","2075",0.34,0.21,0,99,0.1,62,84,91,0,0,0,0,18.2210002837276,7389
"p346","ssp585","MRI-ESM2-0","2075",0.11,0.64,0,99,0.2,48,82,78.46,0,0,0.2,0,19.011958337164,7390
"p346","ssp585","MRI-ESM2-0","2075",0.28,0.45,0,99,0.3,73,79,100.23,0,0,0,0,18.5642821923114,7391
"p346","ssp585","MRI-ESM2-0","2075",0.28,0.36,0,108,0,62,70,87.28,0,0,0.4,0,18.552592833161,7392
"p346","ssp585","MRI-ESM2-0","2075",0.26,0.55,0,104,0,58,73,82.54,0.1,0,0,0.25,17.0996912702236,7393
"p346","ssp585","MRI-ESM2-0","2075",0.24,0.54,0,107,0.1,61,72,92.99,0,0,0.1,0,19.2121696273313,7394
"p346","ssp585","MRI-ESM2-0","2075",0.26,0.44,0,110,0.1,49,55,77.09,0.2,0,0.1,0.05,16.7191426041187,7395
"p346","ssp585","MRI-ESM2-0","2075",0.13,0.4,0.25,99,0,44,63,63.41,0,0,0.1,0,17.6282669036894,7396
"p346","ssp585","MRI-ESM2-0","2075",0.45,0.49,0,96,0.1,54,60,79.64,0,0,0.2,0,17.8552301516417,7397
"p346","ssp585","MRI-ESM2-0","2075",0.37,0.72,0,95,0.1,58,67,87.49,0,0,0,0.2,18.6684992065006,7398
"p346","ssp585","MRI-ESM2-0","2075",0.28,0.61,0,93,0,74,80,101.38,0,0,0.1,0,19.2068963475451,7399
"p346","ssp585","MRI-ESM2-0","2075",0.29,0.45,0,99,0,61,76,90.27,0,0,0.1,0,18.5935844791863,7400
"p346","ssp585","NESM3","2075",0.41,0.61,0,102,0,44,50,65.69,0,0,0,0.3,18.65134821888,7401
"p346","ssp585","NESM3","2075",0.33,0.86,0,108,0,45,51,73.34,0,0,0.1,0.05,18.6930101292434,7402
"p346","ssp585","NESM3","2075",0.49,1,0,114,0.1,47,54,79.24,0,0,0.1,0.15,17.9727744409656,7403
"p346","ssp585","NESM3","2075",0.28,0.86,0,122,0,58,64,80.94,0,0,0.1,0,18.7191269600422,7404
"p346","ssp585","NESM3","2075",0.52,0.61,0,112,0.1,50,56,79.1,0,0,0,0.05,18.4104737148372,7405
"p346","ssp585","NESM3","2075",0.18,1,0,105,0.1,47,53,74.64,0.1,0,0.3,0.35,18.0726403587401,7406
"p346","ssp585","NESM3","2075",0.45,0.93,0,117,0,45,62,77.12,0,0,0.4,0,18.5584628630513,7407
"p346","ssp585","NESM3","2075",0.37,0.64,0,114,0,45,51,71.95,0.1,0,0.2,0.65,18.5722596373458,7408
"p346","ssp585","NESM3","2075",0.39,0.82,0,119,0.1,45,51,79.77,0,0,0.1,0.3,18.9642294332032,7409
"p346","ssp585","NESM3","2075",0.19,0.76,0,115,0,45,51,78.2,0.1,0,0.1,0,16.8304837701553,7410
"p346","ssp585","NESM3","2075",0.34,0.74,0,119,0.1,45,53,66.6,0.1,0,0.2,0.25,18.9902874321493,7411
"p346","ssp585","NESM3","2075",0.31,1,0,118,0,58,64,86.46,0,0,0.2,0.15,18.2909254959315,7412
"p346","ssp585","NESM3","2075",0.42,0.86,0.25,108,0,51,57,66.69,0,0,0.2,0,18.0976397761043,7413
"p346","ssp585","NESM3","2075",0.5,0.93,0,107,0.1,46,52,69.75,0,0,0.2,0.4,17.8736879296519,7414
"p346","ssp585","NESM3","2075",0.37,0.89,0,99,0,49,55,72.51,0,0,0,0.05,18.4362941669584,7415
"p346","ssp585","NESM3","2075",0.37,0.95,0,116,0,45,51,69.23,0,0,0.1,0.25,18.8590772643951,7416
"p346","ssp585","NESM3","2075",0.35,0.83,0,111,0.2,45,51,72.02,0,0,0.1,0.05,18.0179661959298,7417
"p346","ssp585","NESM3","2075",0.33,0.74,0,108,0,47,56,76.16,0,0,0.1,0,18.9110355739742,7418
"p346","ssp585","NESM3","2075",0.72,0.96,0,106,0.1,50,56,77.51,0,0,0.1,0,18.5676501379783,7419
"p346","ssp585","NESM3","2075",0.69,0.66,0,108,0.1,48,54,77.65,0,0,0.4,0,18.5647549119629,7420
"p346","ssp585","NESM3","2075",0.63,0.97,0,113,0,58,64,73.21,0,0,0,0.2,19.2315213734125,7421
"p346","ssp585","NESM3","2075",0.43,0.97,0.2,106,0.1,70,76,92.83,0,0,0.1,0.35,19.0204213413117,7422
"p346","ssp585","NESM3","2075",0.39,0.81,0,106,0,44,50,68.28,0,0,0.1,0.1,18.3732546246996,7423
"p346","ssp585","NESM3","2075",0.34,0.84,0,116,0,44,50,77.74,0,0,0.1,0,19.1701266046159,7424
"p346","ssp585","NESM3","2075",0.44,0.73,0,99,0,48,54,70.69,0,0,0.4,0.3,18.5903132188327,7425
"p346","ssp585","NESM3","2075",0.24,0.78,0,114,0,49,55,79.09,0,0,0,0.15,19.9270407353043,7426
"p346","ssp585","NESM3","2075",0.38,0.67,0,110,0,63,69,93.88,0,0,0.3,0.1,19.3499984101675,7427
"p346","ssp585","NESM3","2075",0.4,0.88,0,104,0.2,46,52,70.08,0,0,0.1,0.3,18.7315913516658,7428
"p346","ssp585","NESM3","2075",0.55,0.79,0,108,0,46,52,75.54,0,0,0,0.1,18.9835116955901,7429
"p346","ssp585","NESM3","2075",0.37,0.92,0,120,0,45,51,74.15,0,0,0.2,0.55,18.8816866872878,7430
"p346","ssp585","NESM3","2075",0.45,0.62,0,115,0,46,52,76.14,0.1,0,0.1,0.05,17.7740737164223,7431
"p346","ssp585","NESM3","2075",0.27,0.59,0,108,0,56,62,85.04,0,0,0,0,19.1368874282888,7432
"p346","ssp585","NESM3","2075",0.53,1,0,111,0.2,55,68,77.61,0,0,0.1,0,18.5117575281667,7433
"p346","ssp585","NESM3","2075",0.5,0.91,0,110,0,51,57,77.1,0,0,0,0.35,19.0386874194698,7434
"p346","ssp585","NESM3","2075",0.36,0.65,0,115,0.15,49,55,77.16,0,0,0.3,0,17.4542713386357,7435
"p346","ssp585","NESM3","2075",0.55,0.87,0,98,0,61,67,87.74,0,0,0,0.05,18.610317181495,7436
"p346","ssp585","NESM3","2075",0.46,1,0.25,114,0,75,81,94.37,0,0,0,0.3,18.3010995490553,7437
"p346","ssp585","NESM3","2075",0.32,0.82,0,101,0,43,49,69.55,0,0,0.1,0.05,19.1378283168773,7438
"p346","ssp585","NESM3","2075",0.37,0.6,0,112,0.1,46,52,72.05,0.1,0,0.1,0.5,17.8614821702841,7439
"p346","ssp585","NESM3","2075",0.49,0.88,0,115,0,46,52,78.15,0,0,0.3,0.1,18.1718252941818,7440
"p346","ssp585","NESM3","2075",0.56,1,0,114,0.1,46,52,69.84,0,0,0,0.1,18.5744813068893,7441
"p346","ssp585","NESM3","2075",0.43,1,0,113,0,52,58,83.64,0,0,0.1,0.05,19.4677402474018,7442
"p346","ssp585","NESM3","2075",0.37,0.87,0,104,0,55,69,84.9,0,0,0.1,0.15,18.3654392662852,7443
"p346","ssp585","NESM3","2075",0.34,0.81,0.2,115,0,56,62,82.34,0,0,0,0.05,18.5978569686606,7444
"p346","ssp585","NESM3","2075",0.34,1,0,113,0,57,72,82.45,0,0,0.4,0.05,18.7859846246839,7445
"p346","ssp585","NESM3","2075",0.4,1,0,115,0.1,48,54,75.43,0,0,0.1,0.25,19.0752761558982,7446
"p346","ssp585","NESM3","2075",0.31,0.76,0,92,0,60,84,88.43,0,0,0,0.1,18.6361971092062,7447
"p346","ssp585","NESM3","2075",0.4,0.8,0,95,0,50,56,80.96,0,0,0.3,0.2,18.5571698954349,7448
"p346","ssp585","NESM3","2075",0.55,0.87,0,115,0,54,63,86.25,0,0,0.3,0,19.2990464213043,7449
"p346","ssp585","NESM3","2075",0.34,0.93,0,111,0,47,53,69.34,0,0,0.1,0,17.1282579727526,7450
"p346","ssp585","NESM3","2075",0.23,0.25,0.4,97,0,45,51,66.75,0,0,0.2,0.25,18.5365125777505,7451
"p346","ssp585","NESM3","2075",0.5,1,0.25,121,0,47,53,76.77,0,0,0.2,0,18.7566099115147,7452
"p346","ssp585","NESM3","2075",0.35,0.75,0.25,111,0.25,51,57,75.39,0,0,0,0.25,18.9791947786055,7453
"p346","ssp585","NESM3","2075",0.36,0.86,0,117,0,46,52,73.09,0,0,0.3,0.3,18.8944285900784,7454
"p346","ssp585","NESM3","2075",0.51,1,0,122,0,53,59,73.88,0,0,0.3,0.3,18.6024063785971,7455
"p346","ssp585","NESM3","2075",0.39,1,0,111,0.4,45,72,74,0,0,0.5,0,19.2809727382041,7456
"p346","ssp585","NESM3","2075",0.16,0.93,0,126,0,46,52,74.34,0.2,0,0.1,0.05,18.6577350187015,7457
"p346","ssp585","NESM3","2075",0.14,0.77,0,106,0.1,47,67,75.75,0,0,0,0.1,19.2670066396949,7458
"p346","ssp585","NESM3","2075",0.45,1,0,118,0,52,58,72.85,0,0,0.3,0,18.7773046446914,7459
"p346","ssp585","NESM3","2075",0.25,0.72,0,108,0,63,69,83.94,0,0,0,0.05,18.7990841305332,7460
"p346","ssp585","NESM3","2075",0.39,0.51,0,106,0,56,62,84.39,0,0,0.3,0.1,18.1376709096661,7461
"p346","ssp585","NESM3","2075",0.26,0.66,0,114,0,44,50,75.7,0.1,0,0,0.05,18.1133136566823,7462
"p346","ssp585","NESM3","2075",0.26,1,0,122,0,58,64,85.18,0,0,0.4,0.45,19.2133764688745,7463
"p346","ssp585","NESM3","2075",0.33,0.9,0,109,0,44,50,77.69,0,0,0.3,0.05,18.666399863252,7464
"p346","ssp585","NESM3","2075",0.28,0.69,0,104,0,48,54,79.45,0,0,0.2,0,18.9714702283023,7465
"p346","ssp585","NESM3","2075",0.15,0.67,0,109,0,74,80,97.1,0,0,0,0.15,19.5049214415646,7466
"p346","ssp585","NESM3","2075",0.31,0.22,0,108,0.1,46,59,73.05,0,0,0.2,0,19.0298792432613,7467
"p346","ssp585","NESM3","2075",0.37,0.81,0,123,0.1,54,65,83.1,0,0,0.1,0,18.7101827967822,7468
"p346","ssp585","NESM3","2075",0.36,0.91,0,112,0,68,74,89.28,0,0,0.2,0.25,19.2037164793829,7469
"p346","ssp585","NESM3","2075",0.45,0.7,0,102,0.1,44,50,72.68,0,0,0.1,0.15,18.266013454192,7470
"p346","ssp585","NESM3","2075",0.2,0.52,0,109,0.2,47,53,74.23,0,0,0.3,0.05,18.7409956753817,7471
"p346","ssp585","NESM3","2075",0.25,0.73,0,121,0.1,57,63,77.03,0,0,0,0,18.8400111718197,7472
"p346","ssp585","NESM3","2075",0.19,1,0,125,0,57,79,75.1,0,0,0.1,0.25,19.5997839050767,7473
"p346","ssp585","NESM3","2075",0.47,0.77,0,116,0,44,50,64.45,0,0,0.2,0,17.6314812143424,7474
"p346","ssp585","NESM3","2075",0.32,0.63,0,110,0.1,48,54,76.7,0,0,0.2,0.15,18.8017312830182,7475
"p346","ssp585","NESM3","2075",0.25,0.76,0,111,0,50,56,83.05,0,0,0,0.2,18.028605480565,7476
"p346","ssp585","NESM3","2075",0.41,0.98,0,119,0,56,62,87.69,0,0,0.2,0.65,18.8602749790625,7477
"p346","ssp585","NESM3","2075",0.31,0.72,0,106,0,54,62,83.02,0,0,0.1,0,19.2047572901948,7478
"p346","ssp585","NESM3","2075",0.15,0.63,0,111,0,45,51,80.63,0,0,0.3,0,19.5440982296631,7479
"p346","ssp585","NESM3","2075",0.23,0.65,0.5,110,0,66,83,87.73,0,0,0.1,0.2,19.3944327172664,7480
"p346","ssp585","NESM3","2075",0.42,0.9,0,129,0,45,51,70.71,0.1,0,0.3,0,17.518012243065,7481
"p346","ssp585","NESM3","2075",0.52,0.95,0,106,0,45,58,69.61,0,0,0.2,0,19.1490657623814,7482
"p346","ssp585","NESM3","2075",0.3,0.81,0,109,0,45,51,76.57,0,0,0.4,0,17.8230186884354,7483
"p346","ssp585","NESM3","2075",0.19,0.66,0,106,0,76,91,95.8,0,0,0.1,0.1,19.3897184878263,7484
"p346","ssp585","NESM3","2075",0.35,0.9,0,106,0,75,81,93.31,0,0,0,0.2,18.9481423451987,7485
"p346","ssp585","NESM3","2075",0.25,0.68,0,109,0.1,46,52,74.48,0,0,0.2,0.1,18.2363978062217,7486
"p346","ssp585","NESM3","2075",0.47,0.65,0,104,0.1,50,69,73.28,0,0,0.2,0,18.75458024539,7487
"p346","ssp585","NESM3","2075",0.48,1,0,123,0,48,54,75.92,0,0,0.1,0.15,18.4761456007813,7488
"p346","ssp585","NESM3","2075",0.34,0.55,0,116,0,61,67,90.58,0,0,0,0,18.0619776009285,7489
"p346","ssp585","NESM3","2075",0.2,0.62,0.2,97,0.2,47,68,75.4,0,0,0.3,0,18.8410983541268,7490
"p346","ssp585","NESM3","2075",0.28,0.5,0,105,0.1,72,78,100.27,0,0,0.1,0,18.8629476144981,7491
"p346","ssp585","NESM3","2075",0.28,0.71,0,120,0,46,59,68.49,0,0,1,0,18.7467564253453,7492
"p346","ssp585","NESM3","2075",0.31,1,0,120,0,57,70,74.04,0.1,0,0,0.25,17.7210129990777,7493
"p346","ssp585","NESM3","2075",0.25,0.82,0,110,0,54,60,87.37,0,0,0.1,0,19.0916303403339,7494
"p346","ssp585","NESM3","2075",0.43,0.95,0,112,0,48,54,70.34,0,0,0.1,0.05,17.3619893512584,7495
"p346","ssp585","NESM3","2075",0.21,0.61,0.2,112,0,44,50,60.42,0,0,0.1,0,17.8710884318589,7496
"p346","ssp585","NESM3","2075",0.51,1,0,107,0,51,57,72.22,0,0,0.3,0,18.4634394425493,7497
"p346","ssp585","NESM3","2075",0.43,1,0.2,111,0.1,53,59,81.25,0,0,0,0.2,19.1442806606857,7498
"p346","ssp585","NESM3","2075",0.31,0.78,0,98,0,50,66,77.93,0,0,0.1,0.1,19.4289608861008,7499
"p346","ssp585","NESM3","2075",0.37,0.63,0,121,0,56,62,83.4,0,0,0.1,0,18.5619700622044,7500
"p346","ssp585","UKESM1-0-LL","2075",0.41,0.63,0,100,0,44,50,50.67,0,0,0,0.7,19.2424651190566,7501
"p346","ssp585","UKESM1-0-LL","2075",0.33,0.94,0,102,0,44,50,71.54,0,0,0.1,0.4,19.4775037608014,7502
"p346","ssp585","UKESM1-0-LL","2075",0.47,1,0,112,0.1,46,52,65.53,0,0.1,0.1,0.75,18.640791873996,7503
"p346","ssp585","UKESM1-0-LL","2075",0.28,0.97,0,119,0,48,54,52.51,0,0,0.1,0.25,18.9952843219145,7504
"p346","ssp585","UKESM1-0-LL","2075",0.52,0.73,0,112,0.1,49,55,64.62,0,0,0,0.65,19.0045343669279,7505
"p346","ssp585","UKESM1-0-LL","2075",0.18,0.89,0,105,0.1,46,52,64.01,0.1,0,0.2,1,18.8155272646715,7506
"p346","ssp585","UKESM1-0-LL","2075",0.45,0.9,0,111,0,44,50,70.7,0,0,0.3,0.2,18.5934598084405,7507
"p346","ssp585","UKESM1-0-LL","2075",0.37,0.75,0,115,0,44,50,54.88,0,0,0.2,1,19.5299728477004,7508
"p346","ssp585","UKESM1-0-LL","2075",0.39,0.77,0,113,0,45,51,62.64,0,0,0.1,1,19.5390414156188,7509
"p346","ssp585","UKESM1-0-LL","2075",0.19,0.78,0,117,0,45,51,62.74,0.1,0,0,0,17.6196830263689,7510
"p346","ssp585","UKESM1-0-LL","2075",0.34,0.47,0,116,0.1,44,50,61.76,0,0,0.2,0.85,19.2350806092077,7511
"p346","ssp585","UKESM1-0-LL","2075",0.31,0.98,0,114,0,56,62,74.18,0,0,0.2,0.6,19.074561622964,7512
"p346","ssp585","UKESM1-0-LL","2075",0.42,0.74,0,96,0,51,57,63.77,0,0,0.2,0,18.8836855509479,7513
"p346","ssp585","UKESM1-0-LL","2075",0.44,1,0,100,0.1,45,51,57.66,0,0,0.2,1,18.8683194571222,7514
"p346","ssp585","UKESM1-0-LL","2075",0.35,0.79,0,98,0,49,55,61.39,0,0,0.1,0.4,19.0379794912986,7515
"p346","ssp585","UKESM1-0-LL","2075",0.36,1,0,115,0,44,50,59.19,0,0,0.1,0.9,19.5365358938833,7516
"p346","ssp585","UKESM1-0-LL","2075",0.28,0.7,0,103,0.2,44,50,62.74,0,0,0.1,0.65,18.9475415826375,7517
"p346","ssp585","UKESM1-0-LL","2075",0.33,0.64,0,98,0,45,51,66.09,0,0,0.1,0.4,19.1307352294477,7518
"p346","ssp585","UKESM1-0-LL","2075",0.69,0.92,0,104,0.1,46,52,54.54,0,0,0,0.6,19.0240824720573,7519
"p346","ssp585","UKESM1-0-LL","2075",0.69,0.62,0,107,0.1,48,54,70.65,0,0,0.3,0.5,19.0332753146211,7520
"p346","ssp585","UKESM1-0-LL","2075",0.6,0.89,0,111,0,57,63,64.72,0,0,0,1,20.0520973459,7521
"p346","ssp585","UKESM1-0-LL","2075",0.43,1,0.25,107,0.1,56,68,68.81,0,0,0.1,1,19.4122501832845,7522
"p346","ssp585","UKESM1-0-LL","2075",0.39,0.64,0,100,0,44,50,46.93,0,0,0.1,0.75,19.0752786783939,7523
"p346","ssp585","UKESM1-0-LL","2075",0.34,0.83,0,114,0,44,50,66.33,0,0,0.1,0.4,19.7048974102625,7524
"p346","ssp585","UKESM1-0-LL","2075",0.44,0.79,0,98,0,48,54,69.47,0,0,0.4,1,19.2490612454828,7525
"p346","ssp585","UKESM1-0-LL","2075",0.24,0.76,0,113,0,48,54,61.53,0,0,0,0.75,20.1802899093575,7526
"p346","ssp585","UKESM1-0-LL","2075",0.38,0.83,0,114,0,61,67,89.73,0,0,0.3,0.65,19.797189828308,7527
"p346","ssp585","UKESM1-0-LL","2075",0.4,0.55,0,100,0.2,46,52,57.51,0,0.1,0.1,0.9,19.5230046190291,7528
"p346","ssp585","UKESM1-0-LL","2075",0.55,0.61,0,100,0,45,51,67.62,0,0,0,0.4,19.5008525474714,7529
"p346","ssp585","UKESM1-0-LL","2075",0.37,1,0,119,0,44,50,68.78,0,0.2,0.1,1,19.4399264444941,7530
"p346","ssp585","UKESM1-0-LL","2075",0.45,0.56,0,112,0,45,51,55.96,0,0,0.1,0.1,18.4676169831057,7531
"p346","ssp585","UKESM1-0-LL","2075",0.27,0.62,0,102,0,55,61,80.74,0,0.1,0,0.35,19.7865521338688,7532
"p346","ssp585","UKESM1-0-LL","2075",0.53,1,0,112,0.2,53,59,71.1,0,0,0,0,18.9094378603377,7533
"p346","ssp585","UKESM1-0-LL","2075",0.49,0.78,0,102,0,50,56,69,0,0,0,1,19.6786324471769,7534
"p346","ssp585","UKESM1-0-LL","2075",0.36,0.84,0,116,0.15,48,54,61.01,0,0,0.3,0.85,18.2634400936395,7535
"p346","ssp585","UKESM1-0-LL","2075",0.55,0.77,0,92,0,60,66,82.34,0,0,0,0.25,19.1567947016146,7536
"p346","ssp585","UKESM1-0-LL","2075",0.46,0.8,0.25,108,0,46,72,57.98,0,0.1,0,0.8,18.8260258304623,7537
"p346","ssp585","UKESM1-0-LL","2075",0.32,0.87,0,98,0,43,49,51.46,0,0,0.1,0.5,19.5681709457291,7538
"p346","ssp585","UKESM1-0-LL","2075",0.36,0.59,0,103,0.1,46,52,61.14,0.1,0,0.1,1,18.3558237045695,7539
"p346","ssp585","UKESM1-0-LL","2075",0.43,0.74,0,108,0,46,52,61.69,0,0,0.3,0.75,18.4771626572257,7540
"p346","ssp585","UKESM1-0-LL","2075",0.56,1,0,113,0,45,51,47.52,0,0,0,0.65,19.2417313550932,7541
"p346","ssp585","UKESM1-0-LL","2075",0.38,1,0,110,0,51,57,78.11,0,0.1,0.1,0.2,19.8692766016947,7542
"p346","ssp585","UKESM1-0-LL","2075",0.36,0.84,0,98,0,55,67,70.55,0,0,0.1,1,18.9083424806987,7543
"p346","ssp585","UKESM1-0-LL","2075",0.34,0.84,0.2,114,0,55,61,76.47,0,0,0,0.35,19.3906624597108,7544
"p346","ssp585","UKESM1-0-LL","2075",0.3,0.74,0,103,0,53,59,66.97,0,0,0.3,0.4,18.8974642409036,7545
"p346","ssp585","UKESM1-0-LL","2075",0.4,0.95,0,108,0.1,48,54,65.53,0,0,0.1,0.85,19.7444363769285,7546
"p346","ssp585","UKESM1-0-LL","2075",0.31,0.63,0,89,0,57,63,80.24,0,0,0.1,0.4,18.4036542094391,7547
"p346","ssp585","UKESM1-0-LL","2075",0.38,0.8,0,95,0,49,55,77.93,0,0,0.2,1,19.3059678417407,7548
"p346","ssp585","UKESM1-0-LL","2075",0.55,0.86,0,112,0,52,58,84.43,0,0,0.4,0.7,19.7451075423113,7549
"p346","ssp585","UKESM1-0-LL","2075",0.29,0.83,0.3,106,0,46,52,63.41,0,0,0.1,0.4,17.8265418690215,7550
"p346","ssp585","UKESM1-0-LL","2075",0.23,0.25,0.4,97,0,44,50,53.06,0,0.1,0.2,1,19.0088798555518,7551
"p346","ssp585","UKESM1-0-LL","2075",0.43,0.93,0.25,118,0,47,53,61.86,0,0,0.2,0.15,19.3155935772292,7552
"p346","ssp585","UKESM1-0-LL","2075",0.32,0.8,0.25,112,0.1,50,56,59.78,0,0,0,0.7,19.3731564065331,7553
"p346","ssp585","UKESM1-0-LL","2075",0.36,0.75,0,115,0,45,51,61.05,0,0,0.2,0.95,19.3357854081904,7554
"p346","ssp585","UKESM1-0-LL","2075",0.49,1,0,118,0,51,57,66.33,0,0.1,0.2,0.9,19.2216990652798,7555
"p346","ssp585","UKESM1-0-LL","2075",0.27,0.98,0,108,0.4,44,50,59.36,0,0,0.3,0.2,17.9850934404158,7556
"p346","ssp585","UKESM1-0-LL","2075",0.16,0.83,0,123,0,46,52,61.05,0,0,0,0.7,19.5741714595467,7557
"p346","ssp585","UKESM1-0-LL","2075",0.14,0.9,0,104,0.1,46,63,70.85,0,0.1,0,0.45,19.6876048125933,7558
"p346","ssp585","UKESM1-0-LL","2075",0.4,1,0,116,0,51,57,56.39,0,0,0,0.6,19.2150422604032,7559
"p346","ssp585","UKESM1-0-LL","2075",0.25,0.76,0,108,0,48,61,55.43,0,0,0,0.75,19.4656094152346,7560
"p346","ssp585","UKESM1-0-LL","2075",0.37,0.5,0,100,0,54,60,79.31,0,0,0.3,0.5,18.69741284543,7561
"p346","ssp585","UKESM1-0-LL","2075",0.26,0.66,0,113,0,44,50,72.48,0.1,0,0,0.6,18.8721571128427,7562
"p346","ssp585","UKESM1-0-LL","2075",0.26,1,0,121,0,58,64,70.56,0,0,0.3,0.7,19.9342607222998,7563
"p346","ssp585","UKESM1-0-LL","2075",0.33,0.75,0,101,0,44,50,61.8,0,0.1,0.4,0.7,19.2504439778054,7564
"p346","ssp585","UKESM1-0-LL","2075",0.25,0.73,0,102,0,46,52,62.37,0,0,0.2,0.5,19.5524675023581,7565
"p346","ssp585","UKESM1-0-LL","2075",0.21,0.57,0,105,0,63,69,82.13,0,0,0,0.9,19.3777748743935,7566
"p346","ssp585","UKESM1-0-LL","2075",0.31,0.42,0,107,0,46,52,44.81,0,0,0,0.35,19.3612763396232,7567
"p346","ssp585","UKESM1-0-LL","2075",0.37,0.62,0,116,0.1,54,60,68.42,0,0.1,0.1,0.25,19.1137599961786,7568
"p346","ssp585","UKESM1-0-LL","2075",0.36,0.58,0,102,0,66,72,67.4,0,0,0,1,19.7397519852505,7569
"p346","ssp585","UKESM1-0-LL","2075",0.45,0.9,0,102,0,43,49,61.92,0,0,0.1,0.8,18.7224782132855,7570
"p346","ssp585","UKESM1-0-LL","2075",0.2,0.52,0.2,109,0.2,47,53,67.16,0,0,0.1,0.45,19.075078489134,7571
"p346","ssp585","UKESM1-0-LL","2075",0.25,0.86,0,118,0.1,55,61,46.23,0,0,0,0.3,19.2770965256028,7572
"p346","ssp585","UKESM1-0-LL","2075",0.19,1,0,116,0,51,57,64.22,0,0,0.2,0.85,18.7070978355247,7573
"p346","ssp585","UKESM1-0-LL","2075",0.46,0.81,0,117,0,44,50,53.88,0,0.1,0.1,0.1,18.2753472790909,7574
"p346","ssp585","UKESM1-0-LL","2075",0.32,0.68,0,106,0.1,46,52,56.03,0,0,0.4,0.25,19.5372724236669,7575
"p346","ssp585","UKESM1-0-LL","2075",0.25,0.78,0,110,0,49,55,81.07,0,0,0,0.65,18.6792796970734,7576
"p346","ssp585","UKESM1-0-LL","2075",0.41,1,0,118,0.1,54,60,80.06,0,0.1,0.2,1,19.7783322887734,7577
"p346","ssp585","UKESM1-0-LL","2075",0.28,0.81,0,106,0,53,59,69.86,0,0,0,0.15,19.7338882988774,7578
"p346","ssp585","UKESM1-0-LL","2075",0.15,0.77,0,108,0,45,51,64.1,0,0,0.2,0.4,20.0551383148947,7579
"p346","ssp585","UKESM1-0-LL","2075",0.23,0.78,0.25,109,0,64,70,65.36,0,0.1,0.3,0.55,19.0822806388497,7580
"p346","ssp585","UKESM1-0-LL","2075",0.35,0.94,0,129,0,44,50,51.37,0,0,0.2,0.1,18.2063508310847,7581
"p346","ssp585","UKESM1-0-LL","2075",0.52,1,0,106,0,44,54,51.93,0,0,0.2,0.1,19.3436748518204,7582
"p346","ssp585","UKESM1-0-LL","2075",0.29,0.98,0,107,0,45,51,69.7,0,0,0.3,0.15,18.5709205594519,7583
"p346","ssp585","UKESM1-0-LL","2075",0.2,0.46,0,107,0,46,72,61.76,0,0,0,0.85,18.7533041078871,7584
"p346","ssp585","UKESM1-0-LL","2075",0.35,0.89,0,108,0.1,61,74,67.04,0,0,0,0.6,19.4992250587187,7585
"p346","ssp585","UKESM1-0-LL","2075",0.25,0.33,0,102,0.1,45,51,65.24,0,0,0.2,0.85,18.713927555938,7586
"p346","ssp585","UKESM1-0-LL","2075",0.42,0.63,0.2,103,0.1,49,55,62.39,0,0,0.3,0.35,18.9093885095459,7587
"p346","ssp585","UKESM1-0-LL","2075",0.42,1,0,120,0,47,53,65.09,0,0,0.1,0.65,19.2949366352477,7588
"p346","ssp585","UKESM1-0-LL","2075",0.34,0.47,0,116,0,61,67,82.77,0,0,0,0.05,18.8627477498938,7589
"p346","ssp585","UKESM1-0-LL","2075",0.19,0.62,0.2,95,0.1,46,52,63.66,0,0,0.2,0.1,18.5847610281142,7590
"p346","ssp585","UKESM1-0-LL","2075",0.28,0.63,0,106,0,47,58,73.73,0,0,0.1,0,18.7799175493159,7591
"p346","ssp585","UKESM1-0-LL","2075",0.28,0.76,0,114,0,44,57,50.85,0,0,0.6,0.35,19.4472347937551,7592
"p346","ssp585","UKESM1-0-LL","2075",0.26,1,0,119,0,56,62,61.38,0,0,0,1,18.2739459470374,7593
"p346","ssp585","UKESM1-0-LL","2075",0.24,0.78,0,104,0.1,47,55,68.81,0,0,0.1,0.25,19.4259716968563,7594
"p346","ssp585","UKESM1-0-LL","2075",0.33,1,0.25,110,0,47,53,57.19,0,0,0.1,0.55,18.3457863553514,7595
"p346","ssp585","UKESM1-0-LL","2075",0.21,0.58,0,111,0,44,50,53.91,0,0,0.1,0,18.5550681989716,7596
"p346","ssp585","UKESM1-0-LL","2075",0.51,0.84,0,105,0,47,53,59.48,0,0,0.2,0.35,19.0064420340791,7597
"p346","ssp585","UKESM1-0-LL","2075",0.37,0.9,0.2,106,0.1,52,58,69.28,0,0,0,0.95,19.5490319680625,7598
"p346","ssp585","UKESM1-0-LL","2075",0.31,0.79,0,98,0,49,56,62.28,0,0,0,0.5,19.2713275664357,7599
"p346","ssp585","UKESM1-0-LL","2075",0.32,0.65,0,114,0,56,62,63.41,0,0,0.1,0.15,19.2964709899403,7600
